Generation:
500

Phenotype:
skill1 = uniform([13, 15.1], 1); 
skill2 = skill2 + 27 * 2; 
p1wins = bern(0.6);
skill2 = uniform([8, 12.3], 1) + 5;;

Genotype:
[348, 483, 102, 274, 447, 467, 294, 369, 144, 328, 195, 48, 169, 473, 329, 27, 157, 135, 291, 395, 32, 36, 314, 115, 304, 427, 336, 334, 473, 187, 384, 164, 192, 395, 56, 36, 483, 102, 274, 350, 72, 467, 294, 154, 144, 5, 195, 48, 402, 334, 473, 187, 395, 135, 192, 395, 427, 336, 304, 36, 314, 144, 314, 144, 304, 427, 336, 334, 473, 187, 390, 254, 192, 395, 212, 36, 334, 427, 336, 73, 377, 312, 244, 176, 217, 2, 419, 405, 82, 186, 35, 111, 480, 293, 222, 2, 317, 345, 128, 140, 41, 379, 297, 404, 60, 408, 253, 209]
Tree:
None
Fitness on 5000 data:
-6.485166336983062

Fitness:
-6.061859362586461