Generation:
500

Phenotype:
mu = sigma + uniform([10, 17.1], 1);
x = uniform([25, 2], 3)  - 4  * gm([4, 0.8, 1.1]);
if sigma != 21 { 
   sigma = gm([8.5, 1.9, 1]); 
 } else { 
   sigma = 15  * uniform([2, 4], 2);
  x = 8  * uniform([10, 1.1], 1);
  x = 6 * 3;
  sigma = 4  * mu + 28;
  x = sigma + gm([3, 19.5, 27], [28, 10, 19.5]);
  x = 4  * gm([11, 19, 4]); 
 } end if;

Genotype:
[59, 274, 402, 481, 444, 232, 465, 387, 379, 129, 419, 134, 93, 203, 477, 304, 242, 410, 290, 149, 318, 290, 149, 254, 235, 98, 430, 35, 154, 400, 154, 314, 277, 0, 385, 33, 435, 387, 141, 377, 166, 100, 325, 362, 57, 74, 182, 238, 462, 462, 484, 444, 19, 163, 472, 127, 497, 143, 166, 1, 379, 140, 56, 484, 33, 100, 325, 362, 374, 274, 444, 481, 444, 320, 413, 387, 379, 473, 419, 134, 393, 187, 477, 304, 236, 410, 290, 149, 318, 290, 149, 130, 344, 427, 430, 35, 154, 400, 154, 314, 219, 0, 182, 238, 462, 462, 74, 182, 238, 462, 462, 484, 444, 19, 163, 472, 127, 497, 143, 166, 74, 182, 238, 462, 462, 484, 444, 19, 143, 166, 498, 238, 462, 56, 399, 412, 128, 226, 242, 410, 290, 484, 484, 430, 35, 154, 400, 154, 314, 277, 0, 385, 33, 435, 0, 19, 258, 439, 163, 435, 263, 141, 377, 166, 100, 334, 142, 495, 481, 484, 444, 10, 400, 154, 314, 277, 0, 385, 33, 435, 387, 141, 377, 166, 149, 318, 290, 149, 462, 35, 163, 400, 154, 314, 277, 0, 439, 163, 435, 387, 141, 377, 166, 100, 325, 362, 57, 74, 182, 238, 462, 462, 484, 444, 10, 444, 481, 465, 303, 211, 11, 468, 277, 0, 19, 163, 405, 127, 497, 143, 329, 498, 384, 128, 330, 213, 189, 242, 362, 57, 74, 182, 238, 462, 462, 484, 444, 10, 120, 481, 465, 303, 211, 188, 468, 277, 0, 19, 163, 405, 483, 318, 154, 279, 154, 314, 277, 0, 439, 163, 435, 387, 141, 143, 166, 100, 325, 362, 57, 74, 182, 238, 462, 462, 484, 444, 10, 444, 481, 465, 303, 304, 242, 343, 290, 149, 318, 290, 149, 215, 235, 484, 13, 35, 154, 230, 154, 314, 277, 0, 323, 163, 342, 127, 141, 143, 166, 100, 325, 139, 57, 266, 188, 238]
Tree:
None
Fitness on 5000 data:
-6.9755078396056485

Fitness:
-6.854766749821314