Generation:
500

Phenotype:
preplevel = gm([0.9, 0, 0], [0.2, 1, 0], [0.1, 2, 0]); 
  if damage >= 3 { 
       damage = 0 + 4; 
 } else { 
       if damage == 1 { 
             damage = 1; 
       } else { 
             damage = gm([0.3, 0, 0], [0.7, 1, 0]); 
       } end if; 
 } end if;

Genotype:
[396, 258, 184, 377, 225, 332, 262, 468, 151, 482, 248, 111, 142, 128, 225, 209, 215, 143, 14, 386, 141, 234, 76, 368, 357, 456, 378, 4, 151, 482, 92, 141, 482, 208, 66, 427, 128, 131, 482, 208, 423, 427, 482, 208, 423, 427, 128, 131, 276, 141, 304, 345, 141, 60, 425, 99, 38, 296, 83, 489, 216, 65, 235, 55, 77, 86, 255, 87, 15, 380]
Tree:
None
Fitness on 5000 data:
-1.995313606813323

Fitness:
-1.461161911632986