Generation:
500

Phenotype:
skill1 = 3  * skill1 + 29  * bern(0.7); 
skill2 = p1wins + uniform([16, 9], 1); 
p1wins = 3  * gm([26, 13.6, 2]) + 19  * skill2;
p1wins = bern(0.3);
skill1 = 2  * uniform([14, 8], 4)  - gm([18, 13.6, 2.4]);;

Genotype:
[97, 367, 22, 282, 316, 300, 52, 370, 231, 366, 250, 225, 44, 485, 348, 178, 109, 46, 494, 188, 97, 91, 34, 385, 424, 330, 367, 115, 137, 50, 142, 188, 247, 81, 212, 274, 2, 120, 453, 467, 120, 453, 467, 272, 378, 424, 361, 138, 440, 424, 467, 370, 231, 188, 97, 91, 75, 393, 424, 330, 235, 115, 137, 50, 39, 188, 120, 354, 330, 112, 115, 81, 263, 239, 244, 137, 50, 39, 188, 453, 11, 448, 274, 2, 120, 354, 467, 272, 378, 424, 237, 138, 247, 460, 470, 125, 90, 412, 425, 377, 369, 135, 330, 455, 115, 81, 263, 239, 244, 137, 50, 39, 188, 453, 11, 448, 274, 2, 120, 354, 467, 272, 378, 424, 237, 138, 247, 460, 470, 125, 90, 412, 425, 377, 369, 135, 8, 95, 40, 295, 204, 272, 422, 107, 35, 272, 446, 81, 314, 341, 411, 133, 65, 150, 398, 390]
Tree:
None
Fitness on 5000 data:
-6.831015534596418

Fitness:
-6.364512098416035