Generation:
500

Phenotype:
u = uniform([14, 10.6], 1)  - 20; 
v = uniform([11, 6], 2)  - uniform([0, 6], 2); 
if 22 * gm([25.9, 10, 0]) <= 14 { 
  if w != 23 { 
    w = gm([29, 6, 2], [14, 6, 2]);
   } else { 
     w =  3  * v; 
   } end if;
 } else { 
   w =  21  * uniform([0, 6], 3) + 4; 
 } end if;

Genotype:
[86, 80, 306, 274, 262, 113, 289, 131, 284, 230, 324, 237, 188, 231, 330, 42, 106, 383, 173, 414, 290, 372, 228, 428, 301, 339, 462, 125, 425, 237, 430, 69, 242, 80, 66, 289, 46, 217, 493, 355, 372, 422, 269, 426, 279, 462, 389, 465, 430, 432, 242, 378, 412, 312, 174, 10, 45, 364, 378, 412, 312, 174, 10, 406, 388, 289, 493, 355, 52, 422, 341, 262, 113, 242, 80, 70, 221, 230, 324, 237, 188, 231, 330, 42, 412, 312, 174, 10, 113, 289, 131, 308, 230, 324, 236, 188, 231, 330, 42, 131, 284, 230, 324, 237, 188, 231, 330, 42, 106, 383, 173, 414, 444, 372, 228, 428, 301, 285, 462, 125, 425, 237, 430, 69, 242, 80, 66, 289, 46, 217, 493, 355, 372, 330, 42, 106, 383, 173, 414, 290, 493, 355, 372, 230, 324, 237, 188, 231, 330, 42, 106, 383, 173, 434, 262, 113, 131, 284, 230, 324, 237, 188, 185, 345, 173, 412, 312, 4, 10, 406, 355, 130, 462, 341, 426, 279, 462, 389, 465, 430, 426, 279, 492, 389, 465, 430, 83, 242, 378, 412, 312, 4, 10, 406, 347, 370, 355, 185, 345, 173, 252, 290, 465, 430, 83, 242, 378, 412, 312, 316, 10, 406, 83, 242, 378, 412, 312, 316, 10, 406, 347, 281, 345, 173, 252, 179, 465, 430, 462, 389, 425, 465, 430, 6, 242, 16, 222, 345, 173, 252, 179, 465, 430, 83, 242, 378, 306, 274, 262, 105, 289, 487, 271, 230, 144, 56, 87, 33, 462, 389, 425, 462, 430, 83, 242, 16, 56, 289, 46, 217, 268, 383, 3, 414, 290, 372, 343, 341, 324, 173, 252, 290, 465, 214, 421, 361, 241, 458, 373, 333, 214, 495, 361]
Tree:
None
Fitness on 5000 data:
-6.743283009387983

Fitness:
-6.287180371562854