Generation:
500

Phenotype:
a = uniform([21, 7.8], 1)  - 25; 
if b != 24 { 
  b = gm([24.7, 8, 0.7], [7.1, 5.4, 6]); 
 } else { 
  b = 29  * gm([20, 14.8, 30]); 
 } end if;

Genotype:
[340, 221, 483, 314, 207, 299, 100, 376, 360, 278, 390, 118, 82, 187, 479, 241, 222, 402, 82, 187, 479, 241, 240, 442, 442, 483, 341, 222, 198, 429, 131, 387, 493, 129, 39, 82, 440, 390, 118, 494, 211, 118, 82, 82, 187, 479, 241, 222, 402, 82, 187, 479, 241, 222, 442, 442, 483, 341, 222, 198, 429, 131, 387, 493, 129, 39, 82, 440, 390, 118, 494, 211, 118, 82, 187, 222, 402, 198, 442, 131, 126, 223, 129, 39, 82, 422, 390, 361, 229, 111, 143, 84, 135, 171, 187, 119, 374, 187, 111, 223, 222, 402, 442, 483, 99, 100, 126, 127, 341, 278, 95, 408, 38, 399, 476, 247, 486, 370, 222, 402, 442, 483, 99, 341, 278, 473, 197, 137, 127, 382, 480, 442, 483, 99, 100, 126, 127, 341, 222, 198, 341, 390, 118, 368, 187, 479, 241, 222, 402, 127, 483, 99, 97, 118, 442, 483, 99, 100, 126, 127, 341, 39, 343, 81, 294, 450, 149, 318, 355, 272, 177, 374, 187, 111, 223, 84, 419, 442, 317, 50, 418, 397, 156, 18, 115, 260, 164, 490, 124, 396, 272, 135, 372, 114, 17, 221, 366, 304, 123, 292, 23, 260, 172, 224, 38, 34, 92, 42, 130, 370, 302, 51, 490, 23, 22, 2, 408, 182, 260, 477, 363, 366, 182, 277, 171, 475, 297]
Tree:
None
Fitness on 5000 data:
-5.141029825657249

Fitness:
-4.47832452305828