Generation:
500

Phenotype:
contentDifficulty = 17  * gm([14.2, 6, 16.8], [20, 11.9, 22.9])  - 13;
contentDifficulty = 6  * bern(0.6)  - 6  * bern(0.5);
contentDifficulty = uniform([18, 22.9], 2)  - 2;
questionsAfterLectureLength = gm([2, 10, 7]);;

Genotype:
[98, 449, 492, 168, 172, 251, 94, 172, 157, 107, 99, 231, 352, 244, 99, 355, 481, 484, 266, 436, 299, 351, 414, 359, 311, 146, 35, 473, 38, 199, 334, 212, 209, 480, 251, 94, 99, 231, 275, 244, 99, 355, 481, 484, 266, 436, 299, 351, 414, 359, 311, 146, 224, 473, 59, 466, 436, 396, 56, 233, 19, 147, 246, 273, 170, 440, 2, 466, 444, 332, 38, 184, 436, 396, 56, 233, 19, 147, 246, 273, 170, 170, 425, 110, 88, 455, 41, 240, 445, 373, 386, 309, 421, 354, 291, 109, 338, 273, 170, 266, 10, 188, 351, 420, 19, 147, 246, 273, 170, 425, 110, 88, 455, 41, 240, 445, 373, 347, 309, 421, 354, 291, 109, 338, 401]
Tree:
None
Fitness on 5000 data:
-6.7392898451817675

Fitness:
-6.422943652129862