Generation:
500

Phenotype:
u = 8  * v + 6 * 29;
v = 6;
u = gm([29.2, 27, 8], [19.4, 7, 17.9]) + 10 * 17;
u = 20 + bern(0.7);
w = v;
w = 2  - 18  * w;
u = bern(0.3);
v = gm([29, 11, 2], [0, 17.3, 8]);
if u==1 { 
  if v > 12 { 
    w = gm([1,12.,2.]);
   } else { 
    w = gm([1,6.,2.]); 
   } end if;
 } else { 
  w = gm([1,6.,2.]); 
 } end if;

Genotype:
[490, 272, 280, 189, 408, 280, 187, 442, 476, 244, 254, 163, 254, 153, 41, 20, 435, 163, 420, 476, 254, 254, 194, 312, 48, 48, 454, 372, 33, 17, 209, 246, 442, 476, 244, 254, 163, 254, 153, 50, 372, 338, 441, 163, 420, 476, 254, 441, 103, 420, 476, 254, 254, 69, 418, 254, 66, 20, 441, 163, 420, 476, 254, 254, 194, 312, 48, 280, 124, 197, 442, 418, 254, 254, 194, 312, 33, 280, 297, 212, 197, 254, 254, 254, 132, 246, 426, 135, 308, 297, 500, 406, 499, 48, 372, 285, 17, 132, 246, 444, 135, 194, 312, 48, 454, 372, 33, 17, 209, 246, 442, 476, 244, 254, 163, 254, 153, 50, 372, 338, 441, 163, 420, 476, 254, 441, 103, 420, 476, 254, 254, 69, 418, 254, 66, 20, 441, 163, 420, 476, 254, 254, 194, 312, 48, 280, 297, 197, 442, 418, 254, 254, 194, 312, 33, 280, 297, 212, 197, 254, 254, 254, 132, 246, 426, 135, 308, 297, 500, 406, 499, 181, 372, 285, 17, 132, 246, 444, 135, 194, 312, 111, 297, 212, 197, 254, 254, 254, 132, 246, 444, 135, 308, 297, 500, 406, 499, 48, 372, 285, 17, 132, 246, 444, 135, 194, 312, 422, 391, 250, 170, 66, 93, 194, 312, 66, 20, 435, 163, 456, 332, 297, 400, 197, 200, 422, 391, 250, 170, 66, 20, 435, 163, 456, 332, 297, 400, 197, 200, 331, 99, 57, 276, 84, 371, 355, 192, 294, 317, 338, 490, 456, 332, 297, 400, 197, 200, 254, 254, 57, 104, 412, 372, 482, 445, 251, 255, 51, 350, 264, 73, 385, 371, 355, 192, 294, 317, 338, 111, 48, 280, 297, 400, 197, 254, 254, 254, 57, 157, 412, 372, 482, 445, 251, 255, 51, 350, 264, 73, 385, 157, 387, 153, 128, 498, 257, 49, 400, 431, 157, 110, 422, 381, 431, 255, 333, 434, 153, 100, 355, 338, 100, 48, 181, 263, 200, 406, 16, 43, 71, 106, 264, 317, 296, 359, 135, 350, 119, 334, 318, 417, 60, 89]
Tree:
None
Fitness on 5000 data:
-4.918195678982393

Fitness:
-4.66087493652384