Generation:
500

Phenotype:
earthquake = 0 + earthquake; 
  burglary = 0; 
    if bern(0.1) <= 0 { 
        if bern(0.1) <= 1 { 
              alarm = johncalls; 
        } else { 
              alarm = bern(0.2) + bern(0.9); 
        } end if; 
  } else { 
        if bern(0.8) + bern(0.9) + bern(0.3) < 0 { 
              alarm = johncalls; 
        } else { 
              alarm = 0 + earthquake; 
        } end if; 
  } end if; 
    if burglary != 1 { 
        johncalls = burglary  - 0; 
  } else { 
        johncalls = bern(0.9)  - 0; 
  } end if;

Genotype:
[384, 223, 67, 226, 332, 296, 1, 36, 493, 224, 417, 72, 45, 144, 129, 128, 257, 202, 487, 9, 57, 175, 342, 240, 288, 371, 67, 498, 235, 271, 426, 365, 224, 417, 497, 45, 223, 365, 311, 35, 312, 197, 488, 272, 244, 12, 244, 146, 371, 67, 367, 354, 412, 108, 341, 426, 276, 391, 323, 293, 488, 180, 332, 393, 226, 332, 296, 129, 350, 303, 202, 487, 9, 231, 478, 80, 112, 223, 365, 408, 35, 312, 197, 488, 75, 244, 12, 244, 146, 44, 344, 230, 154, 249, 12, 38, 489, 175, 342, 240, 288, 334, 261, 231, 79, 108, 365, 29, 393, 253, 377, 96, 186, 231, 478, 80, 112, 223, 83, 379, 267, 166, 194, 183, 479, 171, 273, 9, 128, 381, 269, 479, 372, 2, 126, 127, 88, 386, 175, 113, 412, 237, 317, 73, 144, 159, 412, 12, 471, 107, 276, 400, 189, 433, 42, 294, 44, 461, 314, 221, 378, 94, 148, 319, 35, 227, 187, 451, 53, 402, 361, 217, 493, 47, 69, 206]
Tree:
None
Fitness on 5000 data:
-inf

Fitness:
0.0