Generation:
500

Phenotype:
skill1 = uniform([12, 16.1], 1)  - skill1; 
skill2 = uniform([12, 16.1], 1)  - cond;
p1wins = 16 * 27 + 16 * 29;
cond = 29  * uniform([29, 0.3], 2)  - 29 * 10;
p1wins = 16  * gm([16.2, 11, 11], [3, 9.1, 28]); 
if skill2 + 22 * bern(0.4) + p1wins <= 16 { 
  p1wins = 1;
 } else { 
   p1wins = 0; 
 } end if;

Genotype:
[368, 191, 408, 306, 353, 359, 419, 432, 268, 90, 476, 84, 482, 408, 306, 353, 359, 419, 432, 320, 90, 476, 19, 482, 154, 308, 202, 277, 47, 403, 47, 306, 353, 359, 419, 432, 320, 90, 476, 19, 482, 154, 308, 202, 277, 47, 403, 47, 353, 359, 419, 432, 320, 90, 476, 133, 482, 468, 409, 202, 277, 47, 403, 47, 271, 248, 11, 440, 290, 388, 218, 220, 267, 195, 198, 320, 90, 267, 349, 198, 248, 277, 47, 403, 487, 271, 84, 482, 154, 308, 202, 277, 47, 403, 440, 290, 388, 218, 220, 267, 195, 198, 248, 419, 432, 320, 90, 476, 133, 482, 468, 349, 198, 248, 277, 47, 403, 487, 271, 84, 482, 408, 306, 353, 359, 419, 432, 320, 90, 476, 19, 482, 154, 308, 202, 277, 17, 47, 403, 487, 271, 84, 482, 408, 306, 353, 359, 419, 432, 320, 90, 476, 19, 482, 154, 308, 202, 277, 47, 403, 47, 353, 359, 419, 432, 320, 90, 476, 133, 482, 468, 409, 202, 277, 47, 403, 47, 271, 248, 11, 440, 290, 388, 241, 220, 267, 195, 248, 2, 207, 235, 225, 200, 258, 47, 271, 23, 62, 441, 419, 432, 320, 90, 476, 391, 37, 18, 409, 202, 277, 47, 258, 47, 271, 248, 11, 440, 195, 430, 248, 2, 388, 235, 225, 270, 258, 47, 271, 23, 62, 441, 103, 199, 305, 90, 476, 139, 258, 47, 271, 453, 62, 441, 79, 199, 463, 90, 476, 139, 167, 172, 205, 17, 375, 184, 490, 112, 397, 220, 306, 201, 408, 463, 413, 430, 2, 380, 235, 225, 200, 258, 47, 271, 23, 62, 441, 103, 199, 148, 476, 412, 318, 18, 201, 316, 221, 139, 167, 328, 205, 185, 388, 218, 410, 220, 293, 201, 408, 306, 271, 359, 456, 140, 306, 90, 476, 434, 178, 18, 409, 202, 277, 47, 100, 47, 429, 92, 11, 442, 457, 235, 457, 388, 218, 220, 267, 195, 430, 248, 2, 207, 235, 225, 200, 258, 47, 271, 23, 62, 441, 103, 199, 305, 90, 476, 139, 167, 172, 205, 185, 375, 184, 490, 112, 397, 220, 306, 201, 408, 463, 195, 430, 152, 477, 207, 235, 225, 200, 258, 47, 38, 23, 62, 441, 103, 90, 476, 434, 37, 18, 409, 202, 277, 47, 100, 47, 429, 92, 11, 442, 457, 235, 218, 220, 267, 195, 430, 197, 2, 202, 277, 47, 258, 47, 199, 148, 18, 201, 316, 221, 139, 167, 328, 205, 388, 218, 220, 267, 195, 430, 248, 2, 207, 235, 225, 200, 371, 254, 106, 278, 66, 118, 295, 30, 350, 330, 112, 194, 480, 29, 134, 412, 426, 297, 228, 246, 161, 190, 438, 497, 352, 245, 243, 281, 54, 157, 406, 316, 50]
Tree:
None
Fitness on 5000 data:
-6.186703717814267

Fitness:
-5.815032675129495