Generation:
500

Phenotype:
skill1 = uniform([11, 13.4], 1);
skill2 = uniform([12, 14.3], 1);
if skill1-skill2 > 0 { 
  p1wins = 1.0;
 } else { 
   p1wins = 0.0; 
 } end if;

Genotype:
[464, 191, 386, 397, 108, 384, 24, 274, 352, 297, 261, 273, 24, 42, 414, 232, 262, 42, 414, 50, 384, 191, 262, 254, 24, 274, 195, 352, 266, 84, 254, 144, 115, 122, 118, 474, 274, 352, 95, 423, 24, 266, 49, 414, 232, 192, 23, 191, 332, 254, 88, 384, 24, 464, 352, 297, 261, 273, 24, 84, 246, 232, 378, 42, 414, 50, 384, 191, 262, 254, 24, 274, 195, 465, 423, 24, 266, 84, 254, 207, 221, 474, 453, 95, 108, 122, 118, 148, 462, 192, 23, 483, 336, 305, 396, 236, 207, 370, 485, 178, 73, 209, 386, 352, 435, 136, 404, 146, 346, 440, 67, 169, 307, 337, 492, 259, 365, 460, 468, 440, 312, 105, 117, 398, 148, 462, 192, 23, 483, 336, 305, 396, 236, 207, 370, 485, 178, 178, 73, 31, 386, 352, 435, 136, 404, 146, 346, 440, 67, 169, 307, 337, 492, 259, 365, 460, 468, 440, 312, 105, 117, 398, 148, 462, 192, 23, 483, 336, 305, 396, 236, 207, 370, 485, 178, 73, 209, 386, 352, 441, 136, 404, 146, 346, 440, 67, 169, 307, 337, 492, 259, 365, 303, 77, 286, 455, 401, 202, 459]
Tree:
None
Fitness on 5000 data:
-6.154031452001426

Fitness:
-5.668327462297004