Generation:
500

Phenotype:
a = 3  * uniform([1, 2], 1)  - 5;
b = 3  * uniform([4, 1], 4)  - 1  * gm([9, 12, 3.6], [21, 8.9, 11]);
b = a + gm([1, 2, 9.3], [25.3, 2.8, 5.3], [9, 5.2, 3.1]);;

Genotype:
[495, 461, 60, 350, 252, 470, 91, 3, 329, 156, 88, 325, 348, 389, 12, 377, 422, 356, 102, 417, 470, 91, 3, 329, 252, 314, 378, 111, 172, 466, 364, 59, 12, 350, 314, 74, 91, 3, 329, 156, 88, 362, 233, 256, 422, 356, 197, 417, 132, 339, 5, 280, 378, 111, 172, 117, 364, 407, 356, 249, 166, 312, 75, 412, 164, 353, 65, 335, 371, 387, 33, 151, 45, 222, 425, 376, 138, 102, 417, 470, 91, 3, 344, 252, 422, 356, 197, 417, 132, 339, 5, 280, 378, 111, 172, 117, 364, 407, 356, 249, 227, 312, 75, 412, 164, 353, 33, 292, 353, 65, 215, 288, 387, 33, 263, 45, 222, 24, 376, 138, 334, 233, 33, 292, 45, 222, 24, 314, 470, 273, 3, 329, 156, 98, 362, 233, 389, 12, 377, 329, 156, 88, 362, 233, 88, 362, 233, 256, 422, 356, 197, 417, 132, 339, 5, 280, 378, 111, 172, 189, 364, 389, 109, 249, 227, 425, 75, 215, 288, 387, 33, 263, 45, 222, 24, 376, 138, 475, 494, 315, 207, 436, 89, 155, 28, 261, 369, 147, 85, 20, 342, 353, 65, 215, 288, 387, 151, 65, 20, 334, 115, 184, 371, 248, 300, 457, 45, 222, 24, 376, 138, 111, 437, 45, 222, 24, 376, 138, 475, 177, 487, 252, 131, 122, 291, 240, 331, 5, 270, 401, 141, 72, 496, 89, 18, 4, 442, 261, 102, 364, 105, 425, 303, 64, 22, 9, 65, 81, 116, 273, 75, 310, 8, 17, 474, 396, 198, 419, 431]
Tree:
None
Fitness on 5000 data:
-4.958768573982146

Fitness:
-4.874912019559855