Generation:
500

Phenotype:
earthquake = 0; 
  burglary = alarm; 
    if bern(0.6) <= 0 { 
        if bern(0.1) >= 0 { 
              alarm = 1  - 1; 
        } else { 
              alarm = 0 + 0; 
        } end if; 
  } else { 
        if bern(0.7) + bern(0.7) > 0 { 
              alarm = 0; 
        } else { 
              alarm = alarm; 
        } end if; 
  } end if; 
    if bern(0.6) <= 1 { 
        johncalls = 0  - 0; 
  } else { 
        johncalls = 0  - bern(0.9); 
  } end if;

Genotype:
[187, 315, 93, 392, 57, 462, 192, 374, 293, 24, 167, 482, 65, 464, 305, 422, 293, 36, 38, 170, 470, 83, 351, 325, 195, 112, 409, 162, 93, 322, 57, 85, 445, 258, 162, 93, 96, 431, 68, 162, 93, 392, 57, 462, 192, 374, 451, 24, 33, 482, 437, 63, 284, 305, 422, 293, 496, 5, 363, 464, 356, 305, 422, 293, 112, 16, 65, 464, 305, 422, 5, 314, 230, 306, 181, 409, 445, 68, 397, 93, 293, 112, 16, 5, 230, 306, 181, 373, 445, 68, 162, 260, 392, 355, 462, 192, 374, 451, 451, 24, 167, 482, 38, 170, 482, 476, 63, 284, 307, 379, 59, 378, 344, 318, 366, 468, 357, 28, 38, 462, 192, 41, 451, 5, 230, 306, 181, 409, 112, 16, 5, 230, 306, 181, 409, 392, 57, 462, 192, 374, 451, 24, 167, 482, 65, 464, 305, 81, 293, 433, 5, 314, 68, 162, 93, 392, 57, 462, 192, 374, 451, 24, 33, 162, 365, 392, 451, 24, 167, 62, 278, 24, 366, 468, 303, 28, 186, 170, 470, 83, 351, 325, 195, 112, 409, 124, 51, 269, 438, 89, 499, 276]
Tree:
None
Fitness on 5000 data:
-inf

Fitness:
2.2204460492503128e-16