Generation:
500

Phenotype:
x = gm([25.4, 22, 4])  - 0;
mu = gm([16, 18.9, 4], [3, 2, 28.3], [27.6, 19, 2]);
sigma = gm([15, 2.1, 1]);

Genotype:
[92, 275, 286, 136, 212, 17, 48, 85, 312, 139, 242, 66, 316, 84, 244, 221, 359, 32, 0, 212, 274, 6, 375, 54, 312, 211, 319, 126, 47, 21, 483, 224, 94, 407, 27, 136, 375, 58, 126, 85, 59, 335, 370, 221, 27, 302, 244, 143, 432, 219, 423, 12, 302, 412, 195, 495, 136, 156, 274, 108, 293, 312, 423, 122, 94, 195, 495, 136, 156, 274, 108, 293, 312, 423, 122, 94, 316, 84, 244, 221, 359, 32, 0, 212, 274, 6, 286, 322, 212, 467, 312, 139, 70, 136, 244, 143, 432, 0, 212, 274, 180, 375, 54, 312, 211, 319, 126, 47, 21, 378, 224, 94, 407, 27, 136, 375, 58, 126, 85, 445, 335]
Tree:
None
Fitness on 5000 data:
-6.956060942500411

Fitness:
-6.640140680255009