Generation:
500

Phenotype:
alarm = burglary  - 0;
earthquake = bern(0.3)  - 0;
burglary = burglary  - 0;
burglary = 0  - johncalls;
johncalls = burglary + burglary;
earthquake = 0 + 0;

Genotype:
[486, 238, 266, 428, 262, 323, 292, 498, 428, 461, 498, 482, 228, 381, 266, 428, 367, 56, 219, 442, 298, 492, 196, 112, 350, 306, 496, 488, 341, 436, 488, 60, 176, 68, 325, 448, 336, 250, 31, 1, 112, 350, 299, 496, 488, 60, 176, 68, 422, 448, 336, 348, 31, 1, 388, 445, 36, 15, 194, 133, 429, 453, 330, 237, 83, 326, 112, 63, 467, 47, 168, 278, 319, 172, 396, 198, 180, 436, 112, 350, 341, 496, 488, 60, 176, 68, 325, 448, 336, 348, 31, 1, 246, 320, 392, 161, 286, 112, 350, 128, 226, 98, 420, 54, 323, 268, 168, 498, 329, 45, 8, 98, 497, 486, 299, 435, 185, 39, 226, 209, 385, 188, 19, 458, 500, 126, 364, 128, 158, 331, 367, 71, 25, 432, 325, 328, 94]
Tree:
None
Fitness on 5000 data:
-inf

Fitness:
0.0