Generation:
500

Phenotype:
a = 17 * 17 + 5  * uniform([29, 1], 1); 
b = uniform([2, 17.4], 2)  - 8; 
a = 7;
a = 17  - 19  * gm([27.2, 15, 0]);
a = uniform([18, 7], 1)  - 21;;

Genotype:
[190, 472, 194, 97, 234, 327, 181, 284, 428, 277, 176, 207, 360, 101, 357, 380, 219, 97, 234, 57, 181, 284, 98, 256, 491, 134, 343, 140, 108, 311, 402, 472, 440, 158, 471, 476, 158, 41, 494, 451, 442, 81, 469, 102, 151, 182, 415, 416, 108, 454, 31, 297, 60, 15, 324, 344, 168, 455, 297, 296, 15, 324, 344, 168, 455, 494, 27, 442, 101, 469, 102, 286, 182, 415, 416, 322, 454, 31, 297, 296, 15, 12, 344, 234, 10, 181, 284, 98, 256, 493, 276, 343, 140, 432, 311, 402, 472, 440, 158, 471, 476, 158, 41, 494, 27, 442, 101, 469, 102, 286, 182, 415, 416, 322, 454, 31, 297, 296, 15, 324, 344, 168, 455, 298, 437, 168, 234, 380, 97, 234, 481, 181, 284, 301, 256, 397, 276, 343, 140, 432, 166, 448, 297, 466, 15, 12, 375, 234, 327, 181, 284, 98, 256, 491, 276, 343, 140, 432, 38, 402, 472, 476, 158, 406, 470, 375, 442, 101, 469, 102, 286, 182, 415, 416, 322, 454, 31, 297, 296, 374, 12, 344, 168, 197, 298, 437, 168, 234, 352, 387, 284, 454, 256, 204, 248, 343, 397, 488, 176, 419, 335, 179, 169, 118, 299, 488, 176, 419, 335, 179, 169, 118, 299, 448, 284, 454, 256, 491, 248, 343, 140, 204, 45, 402, 494, 50, 158, 430, 393, 176, 102, 335, 179, 169, 468, 301, 217, 251, 261, 262, 287, 309, 320, 306, 4, 230, 128, 337, 241, 368, 221, 269, 276, 402, 472, 476, 158, 41, 470, 375, 442, 101, 469, 102, 286, 182, 415, 374, 12, 344, 168, 197, 298, 437, 454, 31, 297, 296, 374, 12, 344, 168, 197, 298, 437, 168, 234, 352, 387, 284, 454, 256, 204, 248, 343, 140, 432, 45, 402, 168, 476, 32, 41, 470, 375, 194, 342, 179, 447, 309, 74, 102, 166, 477, 407, 284, 45, 397, 488, 176, 419, 335, 179, 169, 118, 299, 448, 284, 454, 256, 491, 248, 343, 140, 204, 45, 402, 494, 50, 158, 430, 393, 176, 102, 335, 179, 169, 468, 301, 217, 251, 261, 262, 287, 309, 320, 306, 4, 230, 128, 337, 241, 368, 221, 269, 405, 488, 176, 419, 335, 179, 169, 118, 299, 448, 284, 454, 256, 491, 248, 343, 140, 204, 45, 402, 494, 50, 158, 430, 393, 176, 102, 335, 179, 169, 468, 301, 217, 251, 261, 262, 287, 309, 320, 306, 4, 230, 128, 337, 241, 368, 221, 269, 405, 424, 308, 226, 60, 207, 450, 164, 391, 317, 374, 173, 142, 442, 207, 376, 155, 228, 402, 87, 287, 396, 287, 321, 147, 44, 190, 269, 177, 284, 480, 111, 4, 52, 422, 414, 498, 71, 269, 273, 74, 411, 72, 272, 168, 408, 441, 295, 468, 428, 173, 330, 42, 259, 494, 317, 347, 411, 191, 102, 128, 499, 224, 45]
Tree:
None
Fitness on 5000 data:
-5.516427157396411

Fitness:
-4.725814748508136