Generation:
500

Phenotype:
earthquake = burglary  - 0; 
  burglary = 0  - 0; 
    if bern(0.6) <= 0 { 
        if alarm <= 0 { 
              alarm = 1  - 1; 
        } else { 
              alarm = 1 + 1; 
        } end if; 
  } else { 
        if earthquake == 1 { 
              alarm = 1  - 0; 
        } else { 
              alarm = bern(0.1); 
        } end if; 
  } end if; 
    if bern(0.5) + bern(0.1) + bern(0.6) >= 0 { 
        johncalls = burglary; 
  } else { 
        johncalls = 0  - bern(0.1); 
  } end if;

Genotype:
[343, 500, 212, 500, 212, 127, 162, 332, 83, 2, 433, 284, 233, 210, 435, 347, 37, 136, 423, 136, 402, 466, 345, 268, 173, 219, 101, 473, 423, 262, 465, 233, 369, 121, 388, 37, 264, 233, 173, 365, 311, 483, 182, 6, 2, 433, 0, 233, 135, 257, 175, 323, 327, 117, 344, 343, 428, 402, 466, 345, 234, 364, 24, 224, 465, 380, 52, 127, 162, 332, 293, 233, 173, 365, 311, 113, 182, 393, 2, 433, 284, 233, 135, 257, 175, 173, 219, 213, 38, 301, 4, 320, 78, 428, 162, 332, 293, 144, 299, 230, 261, 142, 386, 172, 195, 362, 272, 196, 434, 339, 37, 264, 233, 173, 365, 311, 113, 182, 393, 2, 433, 284, 233, 135, 257, 175, 323, 327, 117, 344, 343, 428, 80, 109, 210, 435, 347, 37, 136, 423, 136, 402, 466, 345, 268, 173, 219, 213, 473, 423, 262, 465, 91, 369, 121, 388, 331, 314, 372, 227, 232, 418, 308, 127, 371, 134, 323, 327, 117, 344, 343, 428, 80, 109, 210, 435, 347, 23, 366, 362, 190, 30, 47, 79, 328, 466, 345, 352, 243, 412, 218, 121, 388, 331, 314, 372, 227, 232, 418, 308, 127, 58, 84, 107, 476, 277, 166, 485, 302, 311, 109, 403, 127, 282, 174, 450, 118, 351, 359, 336, 402, 89, 263, 107, 272, 397, 163, 384, 23, 88, 368, 381, 392, 98, 282, 408, 101, 247, 360, 475, 209, 143, 164, 97, 321, 280, 387, 226, 23, 22, 371, 487, 105, 48, 361, 77, 221, 445, 73, 83, 298, 150, 139, 368, 168, 98, 426, 9, 175, 460, 34, 89, 92, 159, 393]
Tree:
None
Fitness on 5000 data:
-inf

Fitness:
-0.06187540371808741