Generation:
500

Phenotype:
skill1 = uniform([30, 12.9], 1)  - 17;
skill2 = 3  * uniform([28, 12.9], 1)  - 17;
skill2 = 3  * uniform([2, 4], 3) + bern(0.9);
p1wins = 7 * 13  - gm([5, 20, 16]);
skill2 = uniform([30, 12.8], 1)  - 17;
if skill1-skill2 > 0 { 
  p1wins = 1.0;
 } else { 
   p1wins = 0.0; 
 } end if;

Genotype:
[102, 254, 360, 373, 474, 344, 96, 374, 123, 171, 353, 98, 432, 470, 474, 327, 434, 182, 372, 220, 338, 208, 344, 374, 90, 171, 353, 98, 432, 470, 338, 327, 434, 202, 372, 220, 382, 208, 344, 234, 374, 330, 327, 434, 354, 327, 152, 353, 70, 432, 470, 17, 434, 255, 472, 13, 444, 353, 98, 432, 470, 338, 330, 434, 202, 372, 220, 382, 208, 344, 234, 374, 123, 171, 353, 70, 432, 470, 330, 327, 434, 202, 372, 220, 382, 208, 344, 234, 374, 123, 171, 353, 70, 432, 470, 330, 327, 434, 354, 327, 152, 353, 70, 432, 470, 17, 43, 255, 79, 13, 171, 353, 98, 432, 470, 330, 327, 434, 474, 374, 75, 374, 365, 43, 443, 372, 474, 374, 365, 43, 255, 79, 131, 171, 353, 471, 307, 381, 261, 370, 226, 326, 39, 218, 288, 312, 125, 157, 255, 227]
Tree:
None
Fitness on 5000 data:
-5.937564428796344

Fitness:
-5.460977930149692