Generation:
500

Phenotype:
mu = mu;
sigma = uniform([0, 4], 3)  - 22  * mu;
mu = 20 * 12  - uniform([9, 4], 3);
mu = 8  * uniform([0, 1], 1) + gm([23, 13.8, 2]);
 x = sigma * gm([1,1,1]);
x = x + mu;

Genotype:
[276, 434, 312, 455, 231, 72, 309, 384, 174, 82, 488, 436, 448, 434, 312, 455, 279, 72, 309, 94, 25, 22, 108, 390, 184, 160, 312, 260, 260, 301, 51, 12, 192, 488, 443, 290, 336, 246, 78, 356, 337, 6, 190, 409, 39, 143, 0, 260, 279, 264, 36, 337, 6, 240, 426, 39, 230, 376, 136, 219, 52, 242, 436, 407, 490, 363, 200, 305, 492, 471, 237, 318, 153, 24, 471, 360, 58, 131, 82, 165, 480, 407, 74, 211, 190, 409, 9, 219, 295, 379, 337, 210, 398, 305, 24, 330, 237, 318, 153, 369, 76, 483, 180, 331, 91, 311, 77, 111, 244, 342, 108, 439, 60]
Tree:
None
Fitness on 5000 data:
-6.576826015771113

Fitness:
-5.946567579565693