Generation:
500

Phenotype:
a = 20  * b + 12  * gm([29.2, 16, 21.4], [27, 23, 27], [20, 22, 26.3]); 
b = 21  * b + gm([12, 6, 5.5]); 
a = gm([22, 25.7, 0.9])  - uniform([23, 5], 1);;

Genotype:
[193, 58, 4, 51, 387, 79, 307, 415, 181, 255, 305, 122, 109, 292, 16, 85, 269, 174, 345, 426, 244, 436, 178, 136, 244, 308, 4, 51, 162, 270, 37, 243, 74, 391, 31, 269, 174, 345, 426, 244, 436, 178, 136, 270, 37, 161, 222, 175, 297, 316, 357, 130, 380, 222, 436, 260, 82, 270, 37, 366, 231, 391, 31, 269, 174, 125, 426, 212, 436, 84, 260, 82, 270, 37, 366, 445, 391, 31, 269, 51, 136, 270, 37, 161, 222, 175, 297, 248, 357, 130, 380, 222, 436, 260, 82, 270, 391, 31, 305, 174, 345, 426, 244, 436, 178, 136, 270, 37, 161, 222, 175, 297, 248, 357, 130, 380, 138, 436, 260, 82, 270, 37, 366, 231, 391, 31, 269, 174, 125, 426, 270, 316, 357, 130, 380, 222, 436, 95, 82, 270, 37, 366, 231, 391, 31, 269, 174, 125, 426, 17, 436, 178, 136, 269, 174, 345, 426, 363, 436, 178, 136, 270, 37, 161, 222, 175, 297, 248, 357, 341, 380, 222, 436, 260, 411, 113, 162, 373, 191, 490, 281, 255, 305, 122, 109, 292, 27, 125, 426, 244, 308, 4, 51, 387, 270, 37, 366, 74, 391, 284, 480, 215, 262, 172, 235, 366, 53, 498, 122, 477, 415, 181, 116, 305, 109, 292, 411, 113, 162, 373, 191, 490, 281, 50, 45, 354, 284, 480, 215, 262, 172, 441, 366, 74, 391, 31, 446, 481, 334, 50, 45, 354, 284, 480, 498, 310, 36, 184, 200, 164, 409, 307, 219, 281, 310, 36, 191, 490, 281, 50, 45, 354, 284, 480, 204, 45, 354, 284, 480, 498, 310, 36, 184, 200, 164, 409, 307, 219, 281, 310, 36, 191, 490, 281, 50, 45, 354, 284, 480, 204, 258, 172, 441, 366, 213, 390, 180, 224, 411, 187, 101, 195, 57, 210, 251, 432, 445, 37, 467, 72, 393, 136, 274, 329, 164, 237, 464, 190, 400, 167, 284, 355, 228, 54, 194, 179, 20, 401, 477, 317, 1, 424, 336, 299, 267, 87, 41, 427, 125, 378, 119, 107, 176, 166, 42, 69, 35, 459, 303, 19, 64, 141, 243, 264, 495, 419, 52, 326, 176, 13, 448, 352, 236, 142, 43, 82, 346, 174, 457, 123, 386, 214, 306, 32, 133, 342, 346, 225, 165, 84, 369, 289, 28, 486, 229, 150, 90, 23, 276, 494, 204, 367, 483, 435, 222, 73, 320, 270, 4, 462, 486, 73, 470, 244, 453, 426, 400, 467, 334, 221, 96, 182, 207, 190, 239, 486, 73, 189, 192, 359, 64, 130, 107, 5, 180, 146, 403, 121, 25, 194, 179, 133, 471, 29, 15, 357, 394, 400, 396]
Tree:
None
Fitness on 5000 data:
-5.438594138954745

Fitness:
-5.006214958222645