Generation:
500

Phenotype:
skill2 = 9  * uniform([1, 2], 1)  - 8  * skill2;
p1wins = bern(0.4);
skill1 = 4  * p1wins + gm([1.7, 17, 4]);;

Genotype:
[483, 469, 472, 11, 100, 398, 253, 474, 350, 466, 144, 397, 92, 163, 349, 476, 475, 76, 338, 494, 474, 444, 167, 3, 174, 16, 438, 339, 214, 217, 35, 96, 407, 459, 357, 16, 71, 125, 411, 126, 358, 414, 407, 459, 357, 16, 291, 339, 28, 126, 358, 414, 500, 467, 173, 341, 25, 228, 31, 388, 338, 232, 10, 321, 18, 418, 245, 298, 432, 374, 446, 15, 337, 133, 314, 286, 38, 140, 236, 344, 99, 480, 239, 69, 335, 18, 265, 18, 93, 232, 427, 152, 247, 286, 241, 115, 84]
Tree:
None
Fitness on 5000 data:
-6.359985184644234

Fitness:
-6.1481498612291325