Generation:
500

Phenotype:
skill1 = 9; 
skill2 = uniform([13, 9.5], 1) + gm([20, 2, 5.6]);
skill1 = gm([2, 24, 4])  - 3; 
if 6 * p1wins + uniform([13, 23.4], 2) + 6 * p1wins + gm([8.5, 25.6, 9.9], [18, 14.7, 10.4], [0.4, 5, 2], [27, 8.7, 14.6], [18, 8, 23.7], [18, 9, 15.6]) < 25 { 
  p1wins = 1;
 } else { 
   p1wins = 0; 
 } end if;

Genotype:
[175, 90, 167, 98, 40, 403, 102, 494, 75, 309, 9, 301, 116, 366, 469, 460, 308, 299, 34, 374, 69, 98, 275, 459, 132, 286, 224, 383, 45, 17, 126, 330, 64, 452, 303, 76, 159, 419, 320, 34, 149, 451, 217, 471, 356, 34, 403, 102, 494, 75, 477, 178, 192, 149, 451, 217, 471, 356, 34, 22, 324, 233, 141, 287, 287, 382, 141, 397, 392, 213, 102, 494, 299, 64, 452, 303, 76, 159, 419, 320, 192, 65, 451, 217, 471, 356, 67, 34, 374, 69, 98, 275, 459, 132, 123, 389, 14, 149, 459, 132, 111, 52, 132, 45, 457, 132, 330, 64, 452, 30, 40, 13, 325, 320, 192, 149, 327, 217, 471, 291, 34, 372, 162, 233, 141, 475, 187, 470, 394, 14, 408, 86, 364, 226, 456, 123, 389, 14, 408, 86, 364, 226, 456, 123, 389, 135, 177, 270, 313, 6, 450, 422, 41, 256, 173, 90, 258, 326, 323, 231, 186, 139, 488, 214, 482, 457, 218, 56, 493, 254, 10, 59, 455]
Tree:
None
Fitness on 5000 data:
-6.338914472304724

Fitness:
-5.995300152550912