Generation:
500

Phenotype:
mu = gm([18, 18.3, 20]) + 15 * 22;
mu = 15  * uniform([18, 1.5], 3);
sigma = 2  - gm([1, 1.4, 2.1]);
mu = gm([15.8, 20.9, 2.4]);
 x = sigma * gm([1,1,1]);
x = x + mu;

Genotype:
[213, 286, 120, 98, 372, 157, 405, 34, 306, 486, 80, 157, 111, 200, 306, 454, 482, 403, 46, 394, 444, 488, 204, 444, 394, 170, 98, 80, 55, 125, 31, 474, 488, 204, 444, 394, 170, 98, 372, 157, 405, 34, 306, 486, 32, 201, 125, 66, 405, 343, 306, 486, 80, 157, 405, 300, 306, 454, 482, 403, 46, 394, 299, 113, 80, 157, 405, 30, 306, 486, 482, 201, 125, 157, 405, 125, 31, 113, 80, 157, 405, 34, 306, 172, 165, 7, 182, 73, 358, 265, 324, 7, 98, 236, 150, 26, 79, 189, 330, 48, 107, 387, 242, 394, 137, 349, 435, 64, 4, 174, 295, 142, 390, 336, 171, 211, 277, 9]
Tree:
None
Fitness on 5000 data:
-6.924903306690121

Fitness:
-6.370288500581098