Generation:
500

Phenotype:
earthquake = 1  - 1; 
  burglary = johncalls  - alarm; 
    if bern(0.1) > 0 { 
        if johncalls <= 0 { 
              alarm = earthquake; 
        } else { 
              alarm = johncalls + 1; 
        } end if; 
  } else { 
        if alarm == 0 { 
              alarm = 0; 
        } else { 
              alarm = 1; 
        } end if; 
  } end if; 
    if burglary != 1 { 
        johncalls = earthquake; 
  } else { 
        johncalls = burglary + 0; 
  } end if;

Genotype:
[72, 242, 89, 393, 425, 43, 2, 474, 108, 87, 238, 48, 58, 103, 454, 3, 99, 143, 304, 61, 330, 364, 495, 313, 72, 252, 368, 334, 297, 109, 452, 0, 439, 467, 85, 48, 58, 108, 454, 3, 99, 454, 3, 99, 143, 304, 236, 189, 59, 252, 368, 334, 297, 109, 452, 266, 408, 103, 454, 3, 99, 75, 314, 72, 252, 192, 58, 290, 58, 103, 454, 3, 99, 109, 452, 266, 408, 48, 13, 188, 130, 449, 42, 498, 406, 89, 395, 425, 147, 455, 75, 479, 72, 252, 192, 58, 290, 58, 103, 454, 3, 99, 143, 304, 369, 435, 292, 128, 256, 446, 419, 41, 1, 154, 435, 292, 128, 428, 446, 419, 41, 1, 439, 467, 351, 223, 313, 181, 494, 61, 329, 23, 376, 165, 326, 483, 318, 420, 159, 299, 270, 278, 330, 413, 495, 313, 310, 168, 252, 175, 439, 340, 456, 107, 66, 294, 238, 171, 24, 284, 333, 1, 115, 80, 116, 259, 374, 277, 294, 438, 436, 409, 224, 426, 184]
Tree:
None
Fitness on 5000 data:
-inf

Fitness:
0.0