Generation:
500

Phenotype:
skill1 = 3  * gm([1.2, 7.2, 1])  - bern(0.3); 
skill2 = 28 * 18  - 17  * uniform([1, 15.1], 1);
skill2 = gm([16, 20.9, 3]); 
if 2 * gm([27.4, 13.3, 1], [23.6, 1.2, 16.2]) + 13 * bern(0.8) <= 2 { 
  p1wins = 1;
 } else { 
   p1wins = 0; 
 } end if;

Genotype:
[193, 50, 37, 499, 177, 6, 137, 435, 316, 113, 131, 262, 160, 497, 75, 451, 488, 167, 335, 49, 245, 111, 16, 79, 478, 342, 437, 232, 270, 344, 231, 72, 426, 245, 192, 60, 65, 314, 452, 481, 201, 454, 323, 258, 437, 475, 151, 265, 2, 441, 37, 499, 151, 48, 137, 137, 380, 160, 497, 222, 451, 488, 167, 335, 435, 316, 113, 109, 262, 160, 497, 75, 475, 151, 157, 2, 441, 37, 111, 16, 79, 478, 342, 437, 232, 270, 344, 231, 72, 137, 435, 316, 113, 131, 262, 160, 497, 75, 451, 488, 167, 335, 49, 245, 238, 16, 475, 238, 113, 131, 262, 160, 497, 231, 451, 488, 167, 335, 49, 245, 111, 16, 79, 478, 342, 437, 232, 137, 160, 497, 222, 451, 488, 167, 335, 49, 245, 111, 16, 79, 478, 342, 437, 232, 270, 344, 231, 72, 426, 245, 192, 258, 437, 475, 151, 37, 499, 151, 48, 272, 137, 435, 316, 113, 37, 499, 261, 261, 314, 137, 29, 204, 113, 131, 126, 22, 94, 236, 170, 211, 371, 313, 439, 314, 113, 37, 261, 48, 137, 29, 204, 232, 435, 316, 113, 131, 262, 160, 497, 222, 142, 488, 167, 335, 49, 245, 111, 16, 79, 478, 475, 151, 204, 113, 47, 222, 451, 488, 167, 335, 49, 6, 137, 184, 202, 182, 207, 495, 377, 435, 128, 211, 27, 8, 64, 413, 355, 373, 12, 467, 99, 393, 148, 36, 397, 251, 327, 409]
Tree:
None
Fitness on 5000 data:
-6.233957742416546

Fitness:
-5.8279060815564465