Generation:
500

Phenotype:
johncalls = earthquake;
burglary = burglary  - alarm;
alarm = earthquake  - alarm;
earthquake = 0;

Genotype:
[249, 326, 408, 94, 391, 408, 296, 28, 413, 450, 377, 236, 104, 290, 152, 52, 370, 156, 342, 85, 280, 24, 26, 482, 306, 410, 97, 216, 156, 290, 152, 366, 46, 121, 402, 341, 46, 139, 107, 390, 159, 103, 237, 322, 119, 67, 156, 290, 152, 101, 369, 9, 474, 388, 402, 264, 9, 97, 216, 156, 290, 77, 381, 264, 52, 168, 152, 280, 450, 52, 168, 164, 285, 362, 204, 238, 90, 199, 288, 341, 46, 139, 107, 390, 159, 103, 237, 322, 119, 67, 410, 467, 475, 387, 412, 129, 54, 231, 264, 293, 104, 100, 331, 407, 18, 282, 478, 219, 124, 34, 273, 303, 101, 495, 477, 119, 329, 423, 68, 364, 436, 91, 338, 335, 161, 122, 443, 172, 197, 220, 102, 293, 462, 323, 352, 212, 134, 281, 467, 423, 103, 114, 406, 149, 473, 131, 340, 146, 335, 228, 448, 372, 371, 110, 373, 72, 93, 351, 433, 365, 109, 148, 65, 100, 456, 434, 304, 204, 456, 303, 372, 248, 116, 231, 136, 487, 150, 127, 478, 344, 479, 6, 274, 319, 19, 259, 477, 170, 364, 427, 121, 338, 444, 13, 213, 292, 483, 185, 489, 149, 18, 219, 180]
Tree:
None
Fitness on 5000 data:
-inf

Fitness:
0.0