Generation:
500

Phenotype:
skill1 = gm([21.6, 22, 5]);
skill2 = 24 + 21  * p1wins;
skill2 = gm([7.4, 17, 2], [2.6, 12, 10.9]) + uniform([3, 1.4], 3);
p1wins = 1  * bern(0.4)  - p1wins;;

Genotype:
[34, 445, 454, 294, 219, 468, 30, 157, 236, 473, 83, 68, 362, 394, 58, 5, 322, 366, 154, 499, 41, 210, 148, 247, 21, 316, 14, 23, 0, 237, 205, 475, 366, 349, 71, 315, 7, 111, 28, 451, 492, 467, 332, 473, 219, 68, 82, 43, 361, 227, 494, 366, 426, 499, 41, 311, 93, 430, 21, 224, 415, 17, 191, 157, 311, 71, 66, 45, 492, 467, 496, 473, 297, 68, 82, 394, 361, 291, 23, 366, 426, 499, 41, 311, 410, 351, 21, 316, 415, 17, 127, 157, 311, 71, 66, 330, 441, 361, 183, 398, 482, 81, 482, 276, 161, 131, 223, 157, 202, 189, 158, 275, 205, 267, 390, 101, 468, 30, 361, 236, 88, 66, 330, 441, 361, 183, 398, 482, 81, 482, 276, 161, 131, 223, 157, 202, 189, 158, 275, 205, 267, 390, 101, 468, 481, 0, 138, 140, 332, 347, 7, 330, 197, 266, 143, 250, 179, 484]
Tree:
None
Fitness on 5000 data:
-6.577122436626544

Fitness:
-6.229518087193789