Generation:
500

Phenotype:
mu = uniform([14, 12.1], 1) + mu;
x = 13  * x + gm([12.7, 24.4, 5]);
sigma = 15  - gm([13.4, 13, 1]);

Genotype:
[139, 388, 380, 87, 12, 67, 210, 419, 479, 75, 136, 261, 192, 141, 477, 417, 58, 371, 200, 352, 271, 106, 456, 470, 123, 499, 36, 253, 74, 123, 185, 241, 48, 172, 222, 204, 316, 271, 493, 20, 455, 82, 77, 432, 166, 82, 419, 478, 75, 136, 106, 456, 404, 123, 337, 36, 253, 416, 155, 337, 241, 48, 146, 222, 204, 316, 362, 493, 164, 490, 82, 316, 141, 477, 417, 58, 216, 200, 352, 271, 106, 456, 470, 123, 337, 36, 253, 416, 155, 337, 298, 48, 172, 222, 204, 316, 362, 493, 164, 455, 82]
Tree:
None
Fitness on 5000 data:
-6.820108131257196

Fitness:
-6.753221445548232