Generation:
500

Phenotype:
a = gm([2, 0.5, 3]); 
if 4 * gm([14.5, 13.3, 13]) < 30 { 
  b = uniform([7, 2], 1); 
 } else { 
  b = gm([13, 30, 12])  - 29; 
 } end if;

Genotype:
[281, 387, 129, 277, 360, 380, 436, 315, 124, 319, 340, 220, 59, 252, 97, 66, 10, 162, 243, 231, 436, 175, 478, 380, 436, 13, 328, 154, 336, 198, 164, 472, 476, 469, 464, 245, 186, 181, 252, 436, 13, 328, 154, 336, 198, 164, 472, 60, 469, 464, 245, 186, 181, 379, 321, 243, 231, 436, 175, 478, 380, 436, 399, 328, 175, 21, 129, 277, 360, 380, 97, 66, 10, 162, 243, 231, 436, 175, 478, 380, 436, 399, 328, 154, 336, 198, 164, 472, 476, 469, 455, 245, 186, 181, 379, 321, 243, 62, 292, 436, 315, 459, 288, 418, 475, 436, 175, 379, 380, 436, 399, 328, 154, 336, 198, 164, 380, 436, 399, 328, 241, 336, 198, 164, 472, 476, 469, 464, 245, 186, 181, 236, 195, 130, 336, 317, 62, 419, 306, 229, 366, 105, 242, 35, 239, 331, 49, 440, 460]
Tree:
None
Fitness on 5000 data:
-5.453924387861004

Fitness:
-4.3251812538964645