Generation:
500

Phenotype:
preplevel = gm([0.4, 0, 0], [0.2, 1, 0], [0.3, 2, 0]) + damage; 
  if preplevel != 2 { 
       damage = gm([0.1, 0, 0], [0.6, 1, 0]); 
 } else { 
       if gm([0.1, 0, 0], [0.3, 1, 0]) < 4 { 
             damage = 0; 
       } else { 
             damage = gm([0.3, 0, 0], [0.3, 1, 0]); 
       } end if; 
 } end if;

Genotype:
[481, 355, 434, 103, 299, 426, 352, 119, 412, 152, 275, 328, 142, 377, 122, 304, 216, 93, 58, 279, 230, 3, 404, 109, 408, 243, 236, 220, 304, 216, 93, 260, 424, 230, 3, 188, 425, 128, 434, 103, 299, 426, 352, 119, 412, 152, 275, 328, 142, 377, 122, 304, 216, 93, 260, 424, 230, 3, 404, 109, 408, 243, 236, 220, 276, 356, 243, 360, 70, 480, 469, 148, 262, 210, 129, 76, 5, 297, 34, 298, 184, 252, 337, 281, 363, 181, 302, 137, 302, 186, 394, 148, 222, 403, 377, 478, 264, 220, 51, 297, 164, 185, 295, 80, 424, 480, 98, 409, 452, 338, 418, 421, 449, 33, 429, 264, 245, 74, 271, 396, 154, 347, 434, 118, 149, 108, 458, 17, 199, 385, 110, 157]
Tree:
None
Fitness on 5000 data:
-inf

Fitness:
-1.3212467414978573