Generation:
500

Phenotype:
w = uniform([0, 4], 2);
u = 27 + u;
u = bern(0.7);
u = u  - 5;
u = bern(0.3);
v = uniform([6, 7], 1);
if u==1 { 
  if v > 12 { 
    w = gm([1,12.,2.]);
   } else { 
    w = gm([1,6.,2.]); 
   } end if;
 } else { 
  w = gm([1,6.,2.]); 
 } end if;

Genotype:
[58, 398, 294, 106, 434, 135, 294, 106, 434, 420, 3, 465, 41, 350, 221, 135, 361, 434, 70, 213, 357, 40, 294, 112, 160, 316, 252, 162, 342, 251, 294, 438, 135, 228, 68, 228, 200, 228, 398, 228, 346, 350, 294, 150, 438, 333, 228, 451, 200, 294, 112, 160, 316, 252, 138, 194, 161, 200, 294, 112, 461, 162, 342, 438, 438, 135, 228, 68, 228, 200, 294, 112, 461, 316, 252, 162, 342, 159, 148, 225, 433, 220, 162, 373, 459, 373, 1, 91, 294, 87, 438, 135, 72, 59, 23, 40, 460, 327, 162, 342, 438, 135, 294, 237, 298, 460, 116, 162, 342, 438, 438, 135, 228, 189, 228, 159, 148, 225, 433, 298, 162, 373, 459, 373, 1, 91, 294, 87, 438, 135, 435, 451, 389, 159, 228, 159, 148, 225, 433, 398, 162, 373, 19, 23, 214, 438, 22, 140, 254, 252, 183, 11, 384, 372, 440, 438, 22, 450, 295, 93, 22, 56, 336, 216, 74, 351, 338, 137, 142, 492, 339, 448, 307, 37]
Tree:
None
Fitness on 5000 data:
-4.822472987564854

Fitness:
-4.685707923431968