Generation:
500

Phenotype:
damage = gm([0.4, 0, 0], [0.6, 1, 0]);
preplevel = 0 + gm([0.6, 0, 0], [0.1, 1, 0], [0.3, 2, 0]);

Genotype:
[263, 172, 348, 376, 255, 390, 222, 497, 338, 219, 86, 198, 210, 367, 394, 71, 193, 430, 54, 337, 219, 203, 198, 65, 390, 62, 305, 83, 187, 23, 376, 376, 255, 390, 62, 187, 338, 210, 271, 82, 447, 74, 430, 54, 30, 331, 305, 83, 397, 338, 219, 305, 198, 210, 348, 376, 255, 390, 62, 187, 136, 219, 361, 305, 198, 210, 271, 198, 330, 271, 219, 305, 46, 210, 271, 82, 371, 484, 280, 155, 329, 255, 150, 268, 283, 176, 88, 14, 484, 458, 39, 82, 280, 378, 393, 427, 228, 96, 196, 371, 484, 280, 155, 329, 255, 150, 268, 283, 176, 88, 14, 484, 458, 39, 82, 280, 378, 393, 427, 228, 96, 196, 186, 164, 344, 10, 343, 197, 190, 227, 155, 168, 19, 438, 90, 111, 258, 268, 283, 176, 88, 14, 484, 125, 5, 6, 228, 25, 411, 453, 342, 404, 454, 42, 52, 46, 446, 14, 477, 28, 362, 303, 470, 442, 98, 188, 116]
Tree:
None
Fitness on 5000 data:
-1.818926896833446

Fitness:
-1.5686017311529086