Generation:
500

Phenotype:
mu = uniform([1, 9], 3) + gm([25, 16, 4]); 
sigma = uniform([0, 5], 4) + x; 
x = 22;
x = uniform([17, 11.4], 2);;

Genotype:
[472, 274, 327, 497, 1, 224, 107, 114, 51, 16, 64, 316, 366, 86, 109, 206, 97, 37, 243, 14, 372, 206, 436, 435, 432, 486, 80, 396, 395, 326, 301, 294, 174, 43, 212, 330, 486, 179, 420, 223, 290, 327, 409, 1, 224, 107, 114, 51, 16, 64, 316, 366, 86, 109, 14, 107, 114, 38, 16, 64, 316, 366, 37, 432, 274, 327, 497, 301, 294, 174, 43, 140, 212, 1, 224, 119, 37, 1, 224, 107, 443, 51, 16, 142, 37, 432, 424, 395, 109, 206, 97, 37, 243, 14, 372, 206, 436, 37, 432, 486, 80, 396, 395, 326, 301, 423, 174, 43, 119, 114, 51, 16, 206, 97, 37, 366, 316, 290, 18, 60, 206, 413, 37, 386, 459, 325, 153, 71, 371, 170, 189, 434, 84, 318, 344, 30, 418, 254, 167, 432, 422, 330, 486, 179, 420, 223, 290, 396, 460, 176, 301, 294, 174, 370, 422, 263, 486, 179, 420, 223, 256, 256, 260, 206, 16, 64, 316, 290, 206, 16, 64, 316, 480, 18, 60, 206, 413, 486, 179, 30, 418, 254, 167, 14, 372, 206, 97, 217, 432, 486, 94, 396, 395, 176, 301, 30, 418, 254, 167, 112]
Tree:
None
Fitness on 5000 data:
-7.298456401920101

Fitness:
-7.008245869677314