Generation:
500

Phenotype:
sigma = uniform([0, 4], 3);
mu = gm([11, 24.8, 6.4]);
x = x;
mu = gm([17.4, 19, 3]);
x = 24 * 17  - 17 * 21;
 x = sigma * gm([1,1,1]);
x = x + mu;

Genotype:
[29, 11, 440, 365, 358, 21, 378, 50, 155, 480, 156, 42, 431, 458, 416, 21, 378, 75, 286, 338, 156, 42, 431, 458, 358, 21, 378, 75, 286, 378, 50, 155, 480, 156, 42, 431, 458, 358, 21, 378, 75, 286, 264, 179, 17, 21, 14, 50, 140, 406, 321, 498, 115, 458, 422, 440, 431, 458, 358, 338, 179, 17, 21, 378, 431, 458, 180, 378, 50, 155, 356, 14, 50, 218, 406, 321, 498, 115, 458, 422, 440, 431, 406, 321, 498, 115, 458, 422, 440, 431, 458, 358, 21, 378, 21, 378, 75, 286, 264, 179, 21, 378, 365, 75, 286, 331, 205, 480, 234, 93, 66, 390, 321, 205, 326, 205, 331, 205, 480, 234, 183, 411, 286, 262, 188, 326, 205, 140, 136, 156, 42, 115, 303, 188, 365, 234, 458, 360, 286, 264, 228, 358, 21, 378, 50, 140, 332, 32, 331, 205, 480, 11, 440, 365, 21, 378, 50, 140, 136, 156, 42, 115, 303, 188, 326, 205, 331, 205, 480, 234, 363, 262, 17, 258, 467, 334, 66, 264, 250, 37, 326, 457, 254, 417, 93, 66, 390, 321, 216, 415, 410, 345, 80, 469, 350, 493, 242, 333, 368, 424, 328, 291, 308, 259, 44, 149, 7, 9, 70, 385, 315, 13, 279, 109, 435, 330, 470, 150, 468, 484, 455, 432, 81, 358, 66, 131, 482, 374, 137, 436, 409, 287, 126]
Tree:
None
Fitness on 5000 data:
-6.292000797249521

Fitness:
-5.6984188054041764