Generation:
500

Phenotype:
damage = gm([0.5, 0, 0], [0.7, 1, 0]);
preplevel = gm([0.6, 0, 0], [0.2, 1, 0], [0.3, 2, 0]);

Genotype:
[422, 436, 182, 196, 123, 396, 426, 330, 210, 472, 240, 396, 426, 330, 440, 472, 240, 122, 469, 419, 10, 101, 244, 239, 322, 396, 426, 154, 423, 472, 240, 321, 339, 344, 161, 30, 62, 303, 177, 361, 373, 203, 458, 333, 159, 405, 300, 287, 497, 156, 347, 343, 309, 411, 431, 264, 172, 347, 332, 1, 24, 233, 265, 233, 303, 177, 267, 471, 402, 233, 109, 132, 156, 385, 358, 258, 221, 324, 460, 343, 233, 365, 384, 374, 348, 91, 398, 343, 305, 270, 332, 111]
Tree:
None
Fitness on 5000 data:
-1.7007435032342035

Fitness:
-1.5119942787003113