Generation:
500

Phenotype:
mu = 7  * uniform([1, 3.1], 1)  - 28  * sigma;
x = gm([18.4, 21, 4.5]);
sigma = uniform([30, 4], 1)  - 30;

Genotype:
[405, 457, 230, 8, 111, 323, 445, 286, 8, 466, 219, 499, 135, 388, 331, 245, 219, 469, 102, 127, 410, 150, 420, 451, 2, 369, 235, 309, 350, 300, 113, 190, 220, 48, 338, 80, 451, 2, 369, 197, 309, 350, 300, 216, 350, 300, 216, 174, 134, 245, 219, 469, 135, 127, 331, 245, 219, 469, 102, 127, 331]
Tree:
None
Fitness on 5000 data:
-7.146018632356796

Fitness:
-6.952597823349215