Generation:
500

Phenotype:
if preplevel != 3 { 
   preplevel = gm([0.6, 0, 0], [0.5, 1, 0], [0.8, 2, 0]); 
 } else { 
   damage = damage + gm([0.5, 0, 0], [0.7, 1, 0]); 
 } end if;
damage = gm([0.5, 0, 0], [0.9, 1, 0]);
preplevel = gm([0.8, 0, 0], [0.2, 1, 0], [0.5, 2, 0]);

Genotype:
[266, 130, 169, 108, 432, 45, 168, 276, 282, 161, 350, 276, 282, 343, 161, 473, 472, 169, 108, 234, 61, 495, 79, 336, 168, 477, 446, 279, 6, 265, 6, 283, 362, 77, 121, 314, 226, 167, 430, 31, 350, 147, 372, 62, 432, 164, 410, 63, 195, 349, 217, 337, 239, 11, 39, 323, 209, 126, 442, 337, 468, 306, 179, 217, 376, 403, 466, 0, 414, 253, 187, 384, 463, 448, 231, 18, 260, 290, 387, 103, 113, 450, 308]
Tree:
None
Fitness on 5000 data:
-1.7585874885329118

Fitness:
-1.5459125616358103