Generation:
500

Phenotype:
skill1 = 16  * p1wins + 0  * uniform([0, 9.7], 4); 
skill2 = gm([3.2, 19.2, 5.4])  - 3 * 0;
skill1 = uniform([10, 17.1], 1); 
if 11 * gm([7.7, 8.9, 9], [1.3, 24, 22.1], [27.7, 7, 12]) + 27 * p1wins > 23 { 
  p1wins = 1;
 } else { 
   p1wins = 0; 
 } end if;

Genotype:
[20, 391, 271, 326, 0, 270, 67, 465, 82, 62, 349, 288, 303, 235, 23, 453, 109, 326, 389, 3, 298, 119, 298, 55, 327, 160, 489, 62, 265, 499, 31, 120, 276, 444, 100, 372, 384, 294, 227, 27, 327, 414, 208, 295, 27, 69, 414, 365, 295, 245, 162, 303, 105, 70, 251, 180, 195, 319, 447, 218, 119, 298, 55, 327, 363, 477, 284, 31, 120, 276, 444, 100, 372, 384, 400, 227, 27, 456, 414, 391, 271, 326, 0, 270, 67, 57, 82, 321, 349, 288, 303, 235, 23, 318, 109, 326, 35, 3, 306, 316, 23, 27, 245, 162, 303, 363, 173, 303, 316, 23, 318, 109, 326, 35, 219, 119, 298, 55, 327, 160, 232, 62, 58, 444, 31, 120, 276, 444, 100, 372, 384, 294, 44, 381, 45, 235, 277, 409, 484, 75, 65, 430, 363, 413, 414, 48, 148, 453, 376, 436, 249, 44, 408, 238, 79, 255, 220, 428, 305, 249]
Tree:
None
Fitness on 5000 data:
-6.4133907703596105

Fitness:
-5.925532471680197