Generation:
500

Phenotype:
p1wins = bern(0.6);
skill2 = gm([29, 17.5, 3]) + bern(0.6);
skill1 = uniform([4, 13.2], 1) + uniform([8, 4], 1);;

Genotype:
[51, 286, 368, 141, 257, 432, 204, 67, 122, 42, 410, 469, 208, 255, 461, 22, 50, 401, 293, 141, 238, 394, 220, 354, 75, 122, 42, 4, 231, 252, 10, 456, 350, 35, 293, 137, 235, 140, 141, 298, 256, 470, 255, 432, 204, 67, 122, 42, 255, 461, 22, 458, 96, 293, 141, 235, 394, 141, 354, 256, 122, 42, 410, 458, 96, 293, 141, 235, 394, 65, 354, 256, 122, 42, 410, 221, 252, 169, 456, 350, 35, 293, 137, 235, 394, 141, 354, 256, 122, 42, 325, 175, 368, 286, 368, 151, 257, 432, 31, 55, 478, 354, 93, 432, 228, 245, 376, 348, 313, 339, 150, 375, 40, 16, 346, 305, 29, 468, 43, 84, 342, 262, 70, 167, 16, 310, 480, 478, 22, 407, 91, 379, 240, 30, 468, 5, 136, 228, 307, 454, 418, 61, 87, 32, 17, 271, 490, 410, 167, 185, 30, 444, 485, 123, 151, 464, 299]
Tree:
None
Fitness on 5000 data:
-6.3467231883358535

Fitness:
-6.220823947779254