Generation:
500

Phenotype:
skill1 = gm([22.7, 21, 5])  - bern(0.9); 
skill2 = 16  * bern(0.8)  - 30; 
p1wins = uniform([13, 30.2], 2)  - 21  * gm([30, 30, 9], [27.1, 25, 25.3]);
skill2 = gm([15.6, 17.8, 6.1]);
p1wins = bern(0.1);;

Genotype:
[259, 407, 492, 253, 350, 179, 115, 438, 162, 362, 470, 5, 363, 399, 215, 494, 178, 357, 115, 304, 77, 362, 92, 488, 363, 18, 354, 141, 402, 217, 369, 85, 83, 413, 399, 252, 278, 264, 92, 90, 288, 360, 157, 399, 135, 262, 366, 481, 428, 488, 488, 410, 18, 265, 387, 216, 113, 432, 109, 46, 248, 407, 17, 106, 149, 347, 360, 18, 252, 320, 18, 393, 363, 399, 162, 432, 109, 46, 248, 407, 17, 163, 149, 347, 360, 18, 252, 320, 18, 393, 363, 399, 162, 278, 226, 357, 75, 91, 66, 461, 486, 297, 438, 162, 362, 470, 5, 363, 363, 399, 113, 278, 226, 357, 75, 5, 363, 399, 113, 278, 226, 357, 75, 91, 70, 0, 101, 164, 61, 173, 419, 275, 424, 60, 53, 72, 393, 237, 82, 267, 392, 221, 480, 55, 145, 232, 321, 33, 282, 306, 359, 169, 401, 122, 322, 134, 169, 18, 197, 148, 8, 323, 239, 421, 492, 217, 8, 112, 344, 408, 140, 191, 113, 27, 208, 36, 66, 161, 421, 85, 156, 264, 201, 53, 415, 469, 105, 486, 340, 67, 417, 487, 328, 335, 229, 73, 103, 81, 426, 408, 262, 130, 79, 407, 314, 272, 494, 426, 271, 282, 290, 206, 392, 279, 320, 113, 138, 267, 264, 493, 262, 315, 170, 226, 357, 75, 5, 363, 399, 113, 278, 226, 357, 75, 91, 70, 0, 101, 164, 61, 173, 419, 275, 424, 60, 53, 72, 393, 237, 82, 267, 392, 221, 480, 55, 145, 232, 321, 33, 282, 306, 359, 169, 401, 122, 322, 134, 169, 18, 197, 148, 8, 323, 239, 421, 492, 217, 8, 112, 344, 408, 140, 191, 113, 27, 208, 36, 66, 161, 421, 85, 156, 264, 201, 53, 415, 469, 105, 486, 340, 67, 417, 487, 328, 335, 229, 73, 103, 81, 426, 408, 262, 130, 79, 407, 314, 272, 494, 426, 271, 282, 290, 206, 392, 279, 320, 113, 138, 267, 264, 493, 262, 315, 170, 268, 157, 357, 339, 54, 360, 434, 198, 225, 463, 121, 449, 54, 265, 165, 248, 436, 254, 292, 236, 218, 183, 153, 140, 338, 147, 476, 423, 47, 147, 485, 19, 245, 12, 454, 32, 120, 9, 70, 274, 452, 108, 304, 58]
Tree:
None
Fitness on 5000 data:
-6.248840813379939

Fitness:
-6.081080796948193