Generation:
500

Phenotype:
a = 1  * uniform([16, 8.4], 3)  - 20;
b = 21  * b + 6  * b;
a = 1  * uniform([16, 8.1], 1)  - 20;
b = 21  * b + 6  * b;
b = uniform([8, 17.6], 4)  - 16;;

Genotype:
[497, 76, 204, 9, 52, 227, 349, 63, 80, 419, 223, 349, 282, 438, 482, 430, 485, 370, 113, 87, 370, 64, 83, 309, 45, 430, 192, 150, 417, 94, 204, 9, 52, 227, 349, 63, 80, 419, 223, 349, 306, 396, 482, 430, 485, 370, 113, 87, 370, 64, 83, 309, 45, 430, 192, 150, 417, 63, 80, 256, 223, 98, 87, 95, 256, 63, 451, 419, 455, 209, 414, 419, 414, 419, 445, 222, 349, 223, 35, 87, 95, 256, 446, 48, 222, 297, 103, 414, 419, 414, 419, 445, 222, 349, 438, 70, 326, 223, 35, 87, 95, 15, 446, 48, 222, 297, 82, 230, 419, 445, 430, 485, 370, 113, 87, 370, 64, 83, 309, 354, 430, 192, 150, 417, 63, 80, 256, 223, 35, 87, 95, 256, 446, 48, 222, 297, 223, 35, 145, 95, 256, 446, 48, 223, 322, 282, 465, 482, 430, 485, 370, 113, 256, 446, 48, 222, 297, 103, 230, 419, 445, 222, 349, 438, 70, 19, 38, 430, 447, 370, 451, 87, 17, 376, 482, 428, 485, 342, 113, 87, 370, 165, 35, 87, 95, 256, 113, 87, 370, 64, 419, 121, 222, 349, 103, 230, 419, 445, 430, 485, 370, 113, 87, 370, 64, 83, 309, 354, 430, 192, 150, 417, 63, 80, 256, 223, 35, 87, 95, 256, 446, 48, 222, 297, 95, 256, 446, 48, 222, 297, 103, 230, 419, 445, 222, 349, 438, 70, 19, 38, 430, 447, 370, 451, 103, 230, 133, 349, 237]
Tree:
None
Fitness on 5000 data:
-5.387899952807699

Fitness:
-4.948565878326601