Generation:
500

Phenotype:
a = a + gm([23, 1.4, 1.4]); 
if a < 0 { 
  b = 3 * a + gm([1,0.,1.]); 
 } else { 
  b = gm([1,8.,1.]); 
 } end if;

Genotype:
[293, 330, 260, 499, 48, 214, 456, 354, 108, 90, 154, 90, 218, 116, 413, 94, 57, 11, 218, 12, 11, 436, 12, 492, 191, 194, 214, 439, 422, 177, 102, 499, 321, 359, 139, 256, 489, 98, 346, 282, 435, 316, 105, 327, 405, 120, 438, 174, 89, 480, 471, 154, 176, 157, 466, 95, 257, 426, 357, 191, 121, 162, 102, 47, 69]
Tree:
None
Fitness on 5000 data:
-3.9272302043868446

Fitness:
-3.4878019757522094