Generation:
500

Phenotype:
a = gm([18.4, 1, 2.2]); 
if b != 9 { 
  b = gm([4, 7.8, 1.8], [3, 4, 7.8]) + 5  * b; 
 } else { 
  b = a + uniform([20, 7.8], 1); 
 } end if;

Genotype:
[22, 39, 18, 133, 248, 57, 173, 390, 472, 373, 153, 188, 82, 472, 277, 373, 226, 88, 438, 484, 181, 440, 128, 489, 193, 295, 31, 63, 304, 198, 54, 251, 376, 128, 293, 193, 295, 31, 253, 36, 373, 226, 363, 438, 484, 453, 440, 392, 489, 193, 295, 248, 63, 65, 198, 54, 251, 440, 128, 82, 472, 183, 373, 226, 88, 392, 35, 492, 428, 57, 298, 452, 63, 304, 31, 253, 36, 93, 420, 175, 80, 489, 407, 312, 438, 484, 383, 63, 58, 373, 144, 80, 251, 383, 412, 361, 63, 479, 415, 54, 251, 376, 373, 144, 370, 429, 454, 284, 80, 110, 299, 424, 383, 121, 59, 248, 355, 96, 296, 87, 160, 78, 18, 300, 378, 80, 143, 413, 436, 14, 41, 216, 100, 377, 76, 434, 198, 449, 49, 134, 299, 199, 50, 335, 36, 331, 7, 436, 358, 122, 401, 154, 166, 413, 96, 335, 355, 406, 464, 296, 449, 276, 463, 6, 14, 114, 443, 163, 38, 140, 72, 352, 95, 364, 85, 276, 438, 484, 273, 467, 455, 210]
Tree:
None
Fitness on 5000 data:
-4.875690234086368

Fitness:
-4.457038643320813