Generation:
500

Phenotype:
u = bern(0.4); 
v = 12  * v + uniform([4, 11.2], 1); 
if uniform([6, 2], 1) + uniform([11, 11.9], 2) > 6 { 
  if v + bern(0.8) > 7 { 
    w = gm([21.8, 7, 1.7])  - 4  * bern(0.1);
   } else { 
     w =  bern(0.1)  - 3; 
   } end if;
 } else { 
   w =  w; 
 } end if;

Genotype:
[368, 372, 264, 443, 57, 442, 442, 291, 108, 199, 21, 138, 252, 287, 383, 154, 276, 39, 285, 442, 366, 440, 102, 442, 348, 440, 6, 414, 73, 211, 383, 359, 477, 199, 285, 455, 29, 56, 52, 406, 414, 252, 287, 205, 455, 348, 440, 348, 21, 6, 205, 455, 241, 440, 348, 21, 466, 60, 73, 221, 359, 477, 245, 285, 455, 450, 56, 52, 406, 183, 252, 452, 2, 82, 252, 287, 44, 455, 422, 442, 442, 199, 285, 492, 387, 56, 52, 41, 414, 252, 287, 205, 462, 396, 369, 499, 414, 73, 468, 414, 442, 348, 440, 116, 252, 287, 205, 462, 144, 254, 443, 102, 442, 297, 440, 107, 73, 91, 348, 440, 6, 414, 73, 463, 353, 154, 276, 205, 462, 328, 254, 214, 292, 259, 285, 73, 345, 172, 147, 91, 348, 21, 6, 414, 73, 173, 353, 154, 276, 137, 187, 442, 488, 339, 130, 196, 130, 196, 217, 285, 134, 380, 396, 61, 252, 468, 456, 36, 117, 45, 61, 153, 498, 87, 425, 21, 207, 237, 187, 191, 378, 330, 490, 325, 232, 474, 344, 333, 315, 101, 413, 209, 264, 443, 102, 442, 348, 440, 6, 414, 73, 463, 383, 440, 276, 199, 285, 442, 366, 440, 30, 46, 210, 99, 383, 254, 154, 276, 259, 285, 58, 316, 488, 70, 349, 337, 185, 252, 287, 205, 462, 144, 254, 130, 196, 58, 254, 488, 70, 349, 337, 185, 116, 214, 122, 387, 56, 180, 66, 414, 73, 462, 96, 287, 241, 201, 99, 67, 27, 130, 196, 217, 285, 188, 403, 116, 214, 6, 457, 274, 496, 209, 58, 283, 435, 134, 380, 396, 61, 252, 468, 456, 36, 117, 45, 61, 153, 498, 87, 425, 21, 207, 237, 187, 191, 378, 330, 490, 325, 232, 474, 344, 333, 315, 101, 413, 209, 158, 490, 2, 448, 348, 227, 258, 213, 50, 71, 441, 277, 213, 132, 211, 383, 11, 462, 19, 314, 171, 385, 122, 387, 10, 413, 455, 25, 401, 42, 442, 390, 220, 133, 262, 297, 56, 337, 454, 90, 237, 47, 404, 216, 363, 226, 354, 337, 309, 121, 107, 385, 96, 462, 96, 287, 241, 201, 345, 188, 241, 120, 219, 239, 72, 255, 235, 61, 252, 468, 90, 299, 444, 486, 307, 229, 362, 337, 171, 399, 463, 343, 211, 181, 114, 277, 213, 472, 211, 383, 11, 462, 19, 314, 171, 385, 122, 387, 10, 413, 455, 25, 100, 24, 53, 267, 262, 5, 364, 298, 52, 277, 249, 44, 163, 44, 391, 3, 42, 497, 396, 242, 436, 460, 301, 308, 41, 328, 405, 459, 455, 278, 81, 292, 469, 11, 146, 41, 5, 37, 24, 442, 103, 360, 377, 21, 236, 287, 379, 397, 35, 37, 103, 364, 105, 425, 303, 64, 22, 425, 342, 496, 51, 65, 410, 403, 125, 444, 430, 421, 424, 163, 368, 181, 307, 101, 255, 32, 473]
Tree:
None
Fitness on 5000 data:
26.901607528266453

Fitness:
27.42421534602984