Generation:
500

Phenotype:
burglary=burglary; 
 earthquake=0; 
 alarm=alarm + 0; 
 johncalls=1 + 0; 
 johncalls = burglary + 0;
alarm = alarm;
alarm = alarm + 0;

Genotype:
[463, 150, 272, 26, 340, 147, 355, 288, 148, 324, 486, 438, 439, 430, 106, 133, 253, 329, 146, 374, 88, 163, 267, 445, 294, 34, 288, 357, 224, 340, 147, 474, 288, 148, 324, 150, 272, 26, 340, 386, 355, 288, 148, 438, 439, 324, 486, 438, 439, 104, 106, 133, 253, 329, 146, 374, 88, 163, 267, 34, 288, 357, 224, 454, 394, 155, 55, 308, 334, 294, 64, 456, 60, 273, 327, 148, 108, 226, 343, 256, 496, 53, 393, 104, 161, 3, 339, 195, 317, 374, 228, 481, 162, 151, 36, 370, 205, 399, 223, 289, 101, 187, 394, 20, 100, 209, 421, 421, 392, 397, 218, 134, 154, 166, 172, 342, 183, 396, 194, 179, 243, 59, 42, 234, 285, 151, 302, 314, 176, 306, 132, 55, 22, 405, 483, 411, 275, 361, 234]
Tree:
None
Fitness on 5000 data:
-inf

Fitness:
0.0