Generation:
500

Phenotype:
skill1 = gm([17, 21, 5.4])  - bern(0.3); 
skill2 = gm([19, 22, 5], [6.6, 17.3, 5.3]) + 0  * gm([12, 16, 15.6]); 
if 5 * uniform([13, 7], 2) > 29 { 
  p1wins = 5  * uniform([13, 1], 4)  - gm([2.8, 5.8, 15]);
 } else { 
  p1wins = bern(0.6); 
 } end if;

Genotype:
[472, 131, 168, 257, 446, 34, 296, 0, 83, 93, 129, 183, 12, 399, 317, 313, 192, 461, 165, 124, 329, 36, 270, 224, 5, 368, 163, 6, 185, 453, 420, 470, 13, 346, 461, 124, 124, 329, 74, 450, 322, 258, 78, 67, 232, 185, 453, 82, 109, 222, 126, 230, 34, 492, 357, 427, 401, 209, 373, 470, 446, 385, 426, 0, 291, 225, 305, 234, 41, 33, 34, 25, 222, 439, 420, 46, 342, 174, 187, 257, 281, 44, 211, 123, 208, 227, 149, 107, 393, 12, 32, 0, 251, 493, 468, 31, 452, 249, 113, 376, 268, 376, 12, 32, 0, 34, 185, 288, 185, 8, 209, 246, 178, 444, 426, 17, 26, 30, 118, 161, 181, 135, 396, 409, 481, 32, 316, 259, 90, 181, 408, 401, 89, 376, 289, 286, 448, 226, 439, 268, 327, 382, 280, 190, 28, 465, 193, 371, 36, 314, 362, 258, 295, 178, 190, 268, 232, 148, 463, 393, 126, 94, 48, 5, 466, 283, 27, 173, 97, 459, 323, 134, 260, 281, 211, 197, 60, 426, 66, 470, 182, 290, 304, 459, 34, 476, 273, 184, 198, 485, 146, 80, 153, 459, 333, 401, 431, 309, 371, 398, 112, 365, 420, 352, 240, 423, 65, 48, 393]
Tree:
None
Fitness on 5000 data:
-6.517036601498278

Fitness:
-6.361389655650844