Generation:
500

Phenotype:
u = bern(0.3); 
v = uniform([6, 9.1], 4); 
if bern(0.6) + uniform([16, 8], 1) + uniform([27, 14.7], 3) + u >= 1 { 
  if u + bern(0.9) < 8 { 
    w = uniform([28, 7], 1)  - 25;
   } else { 
     w =  14 * 16 + uniform([6, 1], 3); 
   } end if;
 } else { 
   w =  gm([16, 25, 6]) + 26  * uniform([24, 7], 3); 
 } end if;

Genotype:
[19, 423, 387, 395, 146, 357, 90, 474, 316, 179, 443, 207, 75, 195, 497, 344, 75, 311, 497, 480, 106, 357, 90, 304, 316, 347, 26, 26, 182, 365, 14, 357, 90, 474, 316, 116, 18, 366, 1, 471, 471, 78, 28, 96, 128, 78, 195, 134, 316, 70, 122, 471, 90, 400, 90, 474, 316, 116, 18, 366, 1, 476, 365, 14, 357, 90, 474, 316, 116, 18, 366, 1, 471, 497, 480, 106, 357, 90, 304, 316, 347, 346, 26, 182, 365, 14, 357, 90, 398, 316, 116, 18, 366, 1, 471, 471, 78, 28, 96, 128, 230, 195, 134, 316, 70, 78, 228, 134, 316, 70, 122, 357, 90, 400, 90, 304, 316, 347, 26, 182, 365, 146, 85, 90, 474, 316, 116, 26, 366, 48, 50, 316, 390, 26, 59, 179, 316, 116, 26, 366, 1, 311, 471, 78, 28, 96, 128, 78, 228, 134, 316, 455, 122, 357, 90, 400, 316, 179, 26, 449, 316, 179, 26, 366, 395, 146, 357, 48, 50, 316, 390, 26, 316, 179, 26, 366, 1, 311, 357, 90, 400, 316, 179, 26, 449, 316, 179, 26, 366, 395, 146, 357, 90, 50, 316, 179, 26, 316, 179, 26, 105, 1, 311, 471, 78, 28, 96, 128, 78, 228, 134, 316, 455, 122, 357, 90, 400, 316, 179, 26, 459, 28, 96, 128, 366, 395, 146, 357, 90, 474, 316, 179, 26, 366, 1, 311, 471, 78, 28, 231, 142, 268, 491, 469, 40, 107, 438, 211, 23, 391, 236, 78, 306, 262, 132, 272, 74, 298, 445, 26, 366, 304, 316, 179, 26, 377, 395, 146, 357, 90, 474, 316, 179, 26, 366, 1, 311, 471, 78, 28, 231, 142, 268, 491, 469, 40, 500, 138, 211, 23, 241, 236, 286, 306, 262, 132, 272, 74, 298, 445, 26, 366, 182, 311, 134, 78, 28, 418, 298, 223, 331, 338, 408, 387, 472, 55, 284, 361, 74, 298, 220, 132, 316, 448, 449, 213, 399, 202, 53, 211, 391, 368, 454, 21, 315, 184, 481, 348, 339, 18, 246, 341, 443, 172, 493, 414, 375, 167, 296, 160, 74, 298, 220, 132, 160, 74, 317, 388, 15, 465, 232, 303, 7, 236, 304, 96, 94, 141, 24, 10, 372, 56, 281, 34, 122, 78, 228, 134, 316, 455, 122, 322, 459, 133, 193, 276, 192, 116, 223, 331, 338, 320, 41, 286, 474, 394, 155, 155, 244, 346, 29, 495, 133, 261, 109, 472, 55, 284, 361, 167, 87, 118, 8, 316, 448, 449, 213, 399, 202, 53, 211, 391, 368, 454, 21, 315, 184, 481, 348, 339, 18, 246, 341, 443, 172, 493, 414, 375, 20, 296, 224, 410, 428, 52, 195, 66, 74, 23, 373, 340, 305, 29, 434, 42, 314, 112, 342, 157, 258, 118, 12, 183, 289, 468, 290, 322, 187, 302, 153, 35, 25, 105, 426, 375, 102, 49, 218, 171, 451, 41, 86, 357, 90, 474, 316, 499, 137, 366, 1, 311, 471, 78, 28, 231, 76, 397, 269, 81, 362, 275, 392, 194, 244, 256, 378, 42, 67, 151, 12, 294, 122, 246, 197, 392, 224, 67, 479, 487, 78, 158, 134, 316, 455, 122, 322, 459, 133, 193, 41, 86, 357, 90, 474, 316, 386, 137, 366, 1, 311, 471, 78, 28, 428, 76, 397, 269, 81, 362, 275, 392, 194, 244, 256, 378, 268, 67, 151, 12, 294, 122, 246, 197, 392, 224, 67, 479, 487, 78, 158, 134, 316, 455, 122, 322, 459, 133, 193, 276, 192, 116, 223, 155, 137, 173, 462, 48, 37, 122]
Tree:
None
Fitness on 5000 data:
28.56628069417713

Fitness:
28.998976859307476