Generation:
500

Phenotype:
contentDifficulty = gm([29, 29, 5]);
questionsAfterLectureLength = contentDifficulty  - gm([25.5, 18.7, 5]);;

Genotype:
[301, 371, 250, 33, 240, 222, 33, 257, 430, 248, 184, 264, 60, 224, 222, 33, 240, 222, 33, 257, 153, 248, 206, 369, 413, 84, 247, 366, 247, 485, 421, 33, 240, 222, 369, 413, 84, 247, 24, 465, 118, 131, 76, 33, 168, 153, 122, 446, 264, 369, 296, 84, 33, 398, 60, 224, 222, 33, 240, 222, 33, 257, 295, 454, 158, 369, 413, 84, 371, 348, 138, 342, 33, 168, 274, 42, 277, 300, 329, 49, 168, 153, 240, 435, 33, 201, 153, 312, 277, 238, 33, 269, 446, 59, 281, 222, 33, 168, 168, 153, 240, 222, 33, 201, 153, 312, 428, 369, 413, 84, 465, 24, 292, 258, 22, 118, 380, 33, 168, 153, 312, 428, 369, 413, 230, 465, 24, 292, 258, 22, 356, 153, 413, 245, 310, 216, 240, 137, 129, 482, 211, 422, 21, 61, 465, 300, 273, 168, 153, 418, 428, 283, 244, 84, 381, 274, 269, 74, 58, 326, 277, 425, 42, 256, 159, 138, 225, 352, 118, 98, 102, 61, 465, 300, 268, 423, 220, 269, 446, 59, 121]
Tree:
None
Fitness on 5000 data:
-6.138105712762537

Fitness:
-6.0254101400485185