Generation:
500

Phenotype:
a = 5; 
b = 30  * b + gm([22, 5.4, 4], [5.6, 5.4, 3]); 
a = a  - uniform([1, 6], 2);;

Genotype:
[389, 447, 74, 302, 98, 229, 106, 464, 339, 119, 372, 418, 289, 278, 177, 387, 5, 3, 70, 314, 284, 435, 284, 455, 313, 377, 48, 424, 3, 324, 50, 350, 386, 137, 387, 384, 138, 297, 158, 435, 324, 230, 145, 386, 389, 384, 143, 297, 158, 8, 347, 379, 280, 85, 155, 61, 70, 404, 179, 444, 42, 289, 436, 177, 387, 384, 40, 70, 292, 284, 5, 224, 455, 105, 377, 473, 244, 435, 324, 50, 350, 386, 137, 24, 143, 94, 220, 213, 197, 12, 191, 266, 179, 444, 42, 289, 158, 8, 270, 347, 379, 280, 85, 155, 243, 274, 404, 365, 296, 386, 58, 250, 141, 469, 187, 189, 347, 182, 398, 433, 175, 208, 490, 99, 384, 78, 286, 187, 9, 340, 44, 492, 261, 288, 475, 154, 452, 210, 415, 368, 238, 240, 47, 420, 117, 296, 257, 1, 324, 342, 153, 176, 483, 414, 308, 289, 119, 296, 9, 29, 349, 46, 6, 473, 452, 370, 250, 489, 373]
Tree:
None
Fitness on 5000 data:
-6.3490943726973095

Fitness:
-5.058984916922931