Generation:
500

Phenotype:
sigma = uniform([0, 3.2], 1);
mu = gm([22.4, 20, 3]);
x = gm([15, 22.9, 4.6]);

Genotype:
[453, 272, 412, 278, 166, 453, 60, 422, 372, 29, 437, 46, 76, 332, 470, 370, 315, 477, 345, 46, 330, 315, 301, 345, 46, 330, 348, 220, 480, 50, 189, 248, 477, 345, 46, 76, 422, 46, 157, 332, 125, 477, 345, 437, 452, 76, 332, 470, 125, 315, 477, 345, 46, 453, 60, 422, 372, 29, 437, 46, 76, 332, 470, 258, 315, 477, 345, 46, 330, 315, 301, 345, 46, 330, 293, 220, 480, 50, 189, 248, 477, 345, 46, 76, 422, 46, 315, 301, 345, 46, 330, 342, 298, 491, 475, 429, 436, 93, 275, 332, 68, 75, 406, 39, 61, 78, 244, 58, 392, 369, 188, 497, 230, 436, 93, 275, 332, 68, 9, 406, 39, 61, 170, 244, 58, 392, 369, 188, 497, 230, 466, 264, 236, 339, 314, 397, 166, 129, 339, 314, 397, 166, 129, 154, 24, 102, 342, 298, 491, 475, 429, 341, 148, 71, 184, 187, 404, 263, 265, 373, 56, 21, 484, 55, 36, 370, 452, 314, 397, 166, 490, 432, 136, 171, 161, 406, 468, 238, 483, 429, 9, 297, 344, 213, 402, 249, 312, 397, 341, 46, 341, 46, 389, 373, 93, 68, 73, 131, 387, 227, 141, 267, 340, 298, 487, 378, 321, 346, 230, 481, 71, 465, 301, 9, 297, 344, 213, 402, 495, 312, 397, 341, 46, 341, 46, 318, 323, 428, 197, 359, 279, 73, 120, 108, 486, 10, 309, 188, 219, 258, 24, 102, 342, 298, 491, 475, 429, 341, 148, 71, 184, 187, 404, 263, 265, 373, 56, 21, 484, 55, 36, 370, 452, 314, 397, 166, 490, 432, 136, 171, 161, 406, 468, 238, 483, 429, 9, 297, 344, 213, 402, 249, 312, 397, 341, 46, 341, 46, 389, 373, 93, 68, 73, 131, 387, 227, 141, 267, 340, 298, 487, 378, 321, 346, 230, 481, 71, 465, 301, 9, 297, 344, 213, 402, 495, 312, 397, 341, 46, 341, 46, 318, 323, 428, 197, 359, 279, 73, 120, 108, 486, 10, 309, 188, 219, 258, 433, 339, 452, 297, 49, 213, 117, 495, 130, 373, 93, 238, 73, 131, 312, 60, 339, 108, 486, 10, 309, 188, 219, 258, 437, 339, 452, 297, 49, 213, 117, 495, 50, 251, 311, 494, 431, 369]
Tree:
None
Fitness on 5000 data:
-6.807942037635061

Fitness:
-6.50148968491208