Generation:
500

Phenotype:
skill1 = 3  * bern(0.1); 
skill2 = gm([30.2, 16, 10], [24.7, 22, 2], [27.4, 18, 1], [4.2, 16, 1.8], [3.8, 22.1, 15]);
skill1 = uniform([10, 15.7], 4) + 22  * p1wins; 
if p1wins + 17 * gm([16, 11.4, 2.7], [1, 22.5, 14], [18, 22.9, 16.4], [17, 8.3, 30.2]) < 1 { 
  p1wins = 1;
 } else { 
   p1wins = 0; 
 } end if;

Genotype:
[224, 171, 154, 96, 111, 387, 456, 138, 33, 21, 73, 309, 496, 240, 388, 402, 103, 487, 147, 24, 429, 270, 239, 364, 374, 169, 115, 58, 111, 96, 111, 22, 373, 239, 147, 221, 343, 164, 450, 201, 156, 439, 240, 145, 468, 493, 103, 487, 207, 24, 387, 456, 138, 125, 240, 289, 468, 322, 103, 487, 170, 24, 451, 373, 239, 364, 374, 169, 125, 402, 420, 146, 404, 113, 234, 85, 343, 254, 450, 21, 73, 147, 221, 343, 402, 459, 146, 404, 113, 239, 364, 374, 169, 115, 308, 111, 387, 146, 404, 113, 450, 201, 156, 144, 265, 439, 256, 2, 263, 309, 496, 240, 125, 402, 467, 146, 404, 113, 234, 221, 181, 265, 450, 201, 156, 439, 240, 79, 468, 322, 352, 402, 196, 146, 404, 9, 59, 236, 336, 293, 335, 134, 409, 291, 123, 144, 455, 229, 136, 483, 209, 173, 268, 91, 207, 113, 99, 182]
Tree:
None
Fitness on 5000 data:
-6.656178665645047

Fitness:
-6.039362270239544