Generation:
500

Phenotype:
skill1 = gm([23.3, 13, 5.5]) + 6; 
skill2 = p1wins + gm([8, 12, 5.6]);
skill2 = 9 + skill2;
cond = 10 * 26; 
if skill2 < 14 { 
  p1wins = 1;
 } else { 
   p1wins = 0; 
 } end if;

Genotype:
[207, 490, 468, 465, 78, 267, 178, 335, 32, 478, 199, 408, 238, 206, 282, 347, 439, 201, 32, 478, 288, 417, 282, 32, 39, 288, 353, 347, 439, 50, 32, 478, 288, 417, 352, 32, 170, 288, 18, 308, 381, 423, 188, 217, 227, 495, 167, 7, 103, 274, 45, 32, 478, 288, 417, 352, 417, 352, 330, 423, 188, 217, 231, 495, 167, 267, 396, 314, 319, 437, 373, 2, 140, 477, 337, 106, 233, 282, 103, 439, 45, 32, 478, 352, 330, 423, 188, 217, 231, 495, 167, 267, 396, 314, 319, 437, 373, 2, 140, 477, 337, 106, 233, 282, 103, 439, 45, 32, 478, 288, 417, 352, 330, 423, 188, 266, 231, 495, 167, 267, 396, 314, 319, 437, 352, 330, 423, 188, 217, 231, 495, 167, 267, 396, 301, 319, 437, 373, 233, 206, 282, 103, 447, 355, 32, 478, 288, 152, 357, 21, 54, 188, 217, 231, 495, 167, 99, 218, 314, 319, 437, 373, 2, 140, 136, 179, 323, 243, 51, 87, 134, 22, 325, 67, 165, 134, 22, 325, 293, 477, 46, 32, 153, 210, 236, 152, 361, 252, 285, 427, 464, 7, 6, 94, 472, 391, 188, 67, 165, 453, 106, 270, 212, 240, 418, 309, 295, 165, 15, 174, 160, 67, 30, 197, 76, 62, 472, 203, 373, 86, 402, 0, 37, 182, 457, 203, 18, 354, 240, 189, 167, 99, 218, 141, 120, 190, 7]
Tree:
None
Fitness on 5000 data:
-6.526236963458894

Fitness:
-5.907908860537214