Generation:
500

Phenotype:
skill1 = 23 + gm([17, 30, 11], [8, 3.9, 9], [8, 4.3, 1.5], [15.4, 11, 15.7]); 
skill2 = gm([1.9, 16, 15.9], [15, 22, 3.4]); 
p1wins = bern(0.1);
skill1 = gm([15, 22, 3.8])  - 3  * bern(0.4);;

Genotype:
[418, 145, 152, 40, 302, 312, 17, 243, 162, 17, 32, 309, 260, 352, 77, 188, 163, 423, 468, 143, 32, 474, 181, 134, 70, 81, 345, 155, 135, 156, 40, 162, 17, 294, 309, 392, 352, 175, 418, 411, 408, 81, 345, 231, 135, 156, 260, 342, 388, 17, 294, 143, 392, 352, 77, 460, 425, 423, 468, 408, 81, 345, 155, 135, 156, 40, 342, 312, 17, 294, 309, 260, 352, 77, 188, 425, 423, 468, 286, 208, 3, 387, 372, 446, 297, 470, 147, 280, 113, 95, 198, 273, 292, 494, 356, 101, 56, 416, 159, 428, 424, 445, 380, 36, 437, 203, 398, 350, 155, 32, 458, 276, 52, 66, 245, 21, 427, 261, 308, 383, 310, 440, 25, 264, 346, 14, 420, 264, 11, 338, 195, 458, 276, 52, 66, 245, 21, 113, 95, 198, 273, 292, 494, 356, 101, 56, 416, 159, 428, 424, 445, 380, 36, 437, 203, 398, 350, 155, 32, 458, 276, 52, 66, 245, 21, 427, 261, 308, 383, 310, 440, 25, 264, 346, 14, 45, 264, 11, 338, 195, 279, 128, 445, 362, 275, 363, 174, 131, 368, 293, 71, 450, 28, 448, 358, 452, 273, 353, 263, 417, 343, 32, 269, 181, 134, 243, 359, 412, 294, 171, 94, 322, 419, 261, 408, 81, 345, 155, 325, 156, 324, 342, 312, 17, 294, 309, 392, 352, 77, 188, 425, 77, 188, 425, 423, 468, 286, 208, 3, 387, 372, 446, 297, 470, 147, 280, 113, 95, 198, 273, 292, 494, 356, 101, 56, 416, 159, 428, 424, 445, 380, 36, 437, 203, 398, 350, 155, 32, 458, 276, 52, 66, 245, 21, 427, 261, 308, 383, 310, 440, 25, 264, 346, 14, 45, 264, 11, 338, 195, 279, 128, 445, 362, 275, 363, 174, 131, 368, 293, 71, 450, 28, 448, 358, 157, 79, 492, 142, 135, 82, 217, 98, 482, 445, 391, 236, 195]
Tree:
None
Fitness on 5000 data:
-6.595309166371533

Fitness:
-5.769691685983871