Generation:
500

Phenotype:
u = bern(0.2); 
 v = bern(0.9)  - 0; 
 w = bern(0.2); 
 x = bern(0.8)  - 0; 
 u = u;

Genotype:
[0, 144, 398, 13, 91, 20, 364, 37, 458, 299, 48, 153, 116, 167, 343, 416, 138, 349, 142, 167, 400, 228, 224, 262, 400, 228, 224, 400, 416, 138, 153, 142, 167, 400, 228, 224, 262, 415, 67, 343, 416, 398, 381, 357, 195, 430, 441, 146, 182, 381, 30, 249, 164, 431, 81, 341, 31, 129, 166, 433, 253, 62, 152, 262, 5, 246, 62, 77, 356, 98, 424, 286, 478, 361, 369, 75, 62, 412, 412, 40, 232, 21, 9, 182, 271, 298, 252, 32, 336, 401, 144, 334, 122, 427, 276, 410, 89, 388, 228, 224, 262, 415, 60, 36, 487, 155, 303, 86, 426, 442, 396, 322, 345, 163, 468, 312, 215, 359, 364, 47, 85, 134, 15, 441, 353, 134, 43, 470, 121, 481, 383, 475, 31, 187, 311, 358, 197, 334, 306, 80, 86, 35, 357, 380, 29, 480, 25, 498, 369, 51, 369, 255, 387]
Tree:
None
Fitness on 5000 data:
-2.0677139268454283

Fitness:
-1.7072773929542568