Generation:
500

Phenotype:
u = bern(0.1); 
 v = v; 
 w = 1  - bern(0.8); 
 x = bern(0.7); 
 v = v + bern(0.9);

Genotype:
[247, 192, 142, 237, 189, 111, 230, 278, 357, 494, 275, 277, 10, 277, 259, 354, 144, 491, 276, 88, 172, 494, 309, 268, 358, 50, 413, 254, 167, 368, 140, 153, 180, 225, 278, 317, 187, 351, 77, 10, 277, 259, 354, 144, 491, 276, 88, 192, 336, 237, 481, 305, 356, 153, 180, 116, 278, 99, 494, 275, 225, 10, 345, 259, 354, 358, 384, 413, 268, 358, 88, 336, 407, 481, 417, 190, 277, 483, 354, 154, 361, 305, 276]
Tree:
None
Fitness on 5000 data:
-2.4734024273156576

Fitness:
-1.7962742510401042