Generation:
500

Phenotype:
a = 25  * a + uniform([0, 4], 1); 
if b == 21 { 
  b = 30 * 1; 
 } else { 
  b = 4  * uniform([0, 4], 1); 
 } end if;

Genotype:
[314, 64, 208, 397, 216, 464, 120, 443, 310, 280, 300, 292, 38, 445, 162, 269, 90, 269, 331, 30, 280, 300, 292, 159, 284, 310, 280, 300, 292, 480, 360, 151, 330, 390, 127, 70, 191, 471, 66, 249, 286, 146, 157, 143, 57, 138, 265, 49, 470, 494, 9, 36, 460, 25, 414, 68, 192, 269, 460, 244, 281, 234, 202, 423, 301, 470, 89, 203]
Tree:
None
Fitness on 5000 data:
-6.81722565724522

Fitness:
-5.254834129015485