Generation:
500

Phenotype:
skill1 = 22  - gm([0.5, 30.6, 13], [30, 3, 4]); 
skill2 = uniform([13, 15.2], 2)  - uniform([18, 5], 4); 
p1wins = bern(0.1);
skill2 = uniform([18, 4], 1)  - skill2;;

Genotype:
[225, 80, 245, 302, 394, 435, 381, 353, 177, 93, 382, 213, 30, 5, 32, 292, 102, 118, 247, 124, 3, 270, 407, 410, 321, 130, 354, 251, 46, 37, 377, 120, 234, 483, 124, 4, 255, 78, 45, 375, 108, 96, 240, 365, 73, 89, 120, 438, 483, 112, 291, 16, 417, 280, 89, 450, 8, 240, 228, 3, 255, 219, 175, 276, 150, 166, 340, 128, 88, 452, 6, 280, 260, 413, 120, 158, 120, 276, 450, 476, 240, 146, 90, 399, 263, 219, 286, 177, 452, 352, 433, 291, 375, 423, 375, 175, 27, 418, 156, 143, 114, 36, 59, 17, 490, 26, 160, 74, 55, 210, 122, 298, 424, 456, 70, 376, 396, 352, 154, 36, 170, 104, 153, 313, 108, 109, 250, 114, 165]
Tree:
None
Fitness on 5000 data:
-6.30670306813678

Fitness:
-5.889745189782229