Generation:
500

Phenotype:
u = bern(0.3)  - u; 
 v = x + 0; 
 w = bern(0.1)  - 0; 
 x = bern(0.5)  - v; 
 x = bern(0.8);
v = bern(0.9);

Genotype:
[340, 248, 378, 375, 470, 60, 264, 156, 58, 478, 470, 195, 411, 388, 212, 378, 375, 468, 361, 264, 335, 264, 109, 31, 228, 254, 165, 121, 12, 288, 311, 228, 32, 127, 88, 268, 346, 160, 357, 42, 166, 259, 260, 248, 292, 185, 202, 481, 470, 195, 411, 388, 212, 150, 375, 470, 361, 264, 109, 31, 228, 202, 220, 470, 195, 411, 9, 378, 375, 470, 361, 264, 335, 196, 165, 121, 12, 288, 311, 228, 218, 127, 268, 346, 160, 357, 42, 166, 259, 260, 247, 399, 285, 56, 472, 64, 74, 141, 474, 0, 149, 281, 24, 222, 408, 374, 173, 6, 22, 346, 426, 246, 290, 451, 259, 214, 303, 153, 35, 25, 107, 366, 114, 299, 468, 357, 142, 458, 84, 283, 393, 305, 353, 222, 455, 33, 216, 131, 150, 239, 141, 92, 333, 226, 263, 450, 331, 132, 441, 371, 101, 1, 340, 489, 362, 110, 46, 78, 341, 76, 30, 498, 127, 56, 281, 197, 100, 391, 191, 297, 6, 459, 193, 48, 62, 252, 305, 353, 222, 455, 33, 216, 131, 150, 239, 141, 173, 6, 22, 346, 426, 246, 290, 451, 259, 214, 303, 153, 35, 25, 107, 366, 114, 299, 392, 357, 142, 458, 84, 283, 393, 305, 353, 222, 455, 33, 216, 131, 150, 239, 141, 92, 333, 226, 263, 450, 331, 132, 465, 371, 101, 1, 340, 489, 362, 110, 46, 78, 341, 76, 30, 498, 127, 56, 281, 197, 100, 391, 191, 297, 6, 459, 193, 48, 62, 252, 234, 151, 180, 138, 455, 248, 428]
Tree:
None
Fitness on 5000 data:
-1.9759065301787604

Fitness:
-1.7721151837859395