Generation:
500

Phenotype:
w = 1;
if u != 26 { 
   v = uniform([14, 25.5], 1)  - uniform([12, 14.5], 1); 
 } else { 
   w = gm([26.7, 17, 9.4]); 
 } end if;
u = bern(0.1);
if u==1 { 
  if v > 12 { 
    w = gm([1,12.,2.]);
   } else { 
    w = gm([1,6.,2.]); 
   } end if;
 } else { 
  w = gm([1,6.,2.]); 
 } end if;

Genotype:
[97, 65, 328, 31, 194, 198, 260, 198, 156, 452, 261, 300, 414, 57, 305, 96, 490, 398, 31, 194, 198, 122, 138, 267, 118, 76, 156, 96, 194, 198, 87, 76, 409, 76, 99, 368, 168, 293, 171, 60, 201, 40, 319, 88, 267, 454, 265, 391, 443, 192, 213, 60, 50, 429, 405, 60, 115, 450, 60, 201, 40, 319, 88, 211, 454, 265, 391, 443, 76, 99, 368, 168, 361, 171, 60, 201, 192, 213, 60, 50, 429, 405, 60, 115, 306, 198, 238, 7, 423, 196, 46, 90, 473, 477, 126, 98, 85, 178, 398, 330, 194, 198, 122, 138, 267, 18, 475, 200, 163, 344, 214, 54, 18, 87, 366, 319, 466, 211, 156, 265, 391, 174, 92, 333, 275, 288, 199, 313, 475, 492, 354, 321, 414, 229, 17, 462, 213, 130, 158, 452, 75, 10, 415, 142, 312, 126]
Tree:
None
Fitness on 5000 data:
-6.1830349826236155

Fitness:
-5.637555252267046