Generation:
500

Phenotype:
mu = 13  * mu + 21; 
sigma = sigma + gm([12.3, 2.1, 1]); 
x = gm([15, 22.8, 4.5]);
mu = uniform([15, 11.1], 1);;

Genotype:
[79, 277, 220, 323, 45, 213, 458, 390, 145, 145, 282, 279, 430, 267, 91, 156, 329, 291, 47, 31, 188, 477, 342, 435, 156, 360, 220, 260, 262, 356, 149, 332, 169, 451, 469, 274, 204, 470, 356, 210, 45, 78, 401, 108, 331, 259, 0, 204, 404, 356, 147, 45, 78, 401, 108, 188, 262, 259, 0, 435, 156, 420, 220, 260, 262, 262, 55, 332, 169, 451, 204, 394, 356, 147, 45, 78, 401, 108, 209, 354, 254, 108, 209, 358, 132, 221, 79, 242, 4, 327, 67, 34, 78, 258, 368, 96, 31, 486, 240, 339, 326, 330, 215, 214, 225, 157, 252, 166, 490, 56, 325, 294, 402, 95, 27, 277, 223, 278, 252, 15, 167, 276, 46, 135, 181, 276, 297, 172, 162, 408, 476, 176, 282, 91, 65, 311, 22, 354, 387, 391, 98, 344, 370, 409, 149, 425, 256, 495, 144, 430, 204, 360, 213, 330, 313, 251, 375, 62, 114, 376, 239, 395, 85, 148, 267, 80, 398, 17, 379, 295, 139, 377, 222, 5, 270, 60, 173, 302, 108, 195, 273, 80, 495, 43, 247, 476, 156, 145, 89, 27, 236, 271, 294, 328, 385, 154, 490, 204, 265, 274, 487, 286, 242, 240, 32, 295, 102, 131, 308, 209, 107, 60, 499, 223, 294, 331, 115, 235, 312, 276, 411, 441, 115, 297, 130, 9, 352, 402, 381, 155, 208, 197, 495, 176, 432, 482, 159, 1, 119, 133, 204]
Tree:
None
Fitness on 5000 data:
-7.12034646788181

Fitness:
-6.434895289717358