Generation:
500

Phenotype:
skill1 = uniform([18, 16.9], 1)  - 6;
p1wins = p1wins;
p1wins = p1wins;
p1wins = 9 * 4  - uniform([13, 2], 2);
skill2 = uniform([1, 29.2], 1)  - uniform([12, 7], 1);;

Genotype:
[169, 269, 44, 66, 6, 296, 342, 342, 266, 209, 171, 431, 220, 425, 160, 6, 107, 8, 415, 11, 342, 390, 232, 302, 359, 430, 360, 344, 342, 390, 232, 302, 359, 430, 360, 344, 347, 8, 241, 412, 66, 261, 354, 137, 422, 343, 409, 162, 404, 351, 313, 308, 138, 386, 94, 399, 122, 235, 192, 6, 458, 353, 376, 150, 264, 304, 296, 320, 157, 212, 356, 55, 168, 56, 419, 395, 98, 56, 49, 198, 264, 259, 234, 356, 18, 130, 227, 144, 213, 140, 26, 382, 38, 203, 142, 185, 142]
Tree:
None
Fitness on 5000 data:
-6.587484103079212

Fitness:
-6.307457441897203