Generation:
500

Phenotype:
skill1 = gm([8.2, 17.6, 3]) + 3  * bern(0.7); 
skill2 = 21  - gm([15.9, 1, 5]); 
p1wins = 17 * 13  - uniform([8, 3.5], 2);
p1wins = bern(0.4);;

Genotype:
[2, 31, 321, 285, 290, 121, 163, 316, 389, 110, 293, 128, 282, 121, 189, 47, 366, 134, 44, 102, 300, 75, 321, 300, 201, 294, 467, 246, 218, 6, 222, 17, 290, 297, 234, 106, 57, 198, 39, 45, 406, 49, 357, 246, 14, 353, 284, 96, 462, 367, 102, 300, 6, 321, 107, 357, 123, 391, 6, 321, 316, 250, 110, 235, 162, 421, 70, 17, 447, 102, 300, 6, 321, 309, 265, 134, 233, 413, 140, 405, 123, 36, 191, 472, 217, 364, 45, 406, 283, 159, 174, 78, 36, 306, 50, 59, 312, 36, 362, 274, 265, 446, 304, 59, 102, 82, 300, 248, 145, 350, 193, 290, 111, 398, 353, 311, 276, 321, 140, 405, 123, 36, 191, 94, 364, 45, 257, 223, 266, 81, 136, 258, 102, 317, 278, 148, 404, 58, 308, 466, 246, 409, 67, 430, 26, 132, 10, 311, 190, 449, 174, 341, 34, 459, 28, 496, 27, 110, 402, 8, 367, 447, 184, 328, 124, 338, 420, 365, 458, 132, 484, 210, 213, 195, 55, 215, 88, 162, 305, 196, 37, 64, 85, 94, 46, 222, 493, 321, 309, 290, 297, 234, 96, 420, 385, 36, 196, 229, 300, 398, 17]
Tree:
None
Fitness on 5000 data:
-6.333193259876662

Fitness:
-6.123601461013742