Generation:
500

Phenotype:
sigma = x + uniform([0, 3.5], 2);
mu = 28  * uniform([29, 2], 2)  - sigma;
x = 10  * sigma + 25  * mu;
mu = 26  - uniform([1, 9], 4);
mu = x  - 15 * 29;
x = 25 * 10;
mu = 26  - uniform([1, 9], 1);
 x = sigma * gm([1,1,1]);
x = x + mu;

Genotype:
[177, 151, 32, 405, 127, 97, 84, 381, 62, 489, 239, 248, 305, 96, 319, 305, 96, 46, 60, 26, 94, 214, 104, 184, 224, 37, 397, 165, 417, 286, 67, 104, 312, 263, 37, 397, 165, 417, 286, 67, 397, 165, 417, 286, 67, 438, 224, 35, 60, 26, 489, 56, 280, 94, 224, 35, 467, 26, 159, 417, 104, 312, 381, 224, 104, 145, 46, 60, 26, 94, 214, 104, 114, 224, 37, 397, 165, 417, 286, 67, 438, 224, 35, 60, 26, 489, 326, 280, 94, 305, 104, 312, 224, 281, 366, 438, 260]
Tree:
None
Fitness on 5000 data:
-6.311866644141816

Fitness:
-5.774575009141204