Generation:
500

Phenotype:
cond = 21 * 25  - gm([6, 27.3, 29], [17.5, 18, 22.2], [17, 7.8, 8]);
skill1 = gm([21.8, 21, 5.2])  - 0  * uniform([29, 7], 1);
skill2 = 7  * uniform([3, 3], 1)  - 15;
 cond = 1.3*skill2; 
cond = skill1 - cond; 
if cond > 0 { 
  p1wins = 1.0;
 } else { 
   p1wins = 0.0; 
 } end if;

Genotype:
[297, 478, 478, 92, 483, 245, 374, 197, 486, 304, 126, 393, 7, 440, 440, 155, 306, 155, 306, 184, 301, 425, 482, 391, 244, 49, 9, 425, 451, 210, 478, 451, 159, 69, 484, 180, 101, 440, 467, 180, 455, 486, 237, 374, 197, 486, 304, 126, 393, 7, 377, 487, 361, 155, 306, 184, 26, 285, 424, 387, 256, 192, 9, 425, 451, 69, 10, 34, 306, 470, 208, 425, 96, 387, 256, 192, 9, 425, 451, 69, 10, 34, 32, 76, 494, 125, 426, 486, 367, 184, 421, 270, 223, 457, 446, 328, 8, 137, 198]
Tree:
None
Fitness on 5000 data:
-6.0927917693168805

Fitness:
-5.960971504895715