Generation:
500

Phenotype:
damage = gm([0.6, 0, 0], [0.9, 1, 0]);
preplevel = gm([0.5, 0, 0], [0.1, 1, 0], [0.1, 2, 0]) + 0;

Genotype:
[148, 154, 480, 419, 25, 498, 146, 261, 72, 32, 44, 201, 240, 36, 396, 255, 480, 287, 413, 265, 36, 396, 255, 480, 152, 90, 398, 194, 287, 413, 265, 69, 237, 240, 146, 149, 72, 32, 271, 183, 154, 480, 437, 236, 213, 80, 428, 77, 132, 91, 72, 32, 44, 183, 150, 402, 85, 2, 37, 411, 344, 466, 276, 357, 402, 115, 413, 37, 411, 344, 466, 387, 258, 276, 357, 201, 317, 27, 215, 425, 367, 110, 434, 283, 174]
Tree:
None
Fitness on 5000 data:
-1.9229334718371256

Fitness:
-1.5484593564961415