Generation:
500

Phenotype:
skill1 = gm([15, 23.1, 5])  - bern(0.1); 
skill2 = 5  - skill1;
skill2 = gm([17.3, 17, 3.6], [29, 22.6, 3])  - 15  * p1wins; 
if gm([2, 16, 16.3]) >= 28 { 
  p1wins = 1;
 } else { 
   p1wins = 0; 
 } end if;

Genotype:
[114, 92, 357, 141, 380, 8, 294, 23, 54, 405, 200, 439, 309, 199, 225, 131, 305, 380, 315, 105, 244, 296, 285, 140, 392, 497, 119, 357, 389, 409, 449, 141, 380, 36, 48, 113, 127, 59, 12, 10, 91, 307, 425, 221, 162, 437, 193, 294, 0, 382, 59, 12, 456, 357, 186, 154, 405, 382, 295, 119, 357, 389, 382, 59, 12, 456, 309, 257, 59, 290, 130, 141, 380, 8, 120, 23, 154, 405, 382, 439, 309, 470, 380, 315, 303, 244, 296, 285, 140, 392, 497, 119, 357, 141, 333, 357, 141, 119, 357, 141, 380, 8, 48, 113, 380, 8, 48, 113, 320, 59, 12, 46, 301, 307, 425, 382, 59, 12, 456, 309, 257, 59, 12, 46, 500, 307, 48, 113, 257, 59, 12, 46, 301, 33, 425, 25, 315, 408, 46, 301, 307, 23, 104, 162, 437, 193, 476, 131, 456, 309, 199, 382, 59, 12, 335, 315, 408, 244, 296, 83, 168, 231, 497, 119, 357, 141, 119, 357, 141, 380, 0, 131, 192, 25, 162, 437, 193, 476, 0, 51, 225, 380, 315, 408, 46, 301, 307, 23, 25, 162, 437, 193, 476, 0, 382, 59, 12, 352, 301, 307, 23, 25, 162, 437, 16, 476, 0, 382, 225, 218, 170, 359, 452, 296, 285, 206, 290, 362, 186, 46, 301, 307, 23, 25, 162, 437, 193, 476, 380, 8, 48, 113, 244, 296, 285, 206, 290, 362, 186, 211, 97, 288, 67, 281, 190]
Tree:
None
Fitness on 5000 data:
-6.448137881771279

Fitness:
-5.938089160757047