Generation:
500

Phenotype:
a = 28  * b + 22  * uniform([2, 6], 2); 
b = uniform([21, 17.5], 4)  - uniform([25, 6], 3); 
a = 4  - gm([22.5, 4, 2]);;

Genotype:
[107, 46, 367, 28, 186, 101, 7, 487, 188, 343, 442, 491, 73, 176, 195, 332, 176, 485, 482, 229, 67, 249, 212, 149, 178, 185, 466, 393, 428, 493, 336, 35, 65, 208, 314, 111, 427, 178, 195, 332, 427, 178, 35, 50, 312, 143, 297, 196, 382, 249, 212, 355, 196, 92, 256, 422, 46, 339, 361, 490, 174, 139, 239, 70, 270, 356, 15]
Tree:
None
Fitness on 5000 data:
-5.373831021824765

Fitness:
-5.006805005140997