Generation:
500

Phenotype:
sigma = gm([25, 2, 1], [1.2, 26, 8.2]) + sigma;
mu = uniform([23, 7], 1)  - uniform([3, 7], 3);
x = 20 + 25  * uniform([27, 9.4], 1);
 x = sigma * gm([1,1,1]);
x = x + mu;

Genotype:
[392, 427, 120, 479, 334, 250, 432, 451, 401, 300, 56, 240, 312, 18, 63, 470, 139, 125, 334, 206, 274, 169, 163, 460, 177, 120, 394, 334, 345, 432, 128, 42, 440, 457, 388, 492, 388, 291, 203, 282, 460, 177, 34, 336, 144, 120, 203, 55, 128, 336, 144, 460, 428, 140, 399, 399, 133, 336, 144, 460, 428, 192, 302, 78, 126, 273, 146, 245, 451, 103, 300, 56, 240, 125, 18, 33, 140, 139, 440, 492, 388, 92, 203, 451, 460, 177, 42, 336, 144, 460, 428, 192, 245, 78, 126, 273, 146, 371, 204, 321, 301, 262, 220, 460, 428, 192, 302, 78, 355, 273, 247, 126, 139, 399, 120, 479, 334, 19, 432, 451, 103, 300, 56, 240, 125, 18, 33, 140, 139, 440, 492, 388, 29, 91, 162, 94, 14, 465, 40, 56, 275, 453, 27, 280, 33, 109, 241, 109, 484, 327, 184, 380, 67, 150, 435, 139, 437, 427, 280, 142, 80, 489]
Tree:
None
Fitness on 5000 data:
-6.187415131866492

Fitness:
-5.803920063704859