Generation:
500

Phenotype:
skill1 = gm([12, 19.8, 5.3]); 
skill2 = gm([26, 14.3, 4]) + 8 * 1;
cond = gm([26, 14.3, 4])  - 8 * 27; 
if 26 * gm([16.7, 19.5, 4.2], [6.5, 14.2, 19]) <= 9 { 
  p1wins = 1;
 } else { 
   p1wins = 0; 
 } end if;

Genotype:
[419, 345, 330, 205, 176, 384, 384, 287, 50, 457, 193, 439, 272, 400, 33, 5, 208, 20, 491, 477, 355, 182, 264, 252, 281, 123, 132, 218, 147, 378, 17, 47, 212, 33, 5, 208, 20, 491, 477, 355, 182, 264, 252, 281, 123, 132, 27, 87, 378, 17, 491, 477, 355, 17, 47, 15, 489, 112, 463, 245, 314, 37, 214, 121, 99, 499, 469, 417, 208, 20, 50, 477, 102, 182, 148, 252, 281, 69, 132, 218, 87, 378, 17, 47, 218, 87, 378, 17, 47, 15, 2, 112, 463, 113, 311, 37, 214, 121, 99, 499, 355, 182, 37, 306, 281, 69, 132, 218, 87, 378, 17, 47, 15, 2, 218, 478, 466, 259, 252]
Tree:
None
Fitness on 5000 data:
-6.207692423144724

Fitness:
-5.810223977452599