Generation:
500

Phenotype:
u = u + bern(0.2); 
v = 15  * uniform([22, 1.2], 2) + 24  * uniform([3, 3], 3); 
w = uniform([2, 7], 1);
v = uniform([5, 7.1], 1);;

Genotype:
[86, 484, 27, 372, 237, 78, 115, 136, 376, 391, 232, 42, 146, 285, 94, 37, 377, 19, 427, 422, 34, 164, 317, 422, 219, 369, 394, 219, 240, 330, 188, 351, 294, 93, 139, 219, 444, 394, 377, 19, 7, 270, 484, 27, 140, 73, 417, 31, 391, 249, 42, 70, 285, 405, 209, 192, 49, 170, 422, 34, 294, 93, 139, 219, 444, 394, 231, 422, 34, 294, 93, 139, 219, 7, 471, 269]
Tree:
None
Fitness on 5000 data:
-5.685718117706335

Fitness:
-4.858234918858717