Generation:
500

Phenotype:
u = bern(0.3)  - 0; 
 v = x + bern(0.9); 
 w = bern(0.1)  - x; 
  if bern(0.3) < 1 { 
       if x + bern(0.1) + bern(0.5) + bern(0.4) >= 1{ 
             x = 1 + 0; 
       } else { 
             x = 1  - x; 
       } end if; 
 } else { 
       if bern(0.4) < 0{ 
             x = bern(0.6)  - x; 
       } else { 
             x = 0; 
       } end if; 
 } end if;

Genotype:
[203, 494, 258, 417, 128, 379, 182, 454, 260, 380, 479, 194, 351, 431, 470, 234, 145, 153, 312, 24, 359, 363, 250, 131, 56, 24, 359, 359, 13, 194, 351, 431, 353, 234, 145, 153, 22, 24, 495, 363, 250, 131, 22, 153, 375, 359, 24, 359, 363, 131, 56, 24, 359, 13, 234, 145, 12, 312, 180, 359, 200, 359, 113, 312, 24, 307, 363, 131, 56, 24, 359, 13, 234, 145, 12, 312, 180, 358, 131, 56, 24, 359, 205, 359, 113, 358, 259, 142, 447, 219, 335, 281, 232, 435, 332, 349, 341, 113, 217, 214, 225, 398, 297, 363, 128, 379, 148, 219, 335, 281, 228, 435, 332, 349, 341, 359, 205, 359, 113, 358, 259, 142, 447, 219, 335, 281, 232, 435, 332, 349, 341, 113, 217, 214, 225, 398, 297, 363, 128, 379, 306, 454, 260, 453, 479, 20, 351, 168, 31, 234, 359, 213, 461, 246, 360, 192, 301, 10, 9, 198, 398, 297, 411, 275, 454, 260, 359, 205, 358, 131, 56, 308, 359, 308, 358, 259, 142, 447, 208, 335, 281, 232, 435, 332, 349, 341, 113, 217, 214, 225, 398, 297, 363, 128, 379, 306, 454, 260, 453, 479, 20, 351, 168, 31, 234, 359, 213, 477, 246, 360, 192, 301, 10, 9, 198, 398, 297, 411, 275, 454, 260, 453, 148, 290, 31, 142, 411, 213, 477, 26, 351, 431, 31, 234, 145, 227, 312, 379, 306, 454, 462, 281, 232, 435, 72, 359, 310, 358, 131, 238, 290, 31, 259, 142, 447, 208, 335, 281, 232, 435, 332, 349, 341, 113, 217, 214, 225, 25, 211, 424, 123, 289, 243, 324, 496, 168, 306, 31, 457, 273, 342, 261, 462, 98, 462, 417, 60, 16]
Tree:
None
Fitness on 5000 data:
-1.8245033693077048

Fitness:
-1.4980788797620002