Generation:
500

Phenotype:
a = gm([24.9, 0, 3]); 
b = 17  * uniform([27, 4], 1) + 15 * 7; 
b = gm([19.4, 8, 1.5], [12.4, 8, 0.6], [23.3, 7.3, 13])  - uniform([0, 1], 4);;

Genotype:
[434, 63, 390, 178, 72, 421, 427, 17, 254, 0, 178, 34, 421, 475, 17, 254, 58, 86, 102, 72, 56, 431, 325, 7, 237, 8, 113, 453, 239, 156, 256, 99, 357, 453, 75, 252, 256, 53, 156, 256, 99, 403, 353, 75, 488, 256, 99, 496, 86, 102, 425, 54, 317, 309, 7, 128, 424, 199, 453, 53, 465, 256, 99, 315, 168, 256, 106, 152, 72, 421, 427, 21, 254, 0, 350, 34, 421, 427, 17, 176, 433, 86, 102, 318, 77, 107, 309, 7, 378, 63, 390, 178, 72, 421, 427, 21, 254, 0, 178, 34, 421, 427, 17, 138, 433, 86, 224, 421, 427, 17, 254, 315, 86, 102, 318, 77, 431, 309, 7, 237, 8, 357, 453, 437, 168, 256, 106, 102, 318, 77, 431, 309, 7, 378, 8, 284, 453, 53, 156, 256, 99, 390, 178, 72, 421, 390, 178, 72, 421, 427, 17, 254, 0, 178, 34, 421, 427, 17, 256, 461, 315, 398, 431, 309, 7, 378, 207, 357, 453, 21, 156, 100, 375, 315, 86, 102, 318, 77, 418, 37, 440, 350, 77, 3, 356, 480, 315, 432, 102, 318, 77, 432, 17, 414, 315, 86, 102, 318, 77, 431, 309, 7, 378, 8, 357, 453, 53, 333, 256, 480, 76, 360, 199, 473, 259, 206, 20, 370, 276, 199, 292, 350, 334, 466, 269, 118, 248, 388, 221, 487, 404, 130, 252, 3, 483, 98, 106, 54, 169, 485, 396, 444, 453, 259, 206, 20, 370, 276, 238, 292, 350, 334, 466, 269, 118, 248, 388, 221, 487, 404, 130, 252, 3, 483, 98, 66, 418, 37, 440, 304, 123, 435, 275, 244, 139, 188, 246, 166, 324, 276, 164, 457, 89, 408, 380, 237, 220, 30, 181, 251, 309, 88, 99, 168, 51, 266, 288, 88, 184, 441, 32, 113, 82, 257, 426, 460, 160, 170, 14, 379, 15, 221, 470, 416, 177, 207, 9, 67, 14, 268, 5, 110, 486, 236, 320, 75, 133, 427, 457, 453, 455, 483, 332, 206, 299, 473, 259, 206, 20, 370, 276, 238, 292, 350, 334, 466, 269, 118, 248, 388, 221, 487, 486, 236, 320, 75, 133, 427, 457, 453, 455, 483, 332, 206, 299, 473, 259, 206, 20, 370, 276, 238, 292, 350, 334, 77, 431, 309, 377, 378, 323, 460, 16, 119, 66, 418, 37, 440, 17, 414, 17, 414, 315, 86, 102, 318, 77, 431, 309, 7, 378, 8, 357, 453, 53, 333, 256, 480, 76, 360, 199, 473, 259, 206, 20, 370, 276, 238, 292, 350, 334, 466, 269, 118, 248, 388, 221, 487, 404, 130, 252, 3, 483, 98, 106, 54, 169, 485, 396, 444, 453, 259, 206, 20, 370, 276, 238, 292, 350, 334, 466, 269, 118, 248, 388, 221, 487, 404, 130, 252, 3, 483, 98, 66, 418, 37, 440, 304, 123, 435, 275, 244, 139, 188, 246, 166, 324, 276, 164, 457, 89, 408, 380, 237, 220, 30, 181, 251, 309, 88, 99, 168, 51, 266, 288, 88, 184, 441, 32, 113, 82, 257, 426, 460, 160, 170, 314, 379, 15, 221, 470, 416, 177, 207, 9, 67, 14, 268, 5, 110, 486, 236, 320, 75, 133, 427, 457, 453, 455, 483, 332, 206, 299, 473, 259, 206, 20, 370, 276, 238, 292, 350, 334, 466, 269, 118, 248, 388, 221, 487, 486, 236, 320, 75, 133, 427, 457, 453, 455, 483, 332, 206, 299, 473, 259, 206, 20, 370, 276, 238, 292, 350, 334, 466, 269, 118, 248, 388, 221, 487, 404, 130, 252, 3, 483, 98, 106, 54, 169, 485, 396, 444, 379, 139, 142, 250, 162, 138, 291, 187, 329, 31, 498, 180, 325, 447, 82, 176, 225, 385, 24, 23, 157, 477, 188, 471, 64, 149, 116, 392, 484, 214, 376, 54, 339, 187]
Tree:
None
Fitness on 5000 data:
-5.253676737842776

Fitness:
-4.73116061160279