Generation:
500

Phenotype:
sigma = 18  * uniform([26, 7], 3) + 5;
sigma = 15  - uniform([12, 4], 2);
mu = 18  * uniform([17, 2], 1) + mu;
x = uniform([6, 5], 1) + uniform([7, 14.5], 1);
mu = gm([16.3, 0, 18]);
mu = gm([21, 29, 1.7], [5, 29.2, 9])  - uniform([6, 6], 2);

Genotype:
[52, 32, 418, 288, 283, 241, 361, 204, 371, 243, 192, 33, 414, 2, 222, 253, 107, 78, 343, 253, 161, 176, 132, 418, 480, 239, 384, 322, 210, 33, 74, 210, 174, 42, 31, 196, 80, 239, 420, 18, 424, 152, 96, 222, 492, 161, 258, 40, 293, 418, 480, 239, 378, 188, 67, 268, 42, 161, 162, 35, 293, 418, 480, 239, 378, 176, 444, 393, 339, 229, 98, 107, 78, 434, 42, 31, 312, 80, 105, 32, 418, 480, 239, 162, 253, 161, 322, 83, 138, 432, 217, 435, 348, 372, 320, 191, 217, 215, 352, 372, 102, 312, 254, 316, 244, 392, 13, 253, 107, 78, 343, 253, 161, 176, 20, 12, 432, 217, 215, 348, 372, 102, 312, 254, 316, 418, 480, 239, 384, 322, 210, 33, 56, 210, 174, 42, 31, 196, 80, 239, 420, 18, 105, 152, 458, 222, 492, 161, 258, 40, 293, 418, 480, 239, 378, 188, 67, 268, 42, 161, 162, 35, 152, 458, 222, 253, 107, 78, 343, 253, 161, 176, 20, 12, 275, 217, 215, 348, 372, 102, 312, 254, 316, 418, 480, 239, 384, 322, 210, 33, 239, 378, 176, 444, 393, 339, 229, 132, 80, 421, 434, 42, 31, 80, 421, 282, 42, 31, 196, 80, 105, 32, 418, 480, 239, 162, 253, 161, 176, 20, 12, 432, 217, 215, 348, 372, 102, 312, 254, 32, 418, 480, 239, 482, 322, 210, 33, 56, 210, 282, 42, 31, 196, 80, 105, 32, 418, 480, 46, 162, 28, 67, 393, 348, 372, 201, 369, 126, 0, 258, 35, 293, 255, 88, 52, 16, 179, 270, 396, 418, 321, 87, 102, 56, 162, 81, 166, 221, 57, 227, 261, 267, 81, 456, 195, 288, 244, 490, 101, 495, 200, 154, 42, 420, 154, 407, 484, 326, 88, 253, 60, 300, 257, 119, 407, 484, 134, 262, 353, 179, 300, 448, 399, 42, 186, 420, 289, 33, 221, 57, 227, 261, 267, 81, 456, 195, 288, 244, 490, 101, 495, 200, 154, 42, 420, 154, 407, 484, 326, 88, 253, 60, 300, 257, 119, 407, 484, 134, 262, 353, 179, 300, 448, 399, 42, 186, 420, 289, 33, 152, 60, 386, 125, 475, 419, 482, 236]
Tree:
None
Fitness on 5000 data:
-7.893439923190949

Fitness:
-6.968096785982497