Generation:
500

Phenotype:
earthquake = alarm + earthquake; 
  burglary = 0; 
    if bern(0.1) < 1 { 
        if earthquake != 0 { 
              alarm = 0 + 0; 
        } else { 
              alarm = johncalls; 
        } end if; 
  } else { 
        if earthquake != 0 { 
              alarm = 0 + bern(0.6); 
        } else { 
              alarm = johncalls; 
        } end if; 
  } end if; 
    if earthquake == 0 { 
        johncalls = 0 + 0; 
  } else { 
        johncalls = bern(0.6) + earthquake; 
  } end if;

Genotype:
[148, 55, 452, 252, 138, 278, 202, 197, 6, 119, 446, 409, 278, 107, 72, 0, 119, 324, 409, 173, 478, 52, 187, 244, 213, 412, 45, 72, 0, 119, 324, 409, 173, 286, 52, 187, 394, 42, 131, 185, 156, 412, 312, 295, 94, 493, 162, 414, 433, 181, 334, 167, 328, 337, 390, 241, 410, 336, 450, 429, 295, 73, 149, 106, 200, 288, 404, 498, 393, 85, 491, 125, 325, 240, 413, 383, 222, 239, 176, 189, 21, 84, 364, 192, 184, 54, 74, 402, 19, 271, 85, 158, 447, 220, 262, 445, 112, 204, 366, 68, 455, 476, 264, 159, 283, 201, 106, 184, 136, 474, 189, 100, 351, 277, 136, 188, 491, 68, 459, 475, 248, 355, 156, 443, 82, 184, 279, 113, 404, 346, 404, 280, 178, 282, 146, 200, 325, 85, 235, 128, 21, 385, 182, 141, 74, 227, 275, 226, 176, 455, 260, 193, 405, 393, 176, 383, 309, 116, 60, 352, 409, 21, 182]
Tree:
None
Fitness on 5000 data:
-inf

Fitness:
0.0