Generation:
500

Phenotype:
mu = 2  * gm([6.2, 8.9, 2.2])  - 30  * x; 
sigma = 30  * sigma + gm([14, 3, 2]);
x = gm([11.2, 1.2, 2], [0, 11.9, 23.9]);
x = x + mu;

Genotype:
[240, 233, 214, 33, 364, 122, 273, 99, 361, 435, 194, 170, 149, 64, 73, 397, 433, 378, 5, 247, 97, 30, 102, 382, 72, 250, 378, 162, 138, 62, 251, 350, 219, 282, 345, 496, 57, 387, 414, 91, 341, 466, 145, 348, 219, 86, 364, 62, 251, 476, 251, 175, 364, 296, 64, 69, 126, 428, 378, 348, 435, 19, 144, 88, 341, 378, 122, 251, 298, 468, 435, 317, 348, 460, 161, 351, 254, 295, 428, 268, 378, 348, 460, 161, 122, 254, 295, 438, 110, 362, 72, 114, 479, 2, 382, 72, 33, 94, 486, 268, 428, 469, 163, 338, 160, 222, 484, 269, 298, 468, 419, 317, 170, 57, 19, 69, 268, 428, 378, 348, 247, 97, 479, 102, 382, 201, 394, 195, 26, 220, 407, 103, 290, 484, 269, 304, 367, 362, 72, 192, 212, 375, 120, 273, 191, 283, 256, 6, 300, 7, 450, 414, 272]
Tree:
None
Fitness on 5000 data:
-6.94755880266159

Fitness:
-6.66571099167958