Generation:
500

Phenotype:
mu = 9 * 0  - 21  * mu;
x = gm([22.2, 22, 5], [22.2, 22, 5], [3, 2.4, 23])  - 19  * sigma;
mu = gm([18, 15, 4]) + 5;
sigma = 4  * uniform([0, 2], 1)  - 2;

Genotype:
[395, 412, 268, 69, 462, 302, 89, 465, 412, 31, 487, 393, 468, 60, 328, 9, 290, 149, 474, 223, 69, 23, 425, 325, 362, 456, 266, 129, 69, 259, 425, 325, 362, 456, 266, 129, 362, 4, 220, 393, 436, 462, 462, 302, 325, 236, 57, 367, 419, 436, 54, 462, 127, 102, 331, 436, 462, 18, 484, 325, 362, 4, 110, 188, 470, 462, 462, 484, 13, 35, 4, 314, 476, 0, 266, 325, 60, 437, 266, 188, 436, 462, 462, 484, 325, 362, 57, 266, 188, 418, 462, 462, 127, 102, 331, 436, 462, 462, 484, 325, 362, 57, 456, 475, 161, 128, 376, 154, 314, 476, 113, 363, 225, 141, 209, 189, 124, 72, 343, 2, 242, 127, 102, 331, 201, 395, 331, 75, 176, 369, 101, 294, 406, 179, 345, 317, 452]
Tree:
None
Fitness on 5000 data:
-7.210950477601541

Fitness:
-7.270316650081859