Generation:
500

Phenotype:
skill1 = 0 + gm([2, 19.3, 5]); 
skill2 = uniform([21, 20.3], 1)  - 6;
skill2 = uniform([12, 17.7], 1) + 0; 
if uniform([26, 2], 3) + 20 * gm([20.1, 9.4, 11.5]) < 20 { 
  p1wins = 1;
 } else { 
   p1wins = 0; 
 } end if;

Genotype:
[145, 211, 86, 440, 310, 270, 313, 366, 178, 312, 27, 453, 389, 348, 408, 437, 18, 354, 207, 197, 175, 497, 400, 77, 482, 316, 0, 118, 60, 301, 268, 423, 54, 198, 109, 296, 69, 164, 428, 86, 31, 253, 41, 310, 270, 26, 258, 46, 354, 290, 197, 175, 497, 400, 301, 268, 423, 41, 381, 354, 83, 166, 301, 268, 423, 54, 259, 479, 497, 400, 77, 208, 489, 0, 118, 60, 301, 268, 423, 54, 198, 7, 296, 318, 242, 280, 490, 31, 479, 497, 400, 77, 482, 316, 0, 118, 60, 301, 268, 423, 54, 198, 7, 296, 318, 242, 280, 53, 258, 46, 354, 146, 259, 479, 497, 400, 77, 482, 316, 0, 118, 60, 301, 268, 423, 54, 198, 7, 296, 318, 242, 280, 490, 31, 253, 41, 381, 256, 373, 105, 86, 291, 378, 53, 258, 46, 96, 17, 428, 227, 3, 70, 354, 83, 57, 7, 15, 290, 231, 371, 83, 57, 7, 15, 211, 342, 437, 141, 0, 118, 60, 393, 268, 480, 54, 198, 7, 296, 318, 242, 280, 490, 31, 253, 41, 381, 354, 83, 57, 7, 15, 290, 231, 371, 317, 298, 308, 233, 290, 186, 48, 349, 356, 18, 88, 73, 376, 345, 93, 140, 140, 3, 306, 231, 371, 317, 298, 308, 233, 464, 111, 325, 101, 422, 9, 480, 325, 199, 355]
Tree:
None
Fitness on 5000 data:
-6.111071984927566

Fitness:
-5.830465693402711