Generation:
500

Phenotype:
skill2 = uniform([9, 18.2], 1);
p1wins = 24;
skill1 = uniform([15, 12.2], 1) + 9  * bern(0.1);
 cond = 1.3*skill2; 
cond = skill1 - cond; 
if cond > 0 { 
  p1wins = 1.0;
 } else { 
   p1wins = 0.0; 
 } end if;

Genotype:
[467, 493, 72, 126, 205, 219, 408, 182, 102, 325, 111, 190, 244, 370, 302, 326, 441, 50, 404, 148, 441, 50, 497, 268, 343, 60, 102, 325, 111, 260, 244, 244, 370, 40, 151, 441, 50, 404, 268, 29, 60, 370, 302, 151, 441, 404, 277, 325, 111, 190, 244, 404, 268, 29, 15, 408, 331, 166, 355, 184, 239, 255, 342, 148, 362, 63, 432, 303, 166, 355, 184, 255, 342, 148, 362, 63, 151, 441, 50, 404, 363, 246, 278, 124, 50, 310, 229, 52, 321, 124, 50, 328, 255, 255, 159, 200, 362, 255, 356, 142, 265, 297, 35, 295]
Tree:
None
Fitness on 5000 data:
-5.787618198935065

Fitness:
-5.704190479916951