Generation:
500

Phenotype:
u = gm([24.6, 7, 14])  - 24  * u; 
v = w + gm([21, 12, 2.8], [2.1, 1, 15.5]); 
w = 2  * uniform([0, 4.8], 1);
u = bern(0.2);;

Genotype:
[427, 455, 414, 309, 166, 75, 55, 158, 212, 38, 0, 231, 124, 396, 32, 189, 178, 69, 448, 341, 381, 469, 237, 480, 21, 148, 198, 243, 64, 439, 428, 495, 312, 189, 354, 187, 455, 108, 40, 402, 439, 436, 230, 0, 431, 97, 484, 240, 420, 436, 118, 465, 273, 108, 491, 217, 6, 466, 493, 305, 171, 369, 383, 238, 98, 158, 212, 261, 267, 393, 57, 124, 346, 169, 126, 158, 117, 380, 309, 166, 75, 55, 158, 212, 38, 0, 231, 343, 436, 230, 403, 431, 260, 484, 422, 207, 420, 268, 6, 466, 114, 305, 171, 369, 59, 76, 283, 287, 115, 176, 56, 100, 150, 362, 208, 55, 356, 440, 70, 106, 194]
Tree:
None
Fitness on 5000 data:
-5.714233469464709

Fitness:
-5.304952071279803