Generation:
500

Phenotype:
x = x;
w = w + bern(0.1);
if bern(0.1) > 0 { 
   u = bern(0.9); 
 } else { 
   x = 0 + 0;
  u = 1 + x;
  v = 1 + bern(0.7);
  u = bern(0.2); 
 } end if;
v = bern(0.9);
x = bern(0.6) + 0;

Genotype:
[425, 406, 98, 207, 45, 206, 296, 251, 497, 246, 100, 346, 487, 284, 282, 302, 22, 117, 126, 278, 461, 141, 448, 425, 396, 375, 330, 84, 192, 376, 440, 141, 22, 469, 422, 107, 372, 171, 211, 403, 149, 190, 445, 76, 490, 384, 392, 292, 159, 381, 100, 346, 487, 376, 282, 141, 22, 117, 193, 278, 401, 141, 448, 86, 20, 324, 330, 374, 423, 217, 356, 63, 21, 324, 148, 417, 107, 452, 270, 479, 291, 202, 172, 359, 32, 67, 376, 272, 490, 466, 278, 461, 192, 278, 285, 490, 274, 158, 88, 289, 364, 288, 484, 312, 370, 361, 261, 172, 179, 57, 226, 31, 498, 282, 13, 443, 397, 187, 10, 328, 207, 487, 12, 435, 61, 319, 143, 331, 211, 476, 149, 290, 445, 76, 490, 384, 5, 437, 58, 474, 142, 172, 359, 286, 426, 439, 274, 280, 260, 288, 322, 347, 32, 372, 86, 20, 324, 330, 374, 241, 217, 356, 63, 21, 324, 78, 327, 13, 127, 462, 444, 215, 458, 233, 339, 62, 100, 327, 13, 127, 462, 444, 215, 458, 233, 339, 319, 500, 215, 490, 154, 21, 342, 482, 72, 248, 183, 393, 339, 460, 420]
Tree:
None
Fitness on 5000 data:
-1.9821944795323965

Fitness:
-1.6262750338734302