Generation:
500

Phenotype:
a = gm([30, 1.3, 1.7])  - 0  * uniform([21, 13.5], 3); 
if a < 0 { 
  b = 3 * a + gm([1,0.,1.]); 
 } else { 
  b = gm([1,8.,1.]); 
 } end if;

Genotype:
[298, 237, 214, 163, 350, 170, 330, 382, 356, 214, 30, 341, 280, 326, 75, 280, 42, 19, 62, 218, 393, 291, 13, 202, 134, 399, 223, 330, 382, 444, 399, 467, 30, 83, 280, 42, 134, 188, 325, 356, 177, 92, 248, 415, 150, 374, 347, 263, 263, 402, 143, 23, 55, 123, 72, 422, 384, 80, 225, 189, 254, 151, 470]
Tree:
None
Fitness on 5000 data:
-3.6083278934063583

Fitness:
-3.3831051970191153