Generation:
500

Phenotype:
mu = 7  * uniform([2, 2], 1)  - 17 * 0;
x = gm([29, 3, 4.5]) + uniform([16, 5], 4);
sigma = uniform([0, 4], 1) + sigma;

Genotype:
[482, 319, 60, 175, 24, 332, 304, 162, 2, 343, 162, 298, 312, 116, 159, 48, 372, 40, 496, 386, 46, 444, 448, 196, 452, 308, 8, 499, 55, 252, 490, 438, 164, 388, 184, 265, 95, 36, 382, 479, 415, 103, 312, 116, 372, 438, 327, 324, 132, 426, 496, 386, 46, 444, 448, 396, 205, 60, 2, 251, 162, 307, 60, 337, 87, 334, 46, 438, 425, 344, 237, 36, 118, 182, 262, 118, 434, 180, 319, 468, 261, 108, 27, 118, 434, 192, 412, 456, 327, 44, 33, 413, 25, 395, 363, 103, 314, 343, 87, 334, 46, 438, 425, 344, 344, 48, 372, 438, 182, 386, 46, 444, 448, 196, 452, 242, 200, 88, 479, 77, 245, 438, 491, 344, 196, 344, 182, 36, 118, 182, 190, 464, 20, 302, 456, 480, 43, 2, 60, 310, 319, 468, 261, 108, 27, 262, 464, 341, 16, 491, 180, 302, 456, 480, 43, 128, 276, 32, 143, 325, 211, 161, 337, 46, 299, 279, 211, 334, 46, 438, 425, 344, 182, 36, 118, 182, 262, 262, 464, 190, 464, 20, 341, 16, 93, 180, 302, 456, 480, 43, 2, 438, 182, 386, 46, 438, 425, 344, 182, 36, 118, 182, 262, 464, 190, 464, 20, 341, 16, 93, 180, 302, 456, 480, 43, 2, 60, 310, 319, 468, 261, 108, 27, 118, 434, 360, 282, 412, 88, 479, 84, 245, 438, 50, 344, 182, 36, 118, 182, 262, 464, 190, 464, 20, 341, 16, 491, 180, 302, 456, 480, 43, 128, 276, 32, 143, 219, 7, 23, 45, 223, 52, 495, 334, 280, 252, 77, 200, 439, 307, 444, 448, 196, 452, 242, 200, 88, 479, 77, 245, 438, 50, 344, 182, 36, 118, 182, 262, 464, 190, 464, 20, 341, 16, 491, 180, 302, 456, 480, 43, 128, 276, 32, 143, 325, 7, 11, 337, 46, 299, 279, 211, 334, 242, 381, 206, 169, 389, 236, 165, 131, 369, 495, 334, 92, 31, 42, 441, 470, 344, 113, 24, 280, 101, 319, 467, 394, 77, 161, 495, 200, 25, 395, 363, 290, 314, 343, 87, 320, 213, 42, 431, 24, 464, 251, 365, 353, 54, 476, 242]
Tree:
None
Fitness on 5000 data:
-6.933350682894313

Fitness:
-6.757635055246952