Generation:
500

Phenotype:
skill1 = gm([16.7, 19.4, 5]) + p1wins;
skill2 = uniform([18, 15.5], 3)  - 6;
 cond = 1.3*skill2; 
cond = skill1 - cond; 
if cond > 0 { 
  p1wins = 1.0;
 } else { 
   p1wins = 0.0; 
 } end if;

Genotype:
[160, 407, 246, 474, 84, 13, 345, 253, 170, 331, 388, 312, 457, 143, 93, 444, 470, 483, 392, 474, 66, 70, 148, 377, 461, 213, 186, 266, 461, 356, 427, 406, 407, 464, 161, 206, 489, 206, 132, 296, 317, 246, 38, 360, 390, 358, 357, 398, 442, 474, 84, 235, 345, 397, 170, 215, 80, 312, 457, 305, 38, 360, 390, 358, 357, 398, 442, 474, 84, 235, 235, 345, 397, 170, 109, 80, 312, 457, 305, 307, 246, 350, 427, 186, 266, 461, 80, 29, 406, 407, 464, 161, 206, 489, 206, 132, 296, 317, 12, 120, 450, 120, 61, 366, 199, 278, 88, 336, 98, 266, 33, 154, 130, 210, 34, 71, 408, 144, 140]
Tree:
None
Fitness on 5000 data:
-6.0859417521838965

Fitness:
-5.670282663982646