Generation:
500

Phenotype:
skill1 = gm([1.4, 18.5, 4]); 
skill2 = bern(0.3); 
p1wins = 18 + p1wins;
p1wins = skill2;
p1wins = uniform([13, 27.3], 4)  - 16 * 24;
skill2 = gm([9, 18, 4.6], [5.3, 21.8, 6]);
p1wins = gm([13.5, 18, 2], [26.1, 7, 9], [20, 8.4, 5.2]);
p1wins = bern(0.4);;

Genotype:
[178, 360, 321, 129, 322, 7, 1, 282, 451, 390, 202, 300, 190, 120, 462, 399, 371, 445, 41, 56, 266, 369, 260, 128, 469, 392, 89, 101, 66, 9, 160, 100, 282, 213, 350, 113, 48, 90, 75, 213, 399, 389, 403, 194, 437, 140, 55, 256, 90, 137, 202, 300, 165, 73, 391, 232, 381, 28, 142, 145, 190, 167, 4, 445, 439, 56, 181, 393, 151, 54, 6, 392, 89, 101, 66, 9, 49, 323, 167, 230, 445, 426, 421, 6, 467, 89, 47, 243, 9, 230, 100, 282, 102, 350, 40, 392, 89, 101, 201, 9, 160, 100, 282, 102, 350, 113, 288, 66, 447, 408, 138, 451, 390, 373, 190, 75, 213, 399, 389, 403, 194, 143, 102, 394, 114, 432, 98, 162, 75, 160, 436, 104, 419, 129, 290, 427, 375, 103, 11, 366, 86, 489, 119, 428, 405, 456, 424, 91, 183, 215, 114, 200, 11, 98, 341, 35, 153, 365, 235, 388, 179, 427, 375, 103, 11, 366, 408, 138, 451, 390, 373, 190, 74, 213, 399, 389, 403, 194, 143, 102, 394, 114, 432, 98, 162, 75, 160, 436, 104, 419, 129, 290, 427, 375, 103, 11, 366, 86, 489, 119, 428, 405, 456, 424, 91, 183, 215, 114, 200, 11, 98, 341, 35, 153, 365, 235, 388, 179]
Tree:
None
Fitness on 5000 data:
-6.506110646423434

Fitness:
-6.2475173682630585