Generation:
500

Phenotype:
burglary = bern(0.1) + alarm;
if burglary == 0 { 
   alarm = bern(0.6); 
 } else { 
   burglary = bern(0.1); 
 } end if; 
  if burglary == 1 { 
       if earthquake == 1 { 
             alarm = gm([0.95, 1, 0.], [0.05, 0, 0]); 
       } else { 
             alarm = gm([0.94, 1, 0], [0.06, 0, 0]); 
       } end if; 
 } else { 
       if earthquake == 1 { 
             alarm = gm([0.29, 1, 0], [0.71, 0, 0]); 
       } else { 
             alarm = gm([0.001, 1, 0], [0.999,0, 0]); 
       } end if; 
 } end if; 
  if alarm == 1 { 
       johncalls = gm([0.9, 1, 0], [0.1, 0, 0]); 
 } else { 
       johncalls = gm([0.05, 1, 0], [0.95, 0, 0]); 
 } end if;

Genotype:
[408, 221, 386, 218, 28, 340, 218, 419, 198, 248, 262, 198, 248, 317, 266, 112, 36, 96, 292, 198, 248, 262, 198, 248, 317, 266, 112, 36, 96, 292, 36, 496, 15, 198, 248, 97, 63, 292, 36, 218, 15, 198, 305, 429, 445, 248, 468, 248, 162, 274, 292, 36, 218, 175, 104, 383, 97, 136, 356, 237, 265, 482, 140, 340, 305, 429, 445, 248, 468, 259, 226, 170, 4, 253, 38, 125, 177, 417, 224, 367, 251, 76, 466, 478, 0, 29, 28, 424, 388, 360, 426, 423, 151, 112, 292, 96, 292, 97, 15, 292, 279, 292, 36, 218, 15, 198, 248, 162, 274, 175, 104, 383, 97, 136, 292, 36, 218, 103, 198, 248, 162, 274, 175, 104, 383, 97, 136, 356, 237, 265, 482, 140, 340, 305, 429, 445, 248, 468, 248, 162, 274, 292, 36, 218, 175, 104, 151, 97, 136, 356, 237, 265, 482, 140, 340, 305, 429, 445, 248, 468, 259, 226, 170, 4, 253, 38, 125, 177, 417, 224, 175, 104, 383, 97, 136, 356, 237, 265, 482, 140, 340, 305, 429, 445, 248, 468, 259, 226, 170, 347, 253, 38, 125, 177, 417, 224, 367, 251, 76, 466, 478, 0, 29, 28, 424, 388, 360, 426, 423, 151]
Tree:
None
Fitness on 5000 data:
-0.22722230948918695

Fitness:
-0.15067729994962883