Generation:
500

Phenotype:
u = uniform([4, 4], 1)  - gm([14, 1, 8.7]); 
v = uniform([4, 9], 2); 
if bern(0.3) <= 9 { 
  if uniform([27, 29.4], 3) <= 26 { 
    w = 4;
   } else { 
     w =  uniform([3, 6], 1); 
   } end if;
 } else { 
   w =  17  * gm([11, 23, 23.2]) + 18  * gm([7, 17, 2], [22, 13.7, 26.6]); 
 } end if;

Genotype:
[9, 209, 252, 114, 97, 44, 327, 340, 420, 213, 368, 272, 107, 40, 342, 307, 101, 447, 492, 45, 2, 159, 212, 332, 233, 151, 354, 298, 451, 227, 361, 350, 265, 300, 64, 178, 58, 239, 339, 75, 222, 433, 336, 321, 269, 328, 314, 18, 129, 406, 406, 46, 185, 44, 49, 340, 420, 213, 368, 420, 414, 64, 116, 325, 85, 235, 28, 235, 9, 361, 350, 255, 300, 265, 300, 64, 178, 58, 239, 339, 75, 222, 433, 336, 5, 339, 75, 444, 327, 376, 325, 271, 343, 103, 385, 127, 336, 5, 127, 5, 380, 171, 200, 240, 271, 308, 230, 249, 341, 194, 212, 217, 301, 208, 345, 405, 94, 11, 82, 363, 279, 376, 325, 271, 343, 103, 385, 127, 336, 34, 420, 207, 339, 75, 222, 239, 339, 75, 222, 433, 336, 307, 52, 263, 492, 45, 2, 159, 212, 332, 233, 151, 354, 28, 451, 69, 361, 350, 239, 339, 75, 222, 433, 336, 321, 269, 328, 314, 342, 307, 52, 263, 492, 45, 2, 159, 212, 332, 233, 151, 354, 28, 451, 9, 361, 350, 265, 300, 64, 178, 359, 239, 339, 75, 222, 346, 336, 321, 269, 328, 105, 18, 129, 297, 27, 46, 185, 108, 347, 481, 129, 233, 151, 354, 28, 77, 9, 474, 454, 265, 300, 64, 178, 58, 239, 339, 75, 222, 433, 336, 5, 339, 75, 444, 327, 376, 325, 271, 343, 103, 385, 127, 336, 5, 127, 5, 380, 171, 200, 240, 271, 308, 230, 249, 341, 194, 212, 217, 301, 254, 281, 17, 323, 158, 318, 120, 77, 258, 486, 145, 12, 6, 328, 167, 394, 65, 369, 109, 344, 352, 60, 39, 194, 212, 217, 301, 307, 52, 160, 492, 45, 2, 159, 212, 332, 233, 151, 354, 28, 77, 9, 474, 454, 265, 300, 64, 178, 58, 239, 339, 75, 222, 433, 336, 5, 339, 75, 444, 327, 376, 325, 271, 343, 103, 385, 127, 336, 5, 127, 5, 380, 171, 200, 240, 271, 308, 230, 249, 341, 194, 212, 217, 301, 254, 281, 17, 323, 158, 318, 120, 77, 129, 441, 145, 12, 6, 328, 167, 394, 65, 369, 109, 344, 352, 60, 39, 286, 17, 372, 463, 162, 105, 60, 85, 173, 468, 438, 285, 287, 379, 439, 17, 7, 237, 297, 27, 482, 185, 108, 347, 481, 154, 283, 281, 459, 271, 404, 9, 361, 350, 265, 53, 64, 178, 58, 239, 339, 147, 222, 380, 191, 341, 381, 95, 289, 200, 240, 271, 308, 230, 249, 341, 194, 212, 217, 301, 254, 281, 17, 323, 158, 318, 120, 77, 129, 441, 145, 12, 6, 328, 167, 394, 65, 369, 109, 344, 352, 60, 39, 286, 17, 372, 463, 162, 105, 60, 85, 173, 468, 438, 285, 287, 379, 247, 212, 67, 395, 383, 54, 441, 154, 361, 225, 13, 100, 412, 131, 395, 254, 159, 434, 246, 146, 409, 325, 224, 444, 259, 10, 289, 241, 58, 149, 417, 461, 266, 400, 461, 239, 234, 243, 225, 56, 320, 15, 365, 256, 199, 388, 448, 63, 467, 473, 3, 32, 206, 10, 149, 189, 26, 86, 214, 461, 337, 327, 416, 493, 190, 150, 193, 434, 311, 500, 358, 443, 388, 391, 174, 66, 324, 460, 37, 48, 488, 181, 71, 92, 130]
Tree:
None
Fitness on 5000 data:
-8.262054883690713

Fitness:
-7.5139748033566205