Generation:
500

Phenotype:
preplevel = gm([0.5, 0, 0], [0.2, 1, 0], [0.3, 2, 0]);
damage = gm([0.1, 0, 0], [0.3, 1, 0]);

Genotype:
[46, 52, 88, 255, 482, 322, 306, 377, 171, 157, 271, 344, 384, 322, 306, 199, 306, 198, 126, 118, 0, 308, 334, 365, 334, 365, 54, 2, 412, 54, 478, 126, 7, 2, 8, 358, 306, 271, 342, 384, 322, 306, 199, 171, 461, 126, 118, 0, 308, 334, 126, 492, 468, 57, 495, 73, 83, 119, 297, 424, 336, 232, 58, 350, 488, 168, 132]
Tree:
None
Fitness on 5000 data:
-1.7534949613138777

Fitness:
-1.543374197086098