Generation:
500

Phenotype:
skill1 = 10 + uniform([3, 13.2], 1);
cond = 30 + p1wins;
skill2 = gm([2.8, 16, 3]) + 5;
p1wins = 7  * bern(0.7);
 cond = 1.3*skill2; 
cond = skill1 - cond; 
if cond > 0 { 
  p1wins = 1.0;
 } else { 
   p1wins = 0.0; 
 } end if;

Genotype:
[267, 400, 288, 479, 372, 292, 125, 70, 444, 435, 230, 499, 467, 199, 325, 360, 438, 90, 383, 40, 104, 422, 371, 132, 480, 130, 296, 180, 140, 57, 286, 315, 249, 252, 63, 436, 394, 260, 295, 170, 282, 194, 474, 191, 153, 112, 40, 114, 261, 85, 472, 315, 249, 252, 63, 436, 394, 260, 295, 170, 282, 194, 474, 191, 153, 104, 422, 371, 132, 480, 480, 130, 296, 180, 140, 57, 286, 315, 249, 252, 63, 436, 394, 498, 295, 170, 282, 180, 140, 57, 286, 315, 249, 252, 63, 436, 394, 498, 295, 170, 236, 422, 371, 87, 71, 295, 17, 490, 474, 315, 249, 252, 63, 436, 394, 260, 295, 170, 282, 194, 474, 191, 153, 112, 40, 114, 261, 498, 295, 170, 282, 194, 474, 191, 153, 112, 40, 114, 261, 85, 288, 164, 94, 290, 435, 230, 499, 119, 199, 325]
Tree:
None
Fitness on 5000 data:
-5.722005992060356

Fitness:
-5.469663069182762