Generation:
500

Phenotype:
burglary=0 + 0; 
 earthquake=alarm; 
 alarm=earthquake; 
 johncalls=earthquake; 
 alarm = burglary  - 0;
alarm = alarm  - burglary;
burglary = 0;
earthquake = burglary;
alarm = alarm  - 0;

Genotype:
[186, 52, 395, 320, 193, 460, 126, 408, 460, 126, 408, 234, 188, 57, 462, 208, 60, 13, 454, 214, 308, 218, 227, 498, 120, 60, 13, 454, 214, 308, 218, 446, 240, 148, 290, 228, 14, 356, 438, 218, 234, 356, 12, 39, 164, 482, 304, 293, 66, 218, 446, 240, 148, 290, 228, 14, 356, 438, 218, 234, 283, 484, 146, 222, 174, 68, 2, 139, 402, 159, 301, 116, 101, 298, 5, 310, 216, 299, 440, 198, 392, 87, 124, 463, 435, 202, 492, 175, 316, 416, 446, 56, 332, 234, 47, 149, 475, 148, 379, 373, 247, 129, 165, 303, 424, 99, 347, 261]
Tree:
None
Fitness on 5000 data:
-inf

Fitness:
0.0