Generation:
500

Phenotype:
skill1 = uniform([12, 5.6], 4) + bern(0.1); 
skill2 = 5  * skill1  - 9; 
p1wins = p1wins  - 2  * p1wins;
skill1 = 29  * bern(0.9)  - bern(0.6);
skill1 = uniform([11, 18.3], 1);
skill2 = gm([19.5, 23, 5.6]) + p1wins;
p1wins = 0  * bern(0.7) + bern(0.2);;

Genotype:
[456, 118, 372, 190, 198, 479, 253, 86, 391, 474, 63, 72, 68, 190, 346, 192, 364, 86, 294, 257, 302, 357, 0, 194, 58, 343, 256, 414, 469, 336, 179, 12, 80, 199, 246, 207, 323, 492, 303, 302, 302, 357, 0, 90, 36, 442, 104, 203, 173, 326, 420, 80, 474, 132, 337, 151, 9, 37, 378, 187, 50, 328, 190, 240, 479, 253, 86, 294, 476, 302, 357, 0, 90, 414, 256, 454, 372, 35, 168, 126, 219, 307, 430, 361, 469, 336, 442, 39, 203, 173, 326, 420, 80, 474, 132, 337, 151, 9, 37, 378, 187, 50, 328, 190, 447, 479, 253, 86, 294, 80, 110, 257, 319, 357, 0, 235, 207, 323, 403, 482, 309, 281, 217, 201, 325, 62, 291, 497, 196, 391, 489, 14, 474, 322, 363, 251, 278, 354, 276, 75, 332, 256, 438, 198, 43, 311, 434, 310, 148, 129, 128, 87, 248, 122, 396, 430, 148, 86, 73, 410, 387, 289, 298, 12, 474, 482, 489, 401, 109, 336, 434, 410, 385, 253, 397, 427, 407, 89, 18, 35, 96, 280, 70, 285, 137, 296, 224, 117, 94, 201, 244, 61, 138, 416, 137, 433, 380, 332, 212, 494, 35, 321, 334, 478, 286, 413, 261, 458]
Tree:
None
Fitness on 5000 data:
-6.328916540141495

Fitness:
-6.076154691391448