Generation:
500

Phenotype:
preplevel = gm([0.9, 0, 0], [0.1, 1, 0], [0.5, 2, 0]); 
  if preplevel == 2 { 
       damage = damage + gm([0.6, 0, 0], [0.1, 1, 0]); 
 } else { 
       if damage != 2 { 
             damage = gm([0.2, 0, 0], [0.9, 1, 0]); 
       } else { 
             damage = 4; 
       } end if; 
 } end if;

Genotype:
[371, 362, 362, 323, 185, 161, 252, 4, 42, 240, 158, 302, 49, 368, 352, 61, 120, 42, 414, 302, 63, 368, 497, 101, 247, 42, 240, 417, 302, 460, 368, 414, 99, 49, 368, 0, 101, 120, 463, 161, 252, 4, 42, 414, 302, 49, 438, 210, 237, 399, 426, 390, 38, 42, 72, 302, 109, 236, 357, 234, 169, 49, 368, 0, 101, 120, 106, 151, 220, 216, 293, 394, 66, 344, 394, 418, 350, 231, 159, 116, 234, 169, 317, 330, 15, 488, 408, 236, 72, 42, 466, 208, 325, 448, 198, 379, 302, 162, 28, 357, 217, 204, 358, 430]
Tree:
None
Fitness on 5000 data:
-1.5570495172287278

Fitness:
-1.3951349679852472