Generation:
500

Phenotype:
skill2 = 9  * bern(0.2) + uniform([23, 4], 3);
skill2 = 11  * skill1 + gm([17, 20.2, 3.8]);
skill1 = gm([19, 22, 5.7], [8.9, 18.9, 1]) + bern(0.2);
p1wins = bern(0.2);;

Genotype:
[204, 181, 358, 399, 268, 496, 424, 288, 271, 19, 72, 470, 426, 496, 48, 90, 102, 153, 370, 250, 358, 445, 232, 90, 102, 153, 370, 250, 358, 445, 268, 496, 127, 127, 403, 446, 264, 27, 354, 352, 468, 437, 411, 158, 360, 182, 394, 427, 408, 177, 274, 293, 163, 386, 45, 204, 278, 322, 125, 264, 27, 460, 54, 130, 7, 389, 90, 264, 251, 460, 54, 169, 143, 232, 90, 102, 153, 12, 465, 90, 271, 154, 383, 169, 54, 255, 90, 90, 271, 456, 407, 470, 426, 174, 276, 127, 496, 12, 465, 90, 153, 90, 481, 62, 248, 8, 207, 210, 232, 90, 102, 153, 370, 106, 358, 169, 446, 496, 199, 358, 377, 446, 264, 27, 354, 352, 468, 437, 453, 158, 360, 182, 394, 427, 408, 177, 102, 153, 90, 481, 358, 377, 446, 264, 27, 354, 352, 153, 370, 166, 453, 158, 360, 182, 394, 427, 408, 177, 235, 167, 488, 99, 155, 179, 278, 322, 222, 370, 41, 251, 460, 357, 130, 7, 389, 90, 102, 153, 99, 155, 179, 447, 325, 417, 453, 158, 360, 182, 394, 427, 408, 177, 274, 322, 488, 99, 155, 179, 447, 322, 289, 370, 41, 251, 460, 357, 130, 7, 389, 17, 310, 157, 155, 462, 177, 497, 107, 317, 160, 232, 84, 102, 153, 370, 166, 350, 169, 8, 360, 352, 248, 209, 432, 160, 232, 84, 297, 153, 370, 166, 79, 169, 8, 496, 199, 358, 134, 446, 264, 27, 354, 352, 468, 417, 453, 158, 360, 182, 394, 427, 425, 177, 274, 421, 488, 99, 109, 179, 447, 322, 222, 370, 41, 251, 319, 8, 413, 486, 394, 354, 136, 313, 315, 431, 319, 8, 23, 118, 227, 415, 98, 189, 193, 459, 305, 163, 230, 288, 461, 339, 169]
Tree:
None
Fitness on 5000 data:
-6.192249974848095

Fitness:
-6.07463985928245