Generation:
500

Phenotype:
w = gm([23, 5, 3]) + 14  * v;
u = bern(0.4) + 2  * v;
v = uniform([6, 8], 1)  - 2  * v;;

Genotype:
[104, 61, 488, 128, 326, 142, 219, 225, 34, 296, 271, 4, 377, 24, 34, 184, 107, 96, 109, 2, 140, 288, 349, 174, 43, 354, 274, 467, 448, 247, 132, 358, 476, 115, 149, 231, 438, 285, 80, 43, 244, 274, 467, 448, 247, 132, 358, 323, 115, 190, 33, 438, 285, 310, 170, 460, 141, 308, 303, 58, 246, 189]
Tree:
None
Fitness on 5000 data:
-5.1203911989818

Fitness:
-5.057200939330041