Generation:
500

Phenotype:
u = 18 + gm([5, 19.8, 17.4], [12.9, 9, 13], [6.6, 22, 24], [8.9, 22, 13], [24, 21.6, 4.8], [13, 4.2, 15], [6, 24.7, 8], [23.3, 22, 9]); 
v = uniform([18, 7], 3); 
w = 26 * 21 + 12  * uniform([8, 7], 1);
v = uniform([7, 11.5], 2);
u = bern(0.3);
w = gm([20.6, 6.4, 2]);;

Genotype:
[48, 124, 347, 318, 359, 435, 269, 117, 46, 67, 285, 50, 412, 457, 234, 426, 447, 347, 322, 332, 126, 412, 234, 75, 421, 67, 285, 50, 412, 456, 234, 365, 447, 347, 318, 152, 398, 84, 234, 75, 347, 318, 24, 435, 269, 365, 447, 190, 106, 115, 234, 75, 463, 190, 46, 230, 294, 341, 482, 37, 361, 365, 447, 212, 318, 332, 213, 271, 164, 24, 115, 210, 195, 258, 357, 230, 421, 294, 357, 450, 55, 365, 447, 181, 114, 274, 322, 390, 411, 268, 168, 464, 332, 36, 131, 40, 477, 75, 158, 441, 117, 228, 67, 285, 50, 412, 457, 234, 426, 435, 347, 191, 318, 24, 115, 365, 339, 237, 357, 482, 37, 361, 365, 447, 347, 318, 332, 126, 412, 234, 75, 421, 67, 285, 50, 412, 457, 234, 426, 30, 399, 131, 318, 24, 115, 365, 213, 294, 357, 482, 37, 361, 32, 294, 347, 332, 36, 131, 40, 477, 324, 158, 441, 117, 421, 67, 285, 50, 412, 412, 234, 75, 30, 399, 131, 318, 24, 30, 318, 24, 207, 132, 390, 411, 477, 324, 158, 441, 117, 421, 67, 285, 50, 412, 412, 234, 75, 30, 399, 131, 318, 24, 30, 318, 24, 207, 132, 390, 411, 268, 168, 464, 332, 36, 131, 40, 477, 324, 158, 209, 117, 181, 114, 188, 411, 390, 319, 464, 332, 94, 318, 24, 113, 132, 46, 115, 234, 75, 30, 399, 409, 482, 37, 361, 213, 294, 357, 450, 269, 365, 447, 181, 158, 441, 244, 421, 146, 357, 450, 269, 365, 447, 181, 114, 489, 141, 390, 411, 390, 254, 12, 332, 36, 131, 40, 477, 324, 158, 441, 244, 421, 368, 285, 13, 412, 131, 40, 477, 324, 158, 441, 244, 25, 134, 85, 498, 309, 79, 101, 463, 394, 279, 497, 174, 51, 334, 357, 489, 322, 390, 411, 268, 168, 464, 332, 36, 131, 40, 477, 324, 158, 441, 117, 421, 67, 285, 30, 412, 412, 234, 75, 30, 399, 131, 318, 24, 113, 190, 235, 357, 450, 269, 365, 447, 181, 114, 489, 322, 390, 411, 390, 168, 464, 332, 36, 131, 40, 477, 147, 158, 441, 244, 421, 146, 357, 447, 195, 114, 489, 466, 201, 411, 482, 298, 309, 79, 101, 463, 357, 450, 269, 365, 447, 181, 114, 489, 322, 188, 411, 390, 319, 158, 245, 219, 493, 134, 85, 298, 309, 79, 101, 463, 394, 115, 234, 75, 30, 399, 409, 482, 37, 361, 213, 294, 357, 450, 269, 365, 447, 390, 168, 464, 332, 36, 131]
Tree:
None
Fitness on 5000 data:
-5.413316536914799

Fitness:
-5.115557626305405