Generation:
500

Phenotype:
u = bern(0.4); 
v = uniform([11, 6], 1)  - 4; 
if w <= 24 { 
  if uniform([23, 22.4], 2) + 14 * uniform([11, 8], 1) < 1 { 
    w = 27  * gm([30.7, 6.9, 9.2]) + 29  * w;
   } else { 
     w =  gm([8.3, 30, 3])  - 23; 
   } end if;
 } else { 
   w =  19  * gm([5.9, 11, 19.2]); 
 } end if;

Genotype:
[124, 351, 213, 31, 390, 92, 312, 254, 383, 312, 50, 204, 20, 192, 159, 175, 444, 128, 484, 284, 61, 241, 257, 153, 404, 50, 457, 487, 115, 102, 265, 370, 267, 14, 254, 383, 46, 412, 204, 20, 280, 391, 175, 151, 93, 120, 457, 340, 33, 197, 6, 197, 189, 133, 118, 73, 153, 404, 245, 284, 51, 465, 198, 301, 101, 389, 156, 340, 294, 375, 8, 354, 457, 345, 115, 484, 265, 420, 267, 377, 197, 6, 197, 189, 329, 118, 73, 153, 404, 21, 284, 51, 465, 198, 301, 101, 120, 135, 34, 414, 156, 236, 92, 312, 254, 444, 342, 457, 284, 51, 241, 257, 153, 257, 153, 404, 21, 284, 51, 465, 198, 301, 101, 389, 156, 340, 294, 375, 8, 50, 457, 81, 115, 484, 265, 54, 267, 14, 254, 383, 46, 386, 204, 20, 280, 391, 379, 151, 93, 120, 457, 340, 377, 197, 6, 197, 189, 329, 118, 73, 118, 98, 11, 288, 130, 11, 483, 129, 265, 129, 265, 24, 189, 151, 189, 120, 135, 34, 414, 31, 236, 92, 312, 254, 383, 444, 236, 92, 312, 254, 383, 312, 67, 204, 20, 190, 159, 175, 444, 244, 457, 47, 51, 51, 465, 198, 301, 204, 20, 236, 244, 457, 284, 51, 135, 73, 495, 129, 265, 54, 267, 14, 254, 383, 46, 386, 204, 20, 280, 391, 175, 151, 189, 175, 444, 244, 457, 340, 377, 197, 6, 197, 189, 329, 135, 183, 203, 301, 101, 389, 472, 417, 70, 483, 129, 265, 151, 207, 151, 189, 120, 289, 34, 372, 183, 203, 451, 370, 476, 12, 459, 439, 22, 232, 189, 95, 312, 329, 220, 297, 325, 400, 189, 329, 135, 73, 495, 405, 400, 180, 400, 260, 353, 151, 189, 411, 403, 457, 284, 133, 289, 198, 301, 329, 220, 297, 325, 400, 189, 329, 135, 73, 495, 405, 400, 180, 400, 260, 353, 151, 189, 411, 403, 457, 284, 51, 289, 198, 301, 114, 331, 92, 312, 89, 391, 232, 494, 457, 284, 51, 241, 198, 301, 101, 389, 472, 139, 281, 212, 73, 218, 27, 444, 173, 58, 476, 293, 86, 306, 183, 85, 20, 15, 156, 93, 151, 68, 285, 16, 315, 260, 265, 151, 189, 411, 403, 457, 284, 51, 241, 40, 403, 457, 284, 51, 241, 198, 301, 129, 265, 284, 51, 198, 301, 101, 457, 284, 51, 241, 198, 301, 101, 389, 472, 418, 4, 413, 139, 284, 51, 241, 198, 301, 101, 7, 472, 340, 377, 197, 8, 197, 457, 29, 483, 129, 265, 151, 189, 120, 457, 284, 51, 241, 198, 352, 101, 389, 306, 340, 377, 197, 8, 197, 457, 29, 483, 129, 185, 151, 296, 120, 232, 284, 51, 241, 198, 301, 101, 389, 472, 340, 377, 197, 8, 197, 457, 70, 483, 129, 265, 151]
Tree:
None
Fitness on 5000 data:
28.62399830081927

Fitness:
28.87980669952148