Generation:
500

Phenotype:
burglary=0  - 0; 
 earthquake=1 + bern(0.8); 
 alarm=burglary + 0; 
 johncalls=alarm  - burglary; 
 earthquake = burglary + alarm;

Genotype:
[42, 89, 485, 84, 147, 442, 157, 213, 367, 490, 75, 52, 490, 394, 488, 36, 335, 266, 404, 136, 292, 370, 266, 404, 52, 76, 136, 235, 473, 292, 370, 66, 152, 76, 490, 394, 465, 446, 127, 274, 266, 76, 136, 235, 297, 292, 442, 157, 356, 76, 186, 394, 465, 36, 294, 266, 76, 136, 235, 473, 292, 370, 66, 152, 356, 163, 252, 36, 335, 266, 76, 136, 335, 297, 292, 370, 422, 5, 347, 37, 454, 289, 90, 198, 287, 379, 378, 69, 181, 303, 484, 456, 324, 437, 317, 67, 366, 158, 198, 383, 212, 424, 333, 41, 0, 304, 98, 357, 171]
Tree:
None
Fitness on 5000 data:
-inf

Fitness:
0.0