Generation:
500

Phenotype:
skill1 = 4  * uniform([2, 5.3], 1);
skill2 = gm([17, 19.4, 2.8], [22, 19.4, 2.8], [2.5, 30, 7.7]) + 0  * gm([19, 2, 9], [28, 9, 12.8], [0.4, 22, 15], [19, 2, 2], [6, 21.4, 30.5], [16.2, 22, 21.4]);
 cond = 1.3*skill2; 
cond = skill1 - cond; 
if cond > 0 { 
  p1wins = 1.0;
 } else { 
   p1wins = 0.0; 
 } end if;

Genotype:
[334, 419, 6, 307, 496, 201, 55, 376, 298, 33, 475, 253, 182, 192, 297, 424, 336, 9, 499, 9, 201, 475, 260, 141, 217, 112, 336, 9, 95, 322, 475, 260, 84, 217, 112, 336, 9, 95, 322, 338, 307, 219, 310, 436, 247, 329, 255, 6, 103, 496, 201, 55, 376, 298, 496, 33, 322, 9, 95, 322, 338, 336, 9, 443, 322, 376, 387, 219, 310, 255, 6, 177, 496, 201, 55, 376, 298, 496, 33, 496, 33, 475, 254, 192, 17, 424, 336, 9, 402, 346, 108, 63, 357, 253, 182, 53, 297, 424, 336, 9, 499, 9, 201, 475, 260, 84, 217, 496, 201, 55, 376, 298, 496, 33, 475, 253, 192, 297, 424, 336, 9, 499, 419, 362, 296, 292, 201, 55, 402, 346, 108, 63, 261, 58, 141, 242, 306, 210, 419, 6, 211, 496, 201, 55, 376, 298, 180, 217, 112, 336, 9, 95, 322, 338, 307, 219, 310, 452, 247, 329, 276, 6, 307, 496, 201, 9, 499, 9, 201, 475, 260, 84, 217, 112, 336, 9, 27, 322, 338, 307, 219, 9, 499, 144, 201, 475, 260, 84, 217, 112, 336, 9, 95, 322, 338, 307, 219, 310, 452, 247, 329, 255, 6, 103, 496, 201, 55, 376, 298, 496, 33, 322, 9, 95, 322, 338, 336, 9, 95, 322, 338, 307, 219, 310, 452, 247, 329, 255, 6, 307, 496, 201, 55, 376, 298, 496, 33, 475, 253, 192, 297, 424, 336, 9, 499, 419, 6, 296, 250, 201, 55, 402, 346, 108, 63, 357, 253, 182, 53, 297, 424, 336, 9, 499, 9, 201, 475, 260, 84, 217, 298, 496, 33, 475, 253, 192, 297, 424, 336, 9, 499, 419, 362, 296, 292, 201, 55, 402, 346, 108, 63, 261, 58, 141, 242, 306, 210, 419, 6, 211, 496, 201, 55, 376, 298]
Tree:
None
Fitness on 5000 data:
-6.207511876521105

Fitness:
-5.612422091489158