Generation:
500

Phenotype:
sigma = x + uniform([14, 2], 3);
sigma = 7 * 27  - 16  * uniform([10, 2], 4);
mu = gm([16, 20, 4.1]);
 x = sigma * gm([1,1,1]);
x = x + mu;

Genotype:
[164, 361, 2, 175, 274, 460, 462, 291, 452, 318, 416, 107, 326, 181, 174, 340, 321, 289, 485, 392, 31, 193, 120, 37, 233, 311, 258, 120, 37, 287, 402, 210, 383, 423, 402, 450, 256, 290, 18, 450, 394, 144, 361, 4, 0, 2, 58, 340, 321, 289, 263, 392, 31, 193, 120, 37, 233, 311, 258, 120, 37, 287, 340, 398, 360, 58, 460, 38, 19, 383, 423, 402, 189, 448, 434, 323, 50, 445, 458, 33, 361, 371, 403, 124, 360, 311, 117, 104, 485, 135, 65, 385, 44, 420, 291, 109, 288, 409, 19, 383, 423, 402, 189, 448, 434, 323, 50, 445, 458, 33, 361, 371, 434, 323, 50, 445, 458, 33, 361, 371, 403, 124, 360, 311, 117, 104, 485, 135, 65, 385, 44, 420, 291, 109, 288, 409, 19, 383, 423, 402, 189, 448, 434, 323, 50, 445, 458, 33, 361, 371, 403, 124, 360, 311, 117, 104, 485, 135, 65, 385, 44, 420, 291, 109, 288, 409, 340, 295, 230, 239, 219]
Tree:
None
Fitness on 5000 data:
-8.26011851989021

Fitness:
-7.89760830072154