Generation:
500

Phenotype:
u = bern(0.3); 
 v = bern(0.9)  - w; 
 w = 1  - bern(0.9); 
  if bern(0.4) + bern(0.3) > 0 { 
       if v == 1{ 
             x = bern(0.4); 
       } else { 
             x = 0; 
       } end if; 
 } else { 
       if u == 0{ 
             x = 1  - x; 
       } else { 
             x = bern(0.1); 
       } end if; 
 } end if;

Genotype:
[425, 417, 342, 57, 173, 377, 148, 195, 80, 440, 264, 14, 458, 89, 471, 170, 327, 476, 17, 489, 91, 57, 336, 253, 416, 271, 264, 14, 417, 402, 57, 417, 342, 57, 174, 378, 5, 148, 440, 264, 264, 14, 458, 89, 471, 494, 148, 195, 135, 440, 67, 486, 440, 264, 148, 195, 383, 195, 122, 440, 264, 178, 458, 89, 471, 416, 87, 379, 67, 10, 186, 101, 20, 65, 309, 129, 452, 52, 122, 354, 149, 78, 336, 253, 257, 399, 459, 336, 377, 204, 195, 135, 440, 264, 57, 444, 377, 148, 195, 106, 195, 122, 440, 257, 57, 404, 377, 148, 195, 135, 440, 264, 57, 444, 377, 148, 195, 148, 195, 122, 440, 264, 178, 458, 89, 471, 416, 87, 379, 67, 10, 186, 101, 20, 65, 309, 129, 452, 52, 122, 354, 149, 78, 336, 253, 342, 157, 38, 120, 409, 92, 233, 49, 493, 143, 434, 103, 405, 165, 138, 84, 263, 57, 204, 418, 241, 202, 265, 440, 264, 14, 458, 89, 390, 390, 209, 51, 277, 382, 14, 407, 428, 312, 457, 399, 331, 255, 26, 218, 81, 271, 275, 39, 408, 341, 353, 134, 66, 158, 387, 414, 333, 206, 136, 95, 341, 95, 87, 217, 300, 26, 121, 25, 57, 98, 214, 226, 227, 436, 398, 386, 257, 239, 140, 346, 162, 256, 310, 219, 380, 343, 490]
Tree:
None
Fitness on 5000 data:
-1.8702400538861113

Fitness:
-1.5545547231203105