Generation:
500

Phenotype:
damage = gm([0.4, 0, 0], [0.9, 1, 0]);
preplevel = gm([0.9, 0, 0], [0.5, 1, 0]);
preplevel = gm([0.9, 0, 0], [0.4, 1, 0], [0.3, 2, 0]);

Genotype:
[367, 284, 198, 461, 459, 294, 362, 311, 122, 57, 224, 264, 99, 86, 472, 122, 30, 362, 188, 472, 195, 264, 472, 214, 264, 472, 122, 57, 224, 264, 362, 86, 472, 122, 380, 416, 264, 458, 264, 188, 455, 371, 12, 12, 447, 178, 399, 336, 294, 390, 14, 14, 14, 395, 88, 71, 102, 185, 122, 18, 16, 254, 309, 105, 446, 28, 399, 245, 41, 228, 306, 25, 342, 311, 24, 399, 340, 126, 54, 399, 340, 126, 54, 122, 472, 496, 264, 362, 311, 294, 362, 336, 361, 390, 14, 14, 340, 126, 54, 122, 472, 152, 188, 455, 371, 12, 12, 447, 178, 399, 336, 294, 390, 14, 14, 14, 395, 88, 71, 102, 185, 122, 18, 16, 254, 309, 105, 446, 28, 399, 245, 41, 228, 175, 495, 442, 363, 431, 265, 88, 433, 125, 241, 431, 185, 221, 93, 40, 294, 152, 188, 455, 371, 12, 12, 447, 178, 399, 336, 294, 390, 399, 336, 294, 390, 14, 14, 14, 395, 88, 71, 102, 185, 122, 18, 16, 254, 309, 105, 446, 28, 399, 245, 41, 228, 306, 25, 342, 311, 24, 399, 122, 472, 152, 188, 455, 371, 12, 12, 447, 178, 399, 336, 294, 390, 14, 14, 14, 395, 88, 71, 102, 185, 122, 18, 16, 254, 309, 105, 446, 28, 399, 245, 41, 228, 306, 25, 342, 311, 24, 399, 340, 126, 54, 399, 340, 126, 54, 122, 472, 496, 264, 492, 311, 294, 362, 336, 361, 390, 14, 14, 340, 126, 54, 122, 472, 152, 188, 455, 371, 12, 12, 447, 178, 399, 336, 294, 390, 14, 14, 14, 395, 88, 71, 102, 185, 122, 18, 16, 254, 309, 105, 446, 28, 399, 245, 41, 228, 175, 495, 442, 363, 431, 265, 88, 433, 125, 241, 431, 185, 221, 93, 40, 294]
Tree:
None
Fitness on 5000 data:
-1.7076981398840656

Fitness:
-1.4900601633070707