Generation:
500

Phenotype:
skill1 = gm([2, 28, 13.2], [30.8, 19, 3.8], [1, 4.3, 1.7]); 
skill2 = 2  - 2  * uniform([10, 16.4], 1); 
p1wins = bern(0.1);
skill2 = bern(0.6) + uniform([11, 14.6], 1);;

Genotype:
[478, 48, 444, 401, 109, 264, 467, 172, 462, 431, 137, 451, 337, 349, 185, 277, 36, 205, 279, 375, 241, 338, 480, 1, 1, 221, 182, 229, 466, 78, 92, 347, 258, 312, 349, 343, 62, 444, 401, 109, 318, 428, 141, 150, 171, 45, 345, 62, 444, 401, 109, 264, 263, 428, 141, 150, 135, 45, 45, 347, 32, 428, 141, 150, 171, 45, 345, 428, 141, 150, 171, 45, 171, 45, 345, 62, 444, 401, 109, 221, 375, 241, 338, 480, 1, 221, 182, 229, 348, 78, 92, 347, 258, 141, 349, 343, 263, 428, 141, 150, 171, 45, 345, 62, 444, 401, 109, 264, 263, 428, 141, 150, 135, 45, 45, 347, 32, 428, 141, 150, 171, 45, 345, 428, 141, 150, 495, 45, 171, 45, 345, 62, 444, 401, 109, 264, 263, 428, 141, 150, 416, 45, 300, 347, 32, 428, 141, 150, 171, 45, 345, 62, 444, 1, 221, 182, 480, 1, 141, 221, 182, 229, 348, 78, 92, 347, 258, 141, 349, 278, 263, 428, 141, 150, 171, 45, 285, 62, 444, 401, 109, 264, 263, 428, 141, 150, 135, 109, 264, 464, 428, 488, 150, 426, 150, 42, 341, 109, 264, 255, 428, 488, 150, 411, 485, 345, 474, 203, 431, 172, 462, 431, 347, 451, 337, 349, 185, 277, 480, 205, 221, 375, 171, 45, 345, 62, 444, 401, 109, 264, 263, 428, 141, 150, 490, 45, 45, 347, 32, 209, 204, 243, 298, 402, 424, 205, 221, 378, 241, 338, 276, 1, 35, 310, 295, 332, 301, 182, 431, 175, 277, 399, 18, 403, 457, 83, 299, 348, 78, 446, 276, 345, 62, 444, 373, 222, 472, 175, 277, 230, 32, 176, 12, 143, 150, 241, 338, 233, 1, 221, 104, 431, 348, 78, 92, 347, 32, 176, 349, 264, 263, 428, 141, 150, 171, 45, 345, 135, 45, 45, 277, 399, 18, 403, 457, 83, 299, 348, 78, 446, 276, 345, 62, 444, 373, 222, 472, 175, 277, 230]
Tree:
None
Fitness on 5000 data:
-6.23194957541587

Fitness:
-5.853265932794507