Generation:
500

Phenotype:
burglary=0; 
 earthquake=0; 
 alarm=johncalls  - bern(0.5); 
 johncalls=1  - bern(0.9); 
 alarm = 0;

Genotype:
[79, 468, 93, 36, 438, 361, 126, 455, 38, 228, 479, 444, 375, 76, 230, 451, 49, 472, 455, 233, 404, 140, 358, 74, 81, 37, 336, 221, 126, 14, 383, 274, 127, 415, 443, 167, 171, 318, 212, 259, 200, 476, 40, 283, 81, 382, 92, 29, 487, 240, 25, 115, 5, 174, 85, 296, 341, 29, 5, 210, 9, 43, 112, 331, 88, 380, 449, 368, 269, 99, 359, 490]
Tree:
None
Fitness on 5000 data:
-inf

Fitness:
-0.10536051565782632