Generation:
500

Phenotype:
mu = uniform([5, 9], 1) + 12 * 1;
x = gm([17, 20, 21])  - mu;
x = 3  * uniform([5, 6.1], 1);
sigma = uniform([0, 3.8], 1);

Genotype:
[26, 323, 186, 316, 282, 421, 396, 296, 315, 56, 260, 476, 206, 243, 198, 156, 35, 430, 448, 419, 245, 366, 217, 46, 2, 296, 408, 20, 186, 331, 285, 198, 156, 35, 430, 47, 419, 195, 352, 251, 284, 284, 155, 6, 414, 244, 87, 272, 172, 121, 468, 222, 206, 186, 19, 468, 430, 468, 419, 195, 352, 243, 198, 156, 396, 296, 315, 222, 35, 476, 206, 243, 494, 156, 35, 430, 47, 419, 195, 352, 251, 158, 155, 143, 266, 444, 87, 492, 172, 331, 468, 231, 323, 9, 397, 455, 482, 300, 99, 92, 259, 245, 408, 318, 290, 424, 273, 279, 200, 492, 302]
Tree:
None
Fitness on 5000 data:
-7.271009266643346

Fitness:
-6.605907419486701