Generation:
500

Phenotype:
a = uniform([0, 7], 1);
b = gm([23, 16, 17], [29.2, 7.9, 1], [2, 10, 18]);;

Genotype:
[192, 308, 182, 318, 0, 492, 219, 14, 310, 374, 42, 156, 324, 316, 182, 157, 90, 72, 340, 43, 338, 116, 470, 171, 106, 141, 461, 71, 339, 298, 43, 100, 458, 492, 94, 14, 394, 374, 238, 134, 126, 204, 141, 16, 69, 371, 298, 43, 100, 458, 492, 219, 14, 310, 374, 42, 176, 324, 316, 182, 157, 90, 72, 340, 43, 338, 14, 134, 126, 106, 141, 461, 69, 371, 54, 462, 100, 356, 169, 101, 138, 432, 182, 351, 351, 182, 351, 367, 187, 381, 106, 141, 461, 69, 238, 39, 209, 171, 278, 445, 278, 214, 253, 186, 280, 461, 69, 238, 39, 209, 171, 278, 445, 278, 214, 253, 186, 280, 5, 28, 308, 369, 217, 323, 202]
Tree:
None
Fitness on 5000 data:
-5.909362541230498

Fitness:
-4.876481143845785