Generation:
500

Phenotype:
p1wins = 25  * p1wins;
p1wins = 15  * skill1  - 15  * bern(0.7);
skill1 = uniform([11, 8.1], 1);
skill2 = bern(0.4) + 4;
skill2 = gm([18, 18.4, 5]) + 7  * bern(0.3);
skill1 = p1wins;
p1wins = 7  * bern(0.3);
skill1 = gm([19.1, 17, 4], [8.5, 23, 4]);
skill2 = gm([18, 18.4, 3]) + 7  * bern(0.3);
skill1 = gm([8.1, 17, 4], [8.5, 23, 5]);
p1wins = bern(0.4);;

Genotype:
[26, 248, 484, 394, 50, 456, 217, 242, 284, 458, 232, 140, 283, 242, 284, 73, 232, 20, 327, 73, 232, 191, 177, 90, 498, 273, 321, 81, 390, 321, 81, 163, 0, 404, 17, 58, 376, 232, 67, 39, 283, 210, 395, 172, 283, 242, 284, 73, 232, 172, 327, 73, 232, 172, 266, 179, 328, 372, 206, 315, 148, 410, 11, 218, 86, 138, 475, 465, 318, 174, 172, 266, 179, 306, 372, 206, 315, 148, 410, 11, 218, 86, 138, 475, 465, 318, 174, 273, 321, 81, 50, 0, 404, 17, 58, 376, 232, 67, 39, 283, 210, 395, 172, 283, 242, 284, 73, 232, 172, 327, 73, 232, 172, 266, 179, 328, 372, 206, 3, 148, 410, 11, 218, 86, 138, 475, 465, 318, 174, 273, 321, 81, 163, 0, 404, 17, 58, 376, 232, 67, 39, 283, 210, 395, 168, 129, 138, 316, 145, 20, 168, 303, 219, 3, 151, 371, 50, 456, 217, 242, 284, 73, 232, 172, 283, 242, 284, 73, 232, 172, 327, 73, 232, 172, 39, 139, 117, 372, 206, 115, 148, 410, 11, 358, 471, 138, 316, 465, 90, 498, 273, 382, 344, 163, 376, 404, 17, 336, 128, 15, 414, 177, 424, 50, 6, 210, 421, 290, 2, 311, 444, 336, 480, 54, 488, 90, 102, 168, 195, 10, 273, 308, 252, 142, 487, 14, 409, 20, 181, 68, 239, 188, 206, 116]
Tree:
None
Fitness on 5000 data:
-6.407404279254141

Fitness:
-6.2061433613533135