Generation:
500

Phenotype:
a = uniform([3, 6.2], 2) + 7  * uniform([27, 5.5], 3); 
b = uniform([3, 23.6], 2)  - 2 * 7; 
a = 23 * 25 + 21 * 7;
a = 6 + gm([9, 3, 6.6]);
a = 19  - gm([11.7, 17.5, 1.8]);;

Genotype:
[338, 271, 492, 74, 220, 373, 130, 235, 273, 238, 317, 428, 182, 467, 315, 310, 182, 44, 9, 74, 220, 373, 457, 257, 273, 428, 293, 250, 317, 428, 492, 323, 220, 373, 431, 235, 426, 273, 428, 293, 238, 193, 428, 456, 81, 0, 475, 158, 262, 99, 315, 334, 272, 44, 9, 74, 220, 373, 130, 257, 273, 428, 293, 238, 317, 428, 456, 81, 24, 235, 144, 343, 42, 465, 315, 203, 499, 431, 404, 223, 428, 293, 238, 317, 428, 456, 81, 0, 475, 158, 262, 99, 315, 334, 272, 44, 9, 74, 220, 373, 130, 257, 273, 428, 293, 238, 317, 428, 456, 81, 24, 475, 235, 144, 42, 1, 315, 203, 499, 431, 404, 223, 490, 393, 159, 197, 17, 448, 320, 340, 224, 423, 365, 344, 468, 414, 384, 475, 118, 99, 315, 394, 162, 112, 492, 175, 266, 384, 248, 205, 475, 226, 99, 179, 348, 389, 23, 102, 492, 175, 398, 409, 263, 313, 482, 282, 495, 369, 443, 46, 194, 235, 5, 366, 58, 315, 137, 354, 46, 442, 421, 305, 329, 387, 62, 337, 487, 253, 296, 134, 330, 348, 245, 320, 144, 148, 204, 434, 159, 197, 490, 393, 159, 197, 17, 448, 320, 340, 477, 423, 365, 344, 222, 84, 50, 148, 494, 400, 238, 317, 428, 456, 81, 24, 385, 144, 187, 112, 370, 451, 346, 260, 333, 80, 214, 249, 277, 409, 158, 27, 472, 201, 52]
Tree:
None
Fitness on 5000 data:
-5.193600195413456

Fitness:
-5.0590484068429955