Generation:
500

Phenotype:
u = bern(0.2)  - 0; 
 v = bern(0.9); 
 w = bern(0.1)  - x; 
  if bern(0.5) + x + bern(0.8) + bern(0.9) > 1 { 
       if bern(0.8) + bern(0.7) > 0{ 
             x = v  - u; 
       } else { 
             x = bern(0.3); 
       } end if; 
 } else { 
       if bern(0.9) + v + bern(0.3) + v > 1{ 
             x = u; 
       } else { 
             x = u  - x; 
       } end if; 
 } end if;

Genotype:
[334, 365, 394, 461, 397, 257, 128, 438, 144, 251, 233, 257, 220, 449, 144, 470, 144, 251, 233, 493, 257, 220, 67, 144, 251, 233, 493, 412, 144, 251, 233, 283, 57, 395, 173, 299, 358, 168, 433, 87, 363, 192, 470, 406, 488, 425, 24, 336, 56, 426, 210, 461, 254, 271, 473, 251, 233, 493, 144, 57, 395, 173, 299, 358, 168, 433, 87, 363, 192, 470, 406, 488, 425, 24, 336, 56, 438, 144, 251, 233, 257, 220, 414, 168, 433, 87, 363, 192, 470, 406, 488, 425, 24, 336, 56, 426, 210, 461, 257, 128, 192, 144, 364, 233, 192, 438, 3, 459, 0, 37, 144, 321, 233, 233, 283, 433, 137, 363, 192, 482, 334, 488, 425, 24, 336, 56, 426, 210, 493, 257, 220, 37, 144, 321, 233, 493, 412, 261, 380, 55, 146, 295, 415, 397, 391, 312, 395, 173, 121, 233, 493, 257, 220, 67, 144, 251, 233, 493, 412, 261, 3, 55, 146, 295, 239, 283, 57, 275, 455, 145, 275, 440, 98, 271, 85, 317, 56, 206, 124, 213, 312, 415, 453, 488, 425, 24, 336, 56, 426, 210, 461, 254, 271, 473, 218, 226, 281, 438, 251, 22, 313, 223, 305, 444, 157, 442, 295, 343, 114, 457, 475, 424, 421, 394, 143, 250, 287, 152, 88, 335, 319, 426, 91, 430, 244, 432, 229, 421, 153]
Tree:
None
Fitness on 5000 data:
-1.9378080246556184

Fitness:
-1.3712010090194833