Generation:
500

Phenotype:
preplevel = gm([0.4, 0, 0], [0.1, 1, 0], [0.2, 2, 0]) + damage; 
  if preplevel == 3 { 
       damage = 0; 
 } else { 
       if preplevel == 2 { 
             damage = gm([0.5, 0, 0], [0.1, 1, 0]); 
       } else { 
             damage = gm([0.2, 0, 0], [0.9, 1, 0]); 
       } end if; 
 } end if;

Genotype:
[198, 423, 260, 314, 15, 210, 378, 388, 476, 308, 15, 260, 364, 192, 58, 306, 221, 40, 260, 364, 192, 302, 222, 362, 305, 260, 364, 423, 260, 314, 475, 378, 388, 476, 308, 15, 260, 364, 192, 58, 306, 221, 40, 260, 205, 192, 302, 222, 58, 233, 192, 58, 58, 306, 221, 40, 260, 364, 192, 302, 222, 362, 305, 260, 364, 192, 58, 58, 476, 399, 160, 441, 230, 58, 378, 388, 476, 212, 199, 469, 428, 307, 178, 222, 362, 305, 260, 209, 192, 58, 476, 221, 160, 168, 191, 125, 302, 54, 373, 352, 68, 236, 441, 328, 410, 373, 352, 336, 143, 0, 163, 66, 96, 279, 8, 108, 281, 144, 468, 168, 381, 301, 190, 270, 141, 294, 19, 389, 430, 153, 189, 365, 142, 444, 96]
Tree:
None
Fitness on 5000 data:
-1.429026382588263

Fitness:
-1.2776892078984134