Generation:
500

Phenotype:
skill1 = uniform([17, 9], 1) + 1  * skill1; 
skill2 = gm([14, 21, 5]); 
if p1wins != 12 { 
  p1wins = bern(0.5);
 } else { 
  p1wins = 28  * gm([1.9, 10, 21.6]) + p1wins; 
 } end if;

Genotype:
[80, 16, 48, 114, 389, 500, 188, 316, 25, 1, 296, 228, 351, 165, 333, 378, 338, 293, 310, 393, 410, 129, 68, 23, 149, 384, 96, 60, 491, 139, 319, 394, 338, 253, 310, 25, 1, 296, 228, 351, 165, 393, 410, 129, 68, 23, 149, 384, 49, 60, 491, 139, 319, 394, 500, 188, 101, 25, 289, 1, 103, 351, 165, 96, 44, 128, 149, 379, 49, 246, 312, 166, 484, 241, 165, 333, 378, 338, 452, 310, 393, 285, 365, 74, 351, 165, 333, 378, 500, 188, 101, 25, 1, 296, 103, 351, 165, 101, 25, 1, 296, 351, 165, 333, 378, 235, 338, 82, 310, 393, 410, 310, 393, 410, 129, 46, 23, 149, 9, 49, 60, 491, 139, 319, 394, 315, 351, 368, 351, 165, 333, 378, 412, 452, 310, 393, 309, 256, 68, 491, 139, 319, 394, 315, 68, 23, 24, 9, 49, 60, 357, 177, 68, 23, 111, 322, 333, 466, 476, 131, 252, 370, 96, 44, 128, 149, 379, 49, 246, 312, 166, 484, 241, 260, 357, 260, 68, 23, 435, 322, 333, 466, 476, 452, 360, 370, 198, 159, 212, 165, 333, 475, 338, 13, 145, 393, 299, 129, 68, 23, 149, 421, 49, 246, 312, 166, 357, 241, 260, 357, 177, 68, 23, 435, 322, 333, 114, 389, 500, 31, 316, 25, 1, 296, 103, 351, 165, 333, 378, 338, 452, 310, 393, 240, 212, 491, 139, 319, 394, 315, 351, 368, 464, 267, 74, 359, 413, 438, 226, 473, 126, 478, 114, 205, 196, 307, 276, 234, 150, 96, 290, 275, 296, 383, 431, 421, 384, 178, 108, 374, 475, 280, 149, 37, 354, 280, 319, 473, 383, 181, 66, 11, 464, 472, 273, 115, 495, 253, 180, 17, 184, 440, 330, 475, 272, 43, 270, 141, 86, 487, 489, 283, 13]
Tree:
None
Fitness on 5000 data:
-6.917175921494247

Fitness:
-6.136370943111571