Generation:
500

Phenotype:
preplevel = gm([0.8, 0, 0], [0.3, 1, 0], [0.4, 2, 0]);
damage = gm([0.2, 0, 0], [0.5, 1, 0]);

Genotype:
[220, 157, 44, 282, 96, 96, 456, 67, 499, 376, 146, 282, 96, 474, 67, 37, 20, 376, 282, 328, 226, 67, 37, 195, 67, 376, 146, 499, 195, 32, 474, 193, 282, 6, 282, 300, 23, 366, 351, 189, 193, 188, 490, 234, 174, 351, 348, 480, 209, 265, 175, 28, 222, 48, 302, 486, 302, 49, 69, 343, 491, 317, 239, 430, 78, 269, 144, 65, 416]
Tree:
None
Fitness on 5000 data:
-1.7293082596537688

Fitness:
-1.5649552610405322