Generation:
500

Phenotype:
mu = x + gm([12, 22.2, 4.1]); 
sigma = uniform([1, 3], 1);
x = 1;
x = gm([15, 14, 0.7]) + 1  * uniform([1, 14.6], 1);

Genotype:
[351, 400, 438, 402, 167, 24, 76, 164, 448, 384, 263, 53, 199, 55, 190, 27, 297, 342, 17, 125, 28, 353, 280, 111, 137, 0, 32, 94, 279, 430, 370, 342, 15, 0, 448, 115, 279, 87, 61, 342, 17, 125, 345, 76, 338, 448, 384, 263, 53, 427, 299, 318, 187, 297, 342, 17, 125, 28, 325, 280, 358, 112, 325, 280, 486, 137, 0, 448, 115, 279, 187, 370, 342, 17, 0, 448, 115, 279, 187, 370, 262, 268, 31, 265, 85, 47, 189, 314, 269, 261, 94, 434, 212, 142, 216, 331, 222, 401, 437, 194, 495, 255, 143, 261, 29, 205, 22, 87, 346, 89, 132, 292, 377, 443, 65, 426, 88, 100, 126, 413, 167, 188, 185, 199, 366, 191, 170, 427, 116, 440, 11, 55, 62, 384, 388, 101, 158, 340, 474, 457, 292, 168, 484, 408, 455, 317, 279, 44, 312, 293, 439, 255, 420, 191, 262, 315, 151, 446, 62, 465, 281, 43, 457, 292, 168, 484, 408, 455, 317, 279, 44, 355, 9, 378, 3, 115, 52, 295, 137, 163, 59, 5, 41, 462, 130, 64, 30, 206, 204, 247, 12, 60, 434, 172, 414, 211, 170, 493, 19, 342, 495, 269, 5, 308, 468, 489, 437, 359, 75, 374, 50, 456, 393, 304, 232, 67, 344, 382, 189, 159, 240, 344, 421, 112, 345, 357, 189, 342, 17, 125, 14, 325, 280, 120, 137, 33, 453, 462, 316, 152, 334, 222, 468, 462, 52, 80, 406, 339, 14, 122, 148, 481, 404, 317, 379, 80, 318, 36, 276, 446, 365, 381, 262, 178, 313, 204, 240, 398, 190, 310, 363, 62, 150, 90, 336, 405, 208, 51, 262, 372, 38, 121, 455, 265, 317, 349, 139, 369, 448, 304, 418, 131, 402, 438, 119, 141, 481, 325, 465, 180, 97, 356, 314, 122]
Tree:
None
Fitness on 5000 data:
-7.188383626183111

Fitness:
-6.644620737897708