Generation:
500

Phenotype:
w = gm([11.2, 3.4, 6], [21.8, 8.8, 2.9], [15, 6.1, 1.3])  - 6  * u;
if 1 * bern(0.6) > 10 { 
   u = 20  * uniform([14, 22.4], 1) + bern(0.6);
  w = 15 * 16;
  w = bern(0.5) + uniform([14, 20.1], 1); 
 } else { 
   u = bern(0.4); 
 } end if;
v = gm([17, 9.4, 3]);;

Genotype:
[416, 1, 452, 198, 17, 152, 36, 97, 125, 413, 259, 1, 399, 127, 273, 210, 347, 293, 223, 176, 331, 75, 256, 286, 331, 219, 206, 390, 360, 170, 169, 254, 486, 209, 435, 398, 7, 223, 176, 417, 463, 41, 206, 241, 156, 143, 428, 331, 103, 22, 36, 474, 201, 367, 331, 268, 286, 417, 243, 84, 75, 176, 402, 75, 392, 198, 17, 152, 78, 173, 227, 170, 171, 144, 352, 8, 221, 190, 0, 143, 49, 36, 286, 417, 463, 237, 198, 460, 0, 336, 418, 36, 474, 36, 51, 273, 75, 176, 216, 463, 24, 198, 17, 384, 336, 110, 279, 195, 282, 144, 158, 88, 137, 195, 461, 41, 305, 279, 303, 447, 352, 180, 481, 359, 165, 451, 145, 227, 29, 22, 36, 474, 489, 367, 331, 75, 22, 36, 474, 201, 367, 331, 75, 286, 417, 463, 41, 198, 415, 0, 336, 428, 36, 213, 201, 367, 331, 75, 176, 402, 463, 41, 198, 17, 336, 457, 477, 336, 474, 202, 468, 398, 204, 399, 281, 398, 204, 399, 281, 458, 198, 110, 259, 409, 426, 285, 299, 63, 38, 24, 374, 361, 445]
Tree:
None
Fitness on 5000 data:
-5.28370736779322

Fitness:
-5.140039906878188