Generation:
500

Phenotype:
a = uniform([19, 7], 1)  - 22; 
if 26 * uniform([11, 6], 2) > 15 { 
  b = gm([18, 6.6, 15]); 
 } else { 
  b = uniform([6, 4], 2) + 0  * gm([26, 20, 11]); 
 } end if;

Genotype:
[361, 329, 312, 323, 484, 144, 465, 484, 224, 362, 84, 299, 378, 199, 398, 77, 104, 138, 140, 41, 427, 325, 288, 30, 421, 206, 466, 297, 303, 471, 455, 16, 15, 301, 333, 479, 409, 462, 93, 13, 70, 93, 13, 466, 224, 336, 84, 299, 378, 290, 415, 447, 265, 329, 312, 323, 484, 144, 413, 427, 325, 288, 30, 421, 408, 466, 421, 408, 66, 138, 140, 413, 427, 325, 288, 30, 421, 408, 466, 421, 408, 224, 323, 0, 56, 66, 464, 471, 220, 303, 471, 220, 74, 228, 301, 120, 466, 15, 207, 297, 426, 297, 280, 416, 220, 74, 228, 275, 333, 479, 379, 462, 93, 400, 399, 267, 247, 263, 391, 306, 260, 294, 181, 19, 357, 484, 276, 307, 12, 427, 82, 493, 40, 426, 412, 272, 167, 20, 412, 90, 312, 467, 47, 68, 463, 397, 427, 81, 437, 301, 135, 91, 70, 397, 382, 489, 132, 323, 344, 17, 133, 214, 64, 53, 282, 176, 135, 25, 158, 488, 7, 460, 493, 303, 486, 417, 234, 443, 472, 230, 136, 167, 311, 431, 295, 47, 294]
Tree:
None
Fitness on 5000 data:
-4.965340917966509

Fitness:
-4.3756087100975485