Generation:
500

Phenotype:
a = uniform([15, 5.4], 3)  - uniform([14, 5.1], 2); 
if a < 0 { 
  b = 3 * a + gm([1,0.,1.]); 
 } else { 
  b = gm([1,8.,1.]); 
 } end if;

Genotype:
[273, 363, 486, 466, 200, 158, 150, 170, 387, 185, 222, 480, 38, 363, 131, 200, 259, 160, 279, 185, 222, 185, 38, 363, 131, 200, 259, 160, 279, 363, 486, 466, 200, 158, 150, 170, 387, 448, 2, 368, 226, 38, 259, 140, 458, 144, 464, 329, 165, 232, 104, 368, 315, 491, 225, 266, 37, 69, 331, 429, 420, 464, 225, 322, 296, 477, 498, 193, 105, 232, 222, 200, 349, 92, 390, 3, 240, 104, 29, 458, 484, 37, 69, 29, 463, 483, 14, 156, 433, 84, 86, 100, 19]
Tree:
None
Fitness on 5000 data:
-3.5990479575802703

Fitness:
-3.4008877834749955