Generation:
500

Phenotype:
u = 1  * gm([13, 0.2, 0.4]);
v = 3  * bern(0.9) + gm([29.7, 7, 2.5], [2.3, 7.4, 3.4]);
w = gm([30, 5, 2.2], [12, 7, 2], [1, 18, 22.4]);;

Genotype:
[296, 178, 420, 449, 222, 240, 451, 404, 445, 226, 494, 168, 211, 186, 118, 123, 279, 462, 248, 167, 301, 250, 25, 65, 175, 404, 24, 265, 235, 311, 339, 213, 308, 286, 249, 250, 139, 480, 385, 64, 416, 245, 38, 498, 171, 220, 66, 495, 234, 345, 380, 351, 357, 97, 157, 336, 278, 74, 67, 249, 250, 235, 311, 212, 74, 308, 286, 120, 250, 342, 248, 249, 64, 266, 315, 425, 498, 171, 24, 265, 235, 311, 46, 74, 308, 286, 249, 250, 292, 248, 249, 64, 416, 245, 392, 73, 171, 362, 66, 495, 234, 434, 380, 351, 357, 97, 157, 336, 493, 358, 67, 249, 250, 235, 311, 174, 74, 308, 286, 249, 250, 342, 248, 249, 64, 416, 217, 425, 362, 66, 495, 234, 434, 380, 351, 357, 97, 235, 487, 467, 222, 240, 302, 362, 30, 495, 234, 237, 380, 122, 67, 48, 421, 87, 358, 134, 234, 184, 401, 433, 398, 376, 10, 224, 449, 67, 442, 135, 224, 449, 67, 442, 135, 441, 176, 22, 399, 402, 249, 433, 372, 156, 228, 360, 259, 347, 218, 278, 426]
Tree:
None
Fitness on 5000 data:
-4.93107338742866

Fitness:
-4.887780047037047