Generation:
500

Phenotype:
skill1 = gm([26, 0.1, 19.5], [6.9, 9, 4]);
skill1 = uniform([0, 23.9], 2) + 7;
skill2 = uniform([15, 11.2], 3)  - skill2;
p1wins = bern(0.1);;

Genotype:
[269, 202, 496, 493, 48, 348, 30, 209, 167, 70, 367, 491, 0, 0, 43, 329, 148, 118, 45, 378, 224, 336, 195, 134, 4, 80, 32, 9, 406, 399, 138, 93, 127, 271, 98, 41, 371, 52, 100, 128, 398, 128, 52, 326, 447, 474, 170, 5, 166, 172, 178, 435, 264, 379, 330, 86, 284, 227, 168, 39, 159, 126, 337, 433, 496, 198, 351, 56, 303, 198, 54, 330, 194, 190, 435, 49, 327, 434, 378, 16, 130, 227, 118, 103]
Tree:
None
Fitness on 5000 data:
-7.334207993314725

Fitness:
-6.176300829795228