Generation:
500

Phenotype:
damage = preplevel + gm([0.9, 0, 0], [0.8, 1, 0]);
damage = gm([0.9, 0, 0], [0.2, 1, 0]) + gm([0.7, 0, 0], [0.5, 1, 0], [0.8, 2, 0]);
damage = 1 + gm([0.2, 0, 0], [0.8, 1, 0], [0.4, 2, 0]);
preplevel = 4;
damage = gm([0.7, 0, 0], [0.5, 1, 0], [0.8, 2, 0]);
damage = 1 + gm([0.7, 0, 0], [0.8, 1, 0], [0.9, 2, 0]);
damage = 4 + preplevel;
damage = gm([0.5, 0, 0], [0.7, 1, 0]);
preplevel = gm([0.7, 0, 0], [0.2, 1, 0], [0.4, 2, 0]);

Genotype:
[395, 359, 438, 446, 265, 141, 178, 332, 286, 364, 141, 178, 332, 286, 498, 337, 193, 393, 204, 281, 448, 458, 334, 364, 193, 393, 141, 40, 448, 458, 216, 280, 19, 123, 105, 146, 276, 37, 185, 127, 313, 354, 448, 458, 216, 280, 19, 474, 448, 228, 216, 197, 216, 276, 37, 351, 141, 40, 349, 458, 216, 280, 19, 123, 105, 146, 276, 37, 185, 141, 178, 332, 286, 364, 337, 193, 393, 204, 40, 448, 458, 334, 364, 193, 393, 216, 280, 334, 364, 193, 393, 216, 280, 448, 458, 216, 136, 19, 123, 438, 334, 30, 344, 130, 133, 393, 204, 40, 448, 458, 52, 465, 451, 264, 438, 286, 163, 275, 297, 154, 488, 123, 31, 208, 144, 365, 405, 222, 146, 253, 120, 248, 95, 428, 74, 251, 257, 291, 244, 456, 326, 285, 39, 30, 393, 440, 190, 434, 390, 407, 165, 141, 316, 220, 31, 328, 38, 134, 269, 75, 322, 177, 378, 465, 1, 285, 162, 320, 62]
Tree:
None
Fitness on 5000 data:
-1.729097898423571

Fitness:
-1.5488087643257142