Generation:
500

Phenotype:
x = 1  - 0;
v = 1  - bern(0.1);
w = bern(0.1) + 0;
u = bern(0.2); 
  if u == 1 { 
       if w == 1{ 
             x = gm([0.8, 1, 0], [0.2, 0, 0]); 
       } else { 
             x = gm([0.2, 1, 0], [0.8, 0, 0]); 
       } end if; 
 } else { 
       if v == 1{ 
             x = gm([0.8, 1, 0], [0.2, 0, 0]); 
       } else { 
             x = gm([0.2, 1, 0], [0.8, 0, 0]); 
       } end if; 
 } end if;

Genotype:
[1, 123, 360, 20, 467, 116, 249, 241, 389, 334, 418, 199, 433, 128, 111, 433, 128, 111, 171, 260, 325, 382, 403, 290, 107, 171, 295, 398, 484, 368, 467, 116, 249, 500, 389, 334, 418, 199, 433, 128, 111, 433, 128, 111, 171, 32, 325, 20, 62, 413, 340, 128, 334, 418, 199, 433, 128, 111, 152, 220, 6, 382, 205, 290, 107, 400, 307, 128, 484, 368, 260, 296, 268, 174, 395, 400, 307, 128, 111, 241, 202, 489, 228, 490, 397, 228, 333, 475, 249, 124, 389, 457, 311, 120, 403, 475, 433, 128, 111, 152, 220, 6, 382, 64, 26, 395, 316, 418, 408, 405, 392, 123, 251, 33, 32, 269, 288, 78, 40, 392, 360, 123, 15, 238, 212, 141, 74, 14, 150, 495, 0, 33, 32, 269, 288, 334, 182, 458, 342, 490, 176, 352, 224, 274, 103, 129, 151, 202, 322, 452, 66, 332, 298, 477, 73, 327, 13, 240, 452, 287, 111, 288, 361, 395, 316, 418, 408, 405, 325, 389, 457, 311, 120, 188, 475, 348, 340, 130, 369, 161, 400, 98, 92, 450, 0, 61, 108, 442, 452, 287, 111, 74, 215, 25, 498, 204, 384, 313, 442]
Tree:
None
Fitness on 5000 data:
-1.9502019118566127

Fitness:
-1.475192827672375