Generation:
500

Phenotype:
skill1 = 23  * gm([12, 1, 4], [20, 2.7, 3.9], [24.7, 21.7, 3.8], [2, 22, 13.7], [14, 3.8, 24.5], [4.4, 22.4, 17], [3, 0.8, 22]);
skill1 = gm([15, 20, 2.7]);
p1wins = bern(0.4)  - bern(0.9);
skill2 = gm([25, 12.7, 3.8], [18, 11.7, 3.8], [2, 21, 8]) + 6;
if skill1-skill2 > 0 { 
  p1wins = 1.0;
 } else { 
   p1wins = 0.0; 
 } end if;

Genotype:
[98, 71, 264, 37, 297, 246, 340, 23, 373, 341, 376, 43, 146, 373, 468, 376, 139, 334, 423, 303, 33, 78, 389, 220, 53, 293, 293, 210, 87, 181, 486, 231, 125, 468, 376, 139, 334, 250, 474, 53, 293, 292, 87, 363, 136, 231, 373, 468, 376, 371, 334, 220, 347, 423, 128, 264, 15, 115, 264, 296, 110, 340, 246, 65, 83, 403, 250, 474, 53, 293, 210, 87, 363, 486, 0, 373, 468, 376, 139, 334, 423, 303, 33, 78, 389, 220, 53, 293, 293, 210, 87, 363, 486, 231, 125, 468, 376, 268, 334, 250, 306, 53, 293, 292, 87, 363, 136, 231, 373, 468, 376, 371, 334, 235, 303, 414, 78, 389, 220, 214, 428, 298, 498, 36, 269, 138, 101, 389, 220, 99, 428, 298, 498, 36]
Tree:
None
Fitness on 5000 data:
-6.000057554367409

Fitness:
-5.620061548621464