Generation:
500

Phenotype:
u = bern(0.2); 
 v = bern(0.8); 
 w = 0 + bern(0.1); 
  if bern(0.2) + bern(0.6) >= 1 { 
       if u == 0{ 
             x = v; 
       } else { 
             x = bern(0.1)  - 0; 
       } end if; 
 } else { 
       if w != 1{ 
             x = 0; 
       } else { 
             x = bern(0.4)  - v; 
       } end if; 
 } end if;

Genotype:
[462, 438, 340, 129, 478, 129, 246, 325, 349, 331, 105, 140, 472, 95, 396, 455, 479, 325, 244, 146, 99, 77, 6, 201, 78, 304, 300, 6, 288, 438, 340, 129, 266, 288, 163, 99, 425, 6, 392, 78, 63, 163, 99, 425, 6, 392, 78, 63, 75, 60, 246, 325, 86, 373, 211, 419, 264, 251, 248, 74, 1, 170, 195, 237, 340, 129, 398, 288, 438, 340, 129, 459, 57, 90, 81, 86, 373, 276, 429, 438, 409, 288, 438, 340, 129, 398, 288, 438, 340, 129, 430, 487, 459, 57, 90, 81, 86, 373, 391, 419, 264, 251, 248, 74, 1, 170, 195, 237, 346, 19, 246, 308, 101, 170, 195, 237, 346, 19, 246, 308, 101, 484, 296, 179, 350, 215, 183, 411, 310, 399, 199, 272, 470, 318, 97, 406, 98, 296, 133, 450, 388, 424, 362, 327, 143, 240, 304, 461, 170, 422, 120, 189, 427, 222, 179, 23, 152, 240, 70, 157, 103, 259, 284, 64, 265, 469, 19, 484, 120, 381, 16, 23]
Tree:
None
Fitness on 5000 data:
-inf

Fitness:
-1.5229321060332603