Generation:
500

Phenotype:
skill1 = uniform([13, 17.5], 1); 
skill2 = 29  * uniform([21, 14.4], 1);
skill2 = 4 * 26  - uniform([25, 4], 4);
skill2 = uniform([13, 14.1], 1)  - 26  * p1wins; 
if 8 * gm([5, 4, 24], [26, 14, 4.4], [1.1, 14.7, 13], [25, 11, 15.2], [26, 20.8, 5], [25, 13, 14.1]) <= 6 { 
  p1wins = 1;
 } else { 
   p1wins = 0; 
 } end if;

Genotype:
[77, 330, 375, 50, 137, 115, 172, 157, 284, 438, 436, 184, 190, 300, 109, 138, 282, 384, 185, 66, 239, 293, 140, 458, 19, 66, 57, 480, 262, 273, 66, 57, 163, 237, 280, 252, 25, 386, 339, 222, 106, 339, 324, 180, 136, 316, 119, 480, 262, 179, 66, 57, 163, 237, 19, 46, 129, 280, 252, 316, 458, 19, 66, 57, 480, 262, 273, 66, 57, 163, 237, 280, 252, 25, 386, 339, 222, 106, 339, 324, 180, 136, 228, 119, 480, 262, 273, 66, 57, 163, 237, 115, 46, 129, 122, 252, 25, 386, 106, 339, 324, 180, 461, 316, 487, 480, 262, 273, 113, 302, 50, 284, 402, 436, 268, 190, 139, 109, 138, 443, 384, 185, 66, 87, 115, 140, 458, 19, 66, 57, 163, 115, 172, 361, 284, 402, 436, 268, 190, 13, 109, 138, 443, 384, 323, 66, 87, 115, 140, 458, 19, 34, 57, 163, 237, 19, 46, 129, 280, 252, 25, 386, 339, 24, 343, 478, 92, 125, 222, 340, 314, 121, 259, 206, 499, 112, 166, 68, 400, 406, 486, 225, 177, 447, 487, 305, 252, 107, 107, 19, 389, 61, 98, 271, 351, 496, 476, 216, 115, 470, 470, 49, 421]
Tree:
None
Fitness on 5000 data:
-6.171593225431377

Fitness:
-5.867099362677952