Generation:
500

Phenotype:
w = uniform([30, 2.3], 2)  - 12  * gm([22.3, 4, 29.7], [27.4, 19, 7.7], [14, 9.1, 2]);
v = gm([1, 26.9, 4.3], [15, 28, 3.1])  - uniform([17, 2.2], 4);
w = uniform([5, 6.3], 1)  - bern(0.7);
u = bern(0.4);;

Genotype:
[125, 254, 354, 330, 458, 47, 195, 426, 309, 411, 157, 119, 329, 439, 322, 189, 67, 67, 487, 29, 430, 314, 143, 91, 402, 129, 199, 306, 102, 84, 143, 35, 348, 357, 438, 284, 262, 377, 381, 486, 494, 281, 376, 290, 18, 400, 311, 492, 57, 417, 262, 280, 85, 491, 224, 487, 252, 236, 314, 230, 449, 482, 462, 243, 313, 108, 81, 262, 203, 81, 281, 19, 487, 470, 430, 314, 143, 489, 402, 129, 179, 99, 227, 84, 474, 35, 348, 357, 438, 167, 489, 246, 378, 199, 273, 352, 353, 276, 35, 338, 357, 480, 354, 39, 217, 216, 125, 24, 257, 148, 234, 187, 6, 500, 77, 401, 123]
Tree:
None
Fitness on 5000 data:
-5.411116078469824

Fitness:
-5.257456165101716