Generation:
500

Phenotype:
a = uniform([6, 7.5], 1); 
b = 16  * a + uniform([18, 27.3], 1); 
b = 13  - gm([0, 10, 21], [23.4, 8.6, 5]);
a = uniform([10, 3], 3)  - a;;

Genotype:
[497, 396, 474, 395, 378, 373, 348, 274, 252, 373, 121, 481, 282, 446, 300, 176, 359, 287, 182, 362, 200, 71, 282, 107, 51, 38, 362, 488, 168, 246, 484, 263, 18, 217, 494, 444, 318, 486, 18, 339, 395, 489, 303, 101, 365, 62, 408, 486, 486, 87, 214, 14, 465, 494, 382, 176, 110, 242, 198, 327, 158, 17, 396, 236, 386, 155, 99, 442, 106, 318, 174, 192, 488, 480, 329, 277, 96, 336, 219, 218, 305, 10, 189, 403, 381, 26, 402, 113, 226, 438, 446, 55, 401, 128, 317, 387, 402, 261, 262, 440, 458, 229, 360, 61, 323, 338, 486, 378, 486, 475, 249, 10, 20, 381, 206, 96, 336, 219, 218, 305, 10, 189, 403, 381, 26, 402, 113, 226, 438, 446, 55, 401, 128, 317, 387, 402, 261, 262, 440, 458, 229, 360, 61, 323, 338, 486, 378, 486, 475, 249, 10, 20, 381, 206, 60, 98, 322, 132, 210, 327, 310, 202, 269, 272, 10, 84, 378, 362, 469, 106, 424, 427, 87, 329, 480, 441, 19, 78, 379, 492, 283, 227, 51, 210, 15, 250, 152, 162, 488, 133, 248, 234, 441, 465, 156, 71, 372, 362, 488, 168, 246, 484, 263, 18, 359, 494, 136, 328]
Tree:
None
Fitness on 5000 data:
-5.249007300619079

Fitness:
-5.075443652813357