Generation:
500

Phenotype:
v = uniform([17, 4], 1)  - 26  * uniform([15, 4.9], 1);
v = gm([10, 9.8, 3.3])  - 14  * w;
w = 21  - 6  * gm([4, 4, 2]);
u = bern(0.3)  - u;;

Genotype:
[193, 478, 274, 80, 271, 299, 147, 314, 110, 110, 390, 460, 460, 181, 474, 263, 479, 159, 53, 316, 362, 7, 286, 152, 417, 1, 366, 132, 351, 341, 474, 340, 219, 220, 200, 358, 45, 432, 455, 473, 80, 397, 362, 314, 110, 110, 362, 460, 254, 181, 474, 50, 314, 306, 376, 316, 95, 45, 150, 449, 417, 383, 366, 131, 137, 408, 396, 339, 163, 62, 176, 272, 434, 457, 307, 295, 272, 191, 188]
Tree:
None
Fitness on 5000 data:
-6.608782991691808

Fitness:
-6.661081722847321