Generation:
500

Phenotype:
u = u  - u;
w = bern(0.1)  - v;
v = v;
x = bern(0.9) + 0;
x = v + bern(0.7);
u = bern(0.8);
v = bern(0.9) + 0;
u = 1  - bern(0.7);

Genotype:
[45, 484, 212, 436, 8, 0, 0, 228, 472, 424, 0, 106, 66, 306, 386, 17, 308, 349, 432, 206, 82, 365, 188, 284, 425, 300, 234, 0, 5, 365, 60, 228, 307, 427, 178, 215, 179, 63, 244, 303, 292, 448, 123, 4, 100, 190, 17, 462, 349, 438, 164, 124, 372, 270, 362, 365, 178, 228, 366, 445, 331, 320, 349, 233, 251, 188, 248, 300, 402, 80, 149, 59, 269, 188, 197, 60, 228, 59, 17, 136, 349, 432, 206, 417, 365, 136, 349, 432, 206, 82, 365, 188, 284, 425, 300, 300, 234, 365, 60, 228, 307, 427, 178, 320, 179, 63, 244, 303, 462, 349, 438, 164, 82, 219, 106, 66, 306, 386, 17, 136, 349, 432, 206, 82, 365, 188, 284, 425, 300, 234, 0, 5, 349, 60, 228, 307, 427, 178, 320, 179, 63, 244, 303, 292, 448, 123, 4, 100, 48, 17, 462, 349, 438, 164, 82, 372, 270, 362, 365, 178, 228, 366, 445, 331, 320, 179, 429, 15, 188, 248, 300, 402, 80, 176, 59, 269, 188, 284, 300, 300, 234, 0, 362, 365, 60, 228, 307, 226, 178, 320, 179, 59, 388, 188, 284, 300, 300, 234, 100, 56, 76, 76, 294, 416, 494, 95, 382, 386, 488, 100, 81, 300, 225, 319, 332, 92, 112, 388, 351, 92, 323, 367, 21, 241, 115, 84, 27, 456, 68, 56]
Tree:
None
Fitness on 5000 data:
-2.0190943842132363

Fitness:
-1.6484379101372821