Generation:
500

Phenotype:
a = gm([3, 1, 1.8]); 
if a < 0 { 
  b = 3 * a + gm([1,0.,1.]); 
 } else { 
  b = gm([1,8.,1.]); 
 } end if;

Genotype:
[408, 192, 350, 351, 282, 12, 282, 457, 360, 308, 282, 308, 497, 61, 497, 169, 254, 168, 85, 374, 308, 497, 61, 497, 3, 282, 222, 457, 405, 457, 282, 424, 382, 282, 483, 282, 374, 282, 405, 457, 306, 85, 40, 131, 254, 288, 237, 174, 467, 100, 374, 160, 112, 39, 412, 201, 298, 306, 214, 40, 131, 254, 288, 237, 158, 467, 100, 374, 160, 112, 39, 412, 201, 298, 158, 273, 208, 327, 442, 97, 346, 236, 492, 394, 213, 382, 84, 161, 0, 290, 35, 311, 455, 210, 158, 226, 405, 307, 497, 306, 235, 386, 158, 467, 100, 374, 391, 190, 265, 86, 385, 360, 21, 308, 116, 213, 382, 52, 161, 412, 201, 148, 14, 295, 165, 139, 8, 96]
Tree:
None
Fitness on 5000 data:
-3.674815972209456

Fitness:
-3.36588275342306