Generation:
500

Phenotype:
x = gm([20, 18.8, 3.2]) + 3;
sigma = gm([30, 6.6, 2], [0.5, 21, 16.2])  - 5;
mu = 30 * 0;
mu = uniform([17, 6.8], 1);

Genotype:
[96, 392, 418, 260, 152, 334, 258, 154, 250, 366, 423, 71, 297, 250, 423, 375, 415, 380, 92, 468, 161, 442, 134, 442, 215, 168, 391, 3, 94, 92, 247, 161, 176, 20, 126, 432, 11, 124, 391, 456, 176, 423, 419, 1, 380, 92, 470, 161, 92, 142, 12, 432, 413, 215, 309, 372, 102, 312, 254, 393, 480, 480, 239, 482, 259, 161, 475, 72, 180, 432, 84, 215, 348, 372, 102, 312, 254, 32, 418, 372, 464, 174, 483, 239, 276, 391, 456, 176, 282, 42, 31, 196, 80, 105, 32, 418, 480, 239, 162, 28, 67, 393, 348, 372, 201, 369, 126, 0, 258, 35, 293, 255, 88, 52, 16, 179, 270, 396, 418, 321, 87, 102, 56, 162, 81, 166, 221, 57, 227, 261, 267, 81, 456, 195, 288, 244, 490, 101, 495, 200, 154, 42, 420, 154, 407, 484, 326, 88, 253, 60, 300, 257, 119, 407, 484, 134, 262, 353, 179, 300, 448, 399, 42, 186, 420, 289, 33, 152, 60, 386, 125, 475, 419, 482, 236]
Tree:
None
Fitness on 5000 data:
-7.459529370199627

Fitness:
-7.148601688378152