Generation:
500

Phenotype:
burglary = bern(0.5) + burglary;
alarm = earthquake;
burglary = bern(0.2);
alarm = 0 + alarm;
if burglary != 1 { 
   earthquake = johncalls  - 0; 
 } else { 
   burglary = 0; 
 } end if;

Genotype:
[108, 202, 376, 255, 152, 292, 250, 449, 418, 360, 174, 392, 354, 376, 78, 225, 292, 46, 449, 418, 34, 174, 400, 354, 484, 231, 316, 392, 174, 498, 268, 371, 370, 392, 310, 202, 376, 231, 430, 464, 311, 63, 360, 174, 300, 57, 320, 416, 316, 271, 231, 50, 236, 66, 152, 344, 42, 371, 270, 166, 138, 349, 104, 283, 363, 283, 56, 102, 424, 210, 230, 37, 420, 142, 103, 420, 78, 307, 91, 212, 239, 381, 151, 25, 444, 111, 407, 118, 464, 162, 188, 28, 473, 225, 449, 310, 190, 496, 495, 354, 378, 271, 231, 152, 308, 80, 238, 493, 35, 337, 376, 40, 164, 484, 21, 186, 289, 244, 188, 435, 196, 259, 87, 418, 180, 157, 445, 81, 418, 64, 244, 348, 64, 245, 10, 140, 356, 244, 328, 10, 407, 399, 148, 80, 40, 491]
Tree:
None
Fitness on 5000 data:
-inf

Fitness:
0.0