Generation:
500

Phenotype:
mu = uniform([20, 9], 1)  - 4;
x = gm([3, 15.2, 3.7]) + gm([3, 9.1, 2]);
sigma = gm([0.3, 2.4, 6], [13.2, 2.3, 2]);

Genotype:
[285, 163, 374, 18, 54, 308, 165, 293, 144, 452, 251, 120, 224, 440, 438, 424, 217, 158, 49, 33, 442, 434, 474, 344, 307, 325, 424, 217, 158, 150, 33, 442, 262, 474, 344, 165, 226, 126, 452, 281, 120, 224, 292, 280, 108, 222, 421, 305, 339, 372, 308, 165, 281, 120, 224, 440, 310, 105, 292, 280, 49, 33, 407, 452, 281, 476, 224, 262, 54, 374, 18, 54, 308, 165, 293, 144, 452, 251, 120, 326, 440, 438, 424, 217, 158, 49, 33, 442, 262, 474, 344, 165, 266, 126, 452, 281, 120, 224, 440, 315, 105, 292, 280, 108, 294, 421, 268, 386, 421, 126, 457, 262, 474, 344, 144, 348, 34, 438, 165, 293, 479, 452, 251, 120, 224, 440, 438, 251, 120, 251, 120, 224, 440, 438, 424, 217, 158, 49, 33, 442, 380, 474, 344, 165, 226, 126, 452, 281, 120, 440, 37, 362, 292, 280, 108, 294, 421, 293, 144, 452, 251, 120, 224, 440, 438, 424, 217, 158, 49, 33, 442, 262, 474, 344, 165, 226, 126, 452, 281, 120, 224, 440, 37, 105, 292, 280, 108, 294, 126, 452, 281, 476, 23, 262, 474, 344, 165, 158, 49, 492, 442, 262, 474, 101, 265, 265, 274, 446, 24, 442, 56, 446, 173, 421, 386, 464, 83, 129, 241, 442, 30, 150, 469, 412, 21, 283, 92, 49, 33, 442, 262, 474, 344, 165, 226, 126, 452, 281, 120, 224, 440, 37, 105, 292, 280, 108, 294, 126, 452, 281, 476, 224, 262, 474, 344, 165, 158, 49, 492, 442, 262, 474, 101, 265, 265, 274, 446, 24, 442, 56, 446, 173, 421, 386, 464, 83, 129, 241, 442, 30, 150, 469, 412, 21, 283, 92, 216, 369, 67, 87, 15, 319, 446, 60, 22, 309, 314, 389]
Tree:
None
Fitness on 5000 data:
-7.322627584134756

Fitness:
-7.169997649175886