Generation:
500

Phenotype:
skill1 = gm([25.5, 19.3, 4]);
skill2 = 9  - 15  * uniform([6, 21.6], 1);
skill2 = gm([2, 22, 4]);
if skill1-skill2 > 0 { 
  p1wins = 1.0;
 } else { 
   p1wins = 0.0; 
 } end if;

Genotype:
[478, 397, 252, 223, 351, 378, 291, 85, 314, 375, 149, 427, 473, 267, 317, 52, 500, 356, 234, 85, 290, 218, 278, 381, 481, 356, 366, 223, 481, 52, 176, 352, 354, 344, 418, 298, 450, 351, 85, 424, 386, 64, 378, 53, 16, 314, 451, 453, 399, 496, 458, 317, 414, 351, 378, 53, 85, 314, 351, 169, 399, 351, 378, 291, 85, 314, 12, 262, 352, 354, 452, 62, 170, 64, 67, 215, 127, 396, 104]
Tree:
None
Fitness on 5000 data:
-6.085043933058831

Fitness:
-5.668954201256631