Generation:
500

Phenotype:
skill1 = 15  * uniform([1, 7], 4) + gm([19.2, 17, 30]); 
skill2 = uniform([8, 23.1], 1) + skill2; 
p1wins = bern(0.6);
skill1 = 3 + gm([0.9, 17, 4]);;

Genotype:
[389, 256, 4, 77, 282, 218, 372, 69, 231, 420, 333, 312, 293, 360, 352, 110, 296, 260, 216, 250, 168, 294, 163, 147, 271, 369, 116, 315, 368, 259, 399, 321, 7, 482, 192, 300, 269, 339, 31, 71, 420, 189, 312, 293, 42, 193, 372, 242, 414, 420, 316, 159, 4, 77, 282, 218, 372, 69, 231, 420, 413, 312, 293, 360, 319, 110, 294, 163, 147, 435, 369, 294, 315, 368, 259, 399, 321, 7, 42, 193, 372, 242, 414, 420, 413, 159, 242, 414, 420, 413, 159, 163, 425, 420, 189, 312, 293, 42, 193, 372, 242, 414, 420, 413, 159, 319, 110, 142, 103, 271, 266, 294, 315, 368, 259, 399, 321, 7, 499, 192, 319, 110, 325, 260, 433, 314, 168, 294, 163, 425, 271, 203, 294, 315, 368, 259, 399, 321, 7, 499, 192, 200, 269, 339, 31, 423, 420, 413, 312, 293, 42, 193, 372, 242, 414, 420, 413, 312, 293, 360, 319, 110, 325, 260, 433, 68, 168, 470, 163, 425, 271, 266, 294, 315, 368, 259, 399, 321, 407, 499, 192, 200, 269, 339, 425, 117, 106, 471, 159, 72, 371, 269, 339, 425, 117, 342, 471, 159, 72, 371, 96, 352, 418, 478, 486, 352, 418, 478, 486, 184, 363, 192, 236, 205, 463, 30, 195, 450, 202, 494, 32, 319, 301, 227, 228, 3, 301, 319, 408, 490, 220, 371, 426, 44, 473, 379, 221, 488, 395, 321, 366, 71, 217, 373, 275, 89, 228, 205, 485, 336, 464, 292, 315, 391, 381, 379, 77, 282, 269, 130, 34, 346, 122, 208, 409, 207, 178, 414, 327, 384, 425, 386, 104, 34, 384, 436, 258, 31, 81, 32, 452, 99, 475, 201, 225, 444, 228, 3, 301, 319, 408, 490, 220, 371, 426, 44, 473, 379, 221, 488, 395, 321, 366, 71, 217, 373, 275, 89, 228, 205, 485, 336, 464, 292, 315, 391, 381, 379, 77, 282, 269, 130, 34, 346, 122, 208, 409, 207, 178, 414, 327, 384, 425, 386, 104, 34, 384, 409, 207, 178, 414, 327, 384, 425, 386, 104, 34, 384, 436, 258, 31, 81, 32, 452, 99, 475, 201, 225, 444, 228, 3, 301, 319, 408, 490, 220, 371, 426, 44, 473, 379, 221, 488, 395, 321, 366, 71, 217, 373, 275, 89, 228, 205, 485, 336, 464, 444, 40, 444, 414, 55, 103, 230, 229, 317, 379, 324, 180, 166, 235, 138, 233, 499, 171, 280, 467, 442, 111, 7, 71, 260]
Tree:
None
Fitness on 5000 data:
-6.527828625510849

Fitness:
-6.313238779540278