Generation:
500

Phenotype:
w = uniform([29, 17.1], 2)  - gm([20.7, 7.3, 24]);
u = bern(0.4);
v = uniform([16, 20.2], 1)  - 18;
w = uniform([8, 16.1], 1)  - v;;

Genotype:
[469, 244, 174, 480, 461, 101, 18, 122, 122, 167, 265, 18, 329, 285, 33, 388, 277, 20, 213, 33, 7, 434, 18, 148, 122, 167, 270, 444, 471, 455, 39, 356, 140, 18, 16, 239, 153, 198, 140, 215, 20, 379, 160, 329, 468, 49, 261, 140, 402, 29, 482, 492, 122, 8, 287, 295, 333, 388, 39, 388, 175, 306, 91, 180, 295, 333, 388, 12, 305, 410, 39, 356, 140, 18, 16, 239, 153, 198, 140, 215, 20, 315, 484, 329, 468, 49, 261, 20, 229, 33, 7, 434, 18, 328, 122, 167, 270, 444, 471, 455, 39, 356, 140, 18, 16, 239, 153, 198, 140, 215, 20, 315, 160, 329, 468, 39, 356, 68, 18, 329, 356, 244, 178, 376, 39, 388, 12, 306, 91, 180, 295, 333, 388, 12, 305, 410, 355, 20, 229, 33, 7, 434, 18, 328, 428, 198, 295, 192, 280, 156, 117, 58, 495, 134, 91, 39, 356, 68, 206, 203, 153, 18, 208, 261, 176, 295, 117, 413, 110, 427, 356, 295, 192, 280, 246, 305, 410, 355, 134, 91, 39, 356, 140, 333, 39, 356, 140, 18, 221, 122, 206, 270, 444, 471, 254, 25, 233, 106, 468, 289, 367, 276, 432, 142, 60, 452, 281, 294, 220, 472, 357, 356, 92, 388, 347]
Tree:
None
Fitness on 5000 data:
-6.133530838401148

Fitness:
-5.986374720507187