Generation:
500

Phenotype:
burglary=0 + burglary; 
 earthquake=0  - bern(0.8); 
 alarm=burglary  - 0; 
 johncalls=burglary + earthquake; 
 earthquake = burglary  - 0;
johncalls = 1  - 1;

Genotype:
[216, 394, 153, 182, 104, 462, 404, 83, 195, 220, 470, 347, 151, 140, 480, 24, 488, 295, 206, 55, 256, 132, 452, 192, 398, 301, 461, 394, 216, 469, 320, 186, 114, 28, 55, 214, 372, 482, 28, 159, 464, 253, 141, 213, 175, 158, 186, 290, 38, 468, 494, 339, 260, 473, 241, 42, 459, 324, 33, 21, 44, 67, 360, 312, 471, 10, 84, 345, 311, 331, 139, 112, 444, 113, 66, 207, 111, 402, 391, 291, 168, 209, 210, 10, 455, 227, 419, 205, 424, 357, 335, 90, 451, 419, 376, 4, 11, 120, 65, 243, 250, 103, 314, 64, 323, 289, 125, 322, 192, 337, 123, 190, 232, 471, 106, 390, 143, 285, 162, 484, 231, 176, 405, 280, 108, 201, 340, 430, 16]
Tree:
None
Fitness on 5000 data:
-inf

Fitness:
0.0