Generation:
500

Phenotype:
p1wins = 21  * uniform([11, 5], 4);
skill2 = uniform([15, 9], 1);
skill1 = 26;
skill1 = 6  * uniform([2, 3.2], 1);
p1wins = bern(0.6);
skill2 = 4  * uniform([3, 3], 1);;

Genotype:
[499, 400, 422, 135, 68, 471, 316, 83, 42, 135, 68, 499, 171, 150, 270, 304, 270, 39, 270, 170, 314, 206, 68, 35, 322, 348, 135, 210, 260, 150, 150, 322, 150, 439, 174, 150, 382, 471, 34, 467, 237, 499, 118, 304, 270, 39, 338, 483, 42, 135, 68, 324, 174, 343, 175, 282, 64, 314, 206, 499, 428, 389, 44, 439, 39, 338, 483, 42, 135, 175, 282, 64, 314, 206, 499, 428, 389, 44, 439, 39, 338, 483, 42, 135, 68, 499, 171, 150, 270, 304, 270, 39, 474, 483, 42, 135, 7, 439, 270, 478, 93, 318, 199, 330, 78, 108, 186, 310, 180, 405, 190, 176, 31, 360, 224, 358, 236, 71, 370, 374, 317, 306, 33, 118, 221, 52, 136, 42, 289, 109, 475, 16, 172, 224, 98, 152, 440, 433, 3, 247, 27, 219, 28, 189, 438, 287, 436, 476, 144]
Tree:
None
Fitness on 5000 data:
-6.417642128613117

Fitness:
-6.34044816005056