Generation:
500

Phenotype:
mu = uniform([15, 10.4], 1);
sigma = uniform([22, 4], 4)  - uniform([21, 1.3], 1);
 x = sigma * gm([1,1,1]);
x = x + mu;

Genotype:
[65, 296, 348, 138, 378, 225, 303, 128, 139, 279, 351, 102, 324, 195, 408, 233, 187, 431, 96, 413, 487, 300, 3, 395, 444, 296, 114, 469, 187, 344, 96, 413, 487, 300, 3, 395, 444, 296, 114, 469, 187, 70, 446, 444, 323, 114, 58, 187, 296, 45, 170, 17, 87, 164, 3, 484, 374]
Tree:
None
Fitness on 5000 data:
-5.938954139576034

Fitness:
-5.770218719543011