Generation:
500

Phenotype:
skill1 = uniform([11, 14.1], 1); 
skill2 = uniform([12, 14.7], 1); 
if bern(0.4) + uniform([24, 25.5], 3) >= 3 { 
  p1wins = bern(0.5);
 } else { 
  p1wins = 21 + 28 * 4; 
 } end if;

Genotype:
[246, 411, 162, 434, 259, 95, 231, 468, 112, 177, 213, 6, 105, 419, 386, 447, 388, 165, 365, 56, 283, 12, 220, 460, 134, 303, 479, 56, 283, 314, 82, 344, 381, 135, 23, 220, 460, 134, 442, 331, 56, 487, 400, 314, 82, 344, 381, 393, 134, 294, 477, 474, 283, 105, 65, 398, 486, 388, 3, 365, 56, 238, 231, 253, 112, 146, 213, 6, 105, 419, 386, 42, 388, 165, 365, 393, 135, 483, 3, 365, 56, 283, 294, 283, 311, 266, 419, 386, 486, 388, 285, 365, 411, 165, 434, 259, 95, 77, 253, 130, 177, 213, 462, 105, 351, 386, 486, 486, 388, 3, 365, 56, 238, 365, 134, 3, 479, 139, 283, 1, 82, 344, 381, 135, 483, 3, 483, 58, 381, 57, 61, 240, 151, 11, 227, 258, 164, 98, 81, 136, 109, 382, 447, 96, 159, 406, 226, 65, 360, 312, 74, 363, 435, 107, 380, 35, 329, 296, 130, 318, 228, 299, 456, 182, 459, 193, 291, 464, 282, 385, 48, 32, 208, 95, 140, 354, 339, 304, 316, 282, 129, 486, 188, 102, 187, 334, 492, 260, 152, 395, 415, 244, 205, 351, 146, 202, 371, 471, 97, 374, 396, 465, 383, 246, 200, 471, 413, 467, 296, 80, 430, 163, 56, 323, 159, 145, 457, 134, 213, 484, 396, 12, 263, 278, 33, 486, 126, 208, 145, 176, 264, 137, 365, 45, 288, 464, 95, 231, 253, 395, 361, 284, 424, 337, 337, 121, 221, 5, 220, 69, 75, 274, 239, 459, 385, 420, 283, 366, 17, 158, 30, 487, 424, 104, 90, 166, 401, 33, 453, 93, 354, 399, 480, 165, 297, 9, 168, 391, 333, 258, 115, 472, 362, 348, 69, 210, 58, 74, 162, 212, 403, 77, 97, 308, 394, 281, 192, 292, 186, 381, 27, 115, 190, 148, 404, 187, 469, 45]
Tree:
None
Fitness on 5000 data:
-6.471520933037432

Fitness:
-6.105600437087498