Generation:
500

Phenotype:
a = gm([27, 1.4, 2.7]) + b; 
if uniform([2, 6], 2) + 16 * uniform([2, 6], 1) < 1 { 
  b = gm([10.2, 6.4, 0], [0, 2, 1.8]); 
 } else { 
  b = 13  - gm([10, 9, 14.6], [14.6, 4, 2]); 
 } end if;

Genotype:
[441, 322, 3, 34, 44, 266, 58, 7, 218, 66, 5, 343, 195, 399, 333, 229, 343, 389, 450, 20, 405, 496, 491, 229, 188, 389, 450, 20, 405, 496, 491, 444, 28, 1, 192, 489, 493, 31, 37, 444, 28, 137, 192, 489, 32, 31, 22, 234, 186, 262, 467, 1, 94, 268, 158, 389, 450, 416, 186, 499, 51, 110, 444, 194, 40, 409, 262, 113, 40, 409, 262, 113, 218, 66, 378, 343, 195, 399, 416, 62, 186, 413, 250, 313, 389, 450, 22, 234, 186, 51, 250, 467, 1, 94, 268, 158, 132, 361, 444, 194, 40, 409, 262, 450, 416, 220, 477, 247, 31, 450, 416, 186, 186, 51, 250, 87, 1, 94, 268, 158, 132, 361, 158, 132, 361, 444, 194, 40, 489, 75, 493, 317, 233, 463, 7, 30, 31, 7, 30, 31, 313, 1, 94, 268, 158, 394, 40, 188, 165, 100, 295, 306, 400, 46, 28, 151, 449, 318, 267, 239, 204, 248, 35, 186, 40, 186, 186, 51, 250, 87, 1, 94, 268, 100, 327, 9, 400, 46, 28, 151, 3, 34, 171, 263, 399, 428, 58, 79, 31, 267, 239, 204, 248, 414, 491, 444, 316, 318, 450, 439, 386, 394, 43, 464, 68, 146, 424, 7, 57, 204, 248, 244, 253, 352, 289, 446, 129, 194, 40, 409, 161, 453, 412, 8, 168, 165, 269, 297, 159, 420, 427, 173, 221, 471, 8, 168, 165, 269, 440, 232, 382, 68, 195, 7, 30, 31, 283, 207, 220, 137, 447, 420, 276, 247, 249, 219, 172, 122, 86, 348, 329, 184, 461, 159, 420, 427, 173, 354, 157, 76, 248, 477, 341, 18, 12, 239, 271, 361, 143, 333, 3, 466, 400, 312, 467, 166, 251, 64, 389, 411, 11, 358, 151, 404, 468, 19, 311, 24, 460, 169, 57, 147, 377, 105, 80, 329, 364, 394, 22, 173, 339, 483, 402, 132, 429, 141, 115, 411, 337, 244, 86, 382, 239, 342, 299]
Tree:
None
Fitness on 5000 data:
-5.392036001019802

Fitness:
-4.757110226386119