Generation:
500

Phenotype:
u = bern(0.2)  - w; 
 v = bern(0.8) + x; 
 w = bern(0.2) + bern(0.1); 
  if bern(0.8) >= 1 { 
       if u == 1{ 
             x = bern(0.1) + w; 
       } else { 
             x = v; 
       } end if; 
 } else { 
       if bern(0.1) >= 0{ 
             x = 0; 
       } else { 
             x = 1  - bern(0.1); 
       } end if; 
 } end if;

Genotype:
[158, 374, 278, 193, 217, 204, 118, 34, 130, 10, 307, 97, 242, 486, 103, 109, 446, 197, 325, 184, 29, 297, 275, 290, 319, 286, 446, 19, 66, 184, 446, 197, 325, 184, 29, 297, 286, 242, 486, 66, 184, 446, 197, 325, 184, 29, 297, 286, 242, 486, 103, 286, 446, 197, 325, 184, 29, 297, 437, 290, 319, 78, 446, 197, 267, 326, 29, 326, 132, 359, 130, 10, 307, 261, 242, 154, 103, 286, 446, 197, 325, 184, 29, 297, 437, 290, 319, 286, 446, 197, 164, 228, 359, 130, 10, 307, 97, 242, 184, 29, 297, 437, 290, 295, 250, 243, 326, 325, 308, 29, 297, 437, 290, 319, 286, 446, 197, 164, 184, 29, 297, 437, 290, 295, 250, 190, 326, 132, 229, 184, 29, 297, 437, 184, 275, 165, 371, 290, 319, 286, 446, 197, 164, 184, 29, 7, 437, 290, 295, 250, 243, 297, 437, 290, 295, 250, 243, 326, 132, 229, 184, 290, 319, 286, 446, 346, 164, 184, 29, 28, 437, 290, 295, 250, 243, 326, 132, 275, 165, 371, 290, 319, 286, 446, 197, 164, 184, 29, 7, 437, 290, 295, 250, 243, 326, 132, 229, 184, 29, 297, 437, 184, 275, 165, 437, 319, 286, 446, 197, 162, 62, 243, 326, 132, 229, 485, 91, 201, 295, 104, 307, 265, 197, 162, 62, 243, 326, 132, 229, 485, 91, 201, 295, 104, 307, 265, 104, 307, 97, 242, 42, 319, 286, 446, 197, 164, 184, 29, 42, 319, 286, 446, 197, 164, 380, 288, 167, 135, 175, 42, 319, 286, 446, 197, 164, 184, 29, 297, 437, 290, 295, 250, 243, 326, 169, 229, 485, 91, 201, 29, 93, 437, 290, 295, 250, 243, 290, 319, 286, 74, 197, 164, 184, 29, 11, 102, 331, 102, 245, 31, 196, 375, 65, 15, 286, 364, 122, 272, 179, 422, 225, 295, 389, 26, 108, 87, 213, 110, 252, 393, 269, 113, 157, 430, 268, 348, 18, 223, 71, 172, 433, 78, 489, 468, 143, 310, 206, 138, 437, 380, 288, 167, 53, 362, 260, 76, 70, 202, 401, 172, 112, 208, 486, 424, 72, 77, 429, 388, 455, 232, 159, 51, 192, 118, 340, 130, 447, 308, 14, 156, 127, 380, 443, 71, 332, 307, 20, 286, 30, 170, 250, 34, 289, 271, 373, 234, 150, 451, 80, 196, 225, 93, 421, 138, 320, 7, 263, 394, 303, 106, 447, 37, 123, 145, 218, 89, 430, 82, 481, 120, 358, 398, 361, 268, 163, 439, 326, 381, 378, 98, 450, 184, 122, 74, 32, 495, 351, 489, 460, 467, 11, 173, 436, 219, 444, 412, 112, 11, 166, 215, 151, 490, 491, 325, 61, 274, 362, 117, 492, 305, 173, 40, 329, 200, 212, 369, 495, 130, 452, 76, 391, 383, 270, 99, 21, 461, 306, 313, 148]
Tree:
None
Fitness on 5000 data:
-2.0356794481396463

Fitness:
-1.6639275809463248