Generation:
500

Phenotype:
burglary=alarm  - alarm; 
 earthquake=bern(0.2); 
 alarm=burglary; 
 johncalls=burglary  - burglary; 
 earthquake = burglary;

Genotype:
[154, 32, 226, 140, 210, 260, 148, 314, 42, 278, 327, 370, 72, 490, 436, 492, 368, 120, 166, 56, 148, 188, 68, 140, 242, 59, 297, 228, 176, 114, 436, 430, 368, 120, 174, 224, 36, 78, 210, 184, 148, 278, 327, 156, 22, 389, 398, 391, 86, 30, 288, 82, 287, 36, 78, 272, 56, 148, 188, 82, 491, 392, 499, 323, 224, 370, 331, 424, 418, 184, 478, 76, 202, 87, 228, 17, 200, 36, 334, 234, 130, 295, 433, 49, 455, 242, 0, 317, 340, 335, 489, 118, 445, 245, 441, 79, 140, 64, 73, 182, 275, 420, 132, 495, 37, 106, 433, 51, 394, 221, 401, 154, 75, 307, 165, 370, 49]
Tree:
None
Fitness on 5000 data:
-inf

Fitness:
0.0