Generation:
500

Phenotype:
u = uniform([13, 3.7], 1)  - 15  * bern(0.9);
v = 1  * gm([25, 8.6, 5.1]);
w = uniform([1, 11.2], 1);;

Genotype:
[13, 241, 422, 153, 48, 392, 15, 306, 230, 317, 468, 123, 324, 136, 480, 83, 413, 306, 402, 298, 39, 172, 218, 493, 282, 140, 273, 241, 101, 239, 317, 36, 387, 324, 134, 23, 245, 489, 204, 146, 1, 429, 321, 163, 64, 50, 250, 93, 135, 46, 98, 12, 356, 96, 115, 217, 296, 308, 493, 5, 423, 53, 224, 341, 303, 267, 453, 422, 282, 63, 471, 10, 159, 327, 100, 477, 22, 414, 244, 245, 351, 87, 50, 10, 363, 473, 351, 87, 402, 86, 92, 407, 351, 87, 470, 15, 92, 24, 341, 62, 70, 374, 382, 148, 179, 63, 243, 144, 395, 28, 123, 431, 228, 475, 474, 135, 253, 55, 233, 63, 467, 351, 220, 9, 96, 395, 380, 94, 424, 356, 496, 351, 496, 407, 351, 59, 218, 37, 267, 71, 441, 122, 388, 368, 288, 247, 140, 376, 199, 165, 445, 167]
Tree:
None
Fitness on 5000 data:
-6.346709323941786

Fitness:
-6.266760103644625