Generation:
500

Phenotype:
a = 27 * 23 + b;
b = gm([27, 6, 6.1]);
a = gm([29, 1.4, 2]);;

Genotype:
[259, 235, 270, 354, 410, 76, 50, 449, 27, 426, 396, 102, 161, 102, 161, 29, 159, 303, 235, 270, 30, 120, 70, 130, 327, 6, 477, 498, 212, 100, 98, 396, 222, 142, 94, 488, 277, 483, 497, 309, 364, 498, 212, 309, 98, 396, 98, 190, 357, 360, 41, 9, 426, 396, 62, 161, 29, 159, 303, 283, 90, 230, 298, 10, 498, 327, 164, 117, 230, 92, 246, 148, 456, 180, 171, 117, 124, 130, 295, 228, 77, 396, 222, 161, 27, 270, 70, 357, 379, 353, 497, 243, 18, 437, 35, 249, 92, 79, 62, 161, 406, 190, 357, 360, 41, 27, 426, 396, 62, 129, 29, 159, 303, 428, 204, 228, 275, 396, 222, 161, 27, 270, 70, 357, 379, 353, 421, 298, 10, 498, 327, 103, 364, 387, 212, 100, 98, 396, 222, 142, 458, 357, 360, 41, 27, 426, 396, 62, 161, 29, 159, 303, 283, 20, 20, 107, 353, 10, 426, 396, 62, 161, 29, 159, 303, 283, 20, 222, 443, 458, 488, 86, 483, 95, 491, 18, 437, 35, 249, 92, 246, 148, 456, 180, 171, 117, 124, 130, 295, 228, 107, 149, 477, 69, 384, 237, 195, 133, 39, 288, 471, 160, 428, 204, 156, 258, 203, 16, 193, 253, 313, 265, 303, 350, 36, 229, 121, 429, 424, 452, 180, 208]
Tree:
None
Fitness on 5000 data:
-5.384399974183211

Fitness:
-5.178361471772336