Generation:
500

Phenotype:
x = 28 * 1 + 5;
if mu == 10 { 
   sigma = gm([17, 3, 5]); 
 } else { 
   mu = 16 * 6  - gm([9, 25.7, 16.3]);
  mu = uniform([5, 9], 3)  - 24 * 10;
  mu = 25  * gm([25.8, 1, 11])  - gm([13, 5.1, 1.8], [6, 28, 20], [1, 28, 12], [0, 9, 0.2]);
  mu = 26  * sigma;
  mu = 16 + gm([9, 3.9, 3]);
  x = 24  - gm([15, 0.4, 5.2]);
  if 6 * mu + 0 * uniform([23, 4], 4) <= 15 { 
     x = 18  - 7  * gm([28, 3, 3]); 
   } else { 
     sigma = gm([0, 25, 25.8], [19.5, 1.9, 1.1]); 
   } end if; 
 } end if;

Genotype:
[32, 194, 326, 237, 149, 202, 17, 119, 214, 435, 278, 334, 160, 24, 203, 72, 291, 326, 72, 291, 326, 54, 136, 36, 54, 484, 224, 24, 203, 72, 468, 370, 253, 415, 48, 274, 171, 404, 422, 17, 202, 316, 54, 136, 282, 368, 381, 5, 211, 492, 237, 202, 326, 422, 136, 282, 368, 381, 77, 36, 374, 215, 230, 452, 449, 427, 103, 337, 96, 226, 144, 350, 133, 273, 13, 398, 399, 56, 187, 262, 404, 468, 383, 48, 274, 341, 404, 168, 489, 129, 450, 331, 63, 34, 291, 228, 192, 176, 59, 500, 330, 39, 386, 187, 262, 338, 468, 415, 48, 274, 341, 488, 133, 489, 31, 46, 364, 107, 435, 54, 184, 212, 273, 307, 145, 192, 483, 414, 439, 17, 202, 326, 54, 136, 282, 368, 381, 5, 251, 341, 102, 251, 452, 449, 59, 119, 44, 224, 24, 222, 232, 230, 452, 449, 427, 62, 309, 133, 408, 307, 294, 399, 273, 307, 145, 192, 483, 414, 202, 17, 62, 74, 54, 136, 282, 467, 381, 77, 36, 54, 306, 230, 452, 71, 346, 483, 217, 38, 484, 224, 24, 369, 72, 468, 370, 34, 435, 278, 53, 394, 435, 54, 184, 353, 294, 93, 228, 56, 149, 149, 295, 468, 415, 205, 274, 341, 404, 422, 489, 435, 54, 102, 192, 23, 449, 59, 119, 44, 224, 24, 273, 232, 230, 452, 449, 427, 62, 197, 133, 102, 56, 330, 399, 273, 307, 145, 192, 483, 414, 202, 17, 62, 74, 54, 136, 282, 467, 381, 77, 36, 44, 241, 230, 452, 71, 346, 483, 217, 38, 484, 224, 24, 369, 72, 468, 370, 34, 435, 278, 53, 394, 435, 54, 184, 291, 103, 283, 228, 56, 187, 262, 404, 468, 415, 48, 274, 341, 404, 422, 489, 280, 68, 331, 63, 214, 223, 103, 392, 492, 237, 202, 326, 54, 136, 282, 368, 381, 77, 36, 54, 232, 230, 452, 449, 427, 103, 337, 96, 226, 12, 350, 133, 273, 13]
Tree:
None
Fitness on 5000 data:
-6.755231346673192

Fitness:
-6.67749217980542