Generation:
500

Phenotype:
v = uniform([7, 8.2], 2)  - bern(0.7);
w = 1  * uniform([6, 7], 4) + 30  * uniform([5, 8], 1);
u = bern(0.4);
w = uniform([2, 8], 1) + bern(0.5);;

Genotype:
[6, 17, 72, 311, 79, 356, 228, 418, 193, 185, 70, 181, 373, 54, 255, 375, 443, 138, 193, 185, 70, 136, 373, 30, 378, 222, 24, 335, 208, 30, 378, 222, 444, 367, 24, 335, 208, 30, 378, 222, 444, 303, 471, 6, 448, 195, 107, 463, 477, 378, 250, 290, 187, 476, 444, 91, 436, 228, 418, 193, 309, 77, 137, 83, 228, 329, 181, 17, 72, 311, 40, 356, 111, 443, 138, 273, 47, 24, 163, 376, 371, 370, 443, 47, 273, 47, 24, 244, 168, 266, 10, 273, 308, 252, 142, 487, 14, 409, 20, 181, 68, 239, 188, 206, 116]
Tree:
None
Fitness on 5000 data:
-5.119885434183815

Fitness:
-4.914031685129825