Generation:
500

Phenotype:
mu = 1  * gm([23.9, 19.8, 6])  - 2; 
sigma = gm([0.6, 7, 4.8], [15, 2, 1.1]);
x = 19;
x = mu + gm([19, 1.8, 1.8]);

Genotype:
[370, 446, 19, 1, 79, 434, 497, 23, 161, 183, 329, 376, 162, 254, 62, 422, 2, 291, 219, 187, 137, 493, 0, 77, 304, 7, 75, 97, 232, 220, 390, 15, 34, 219, 31, 497, 468, 177, 215, 352, 174, 34, 219, 312, 348, 183, 157, 478, 162, 19, 433, 497, 34, 333, 1, 79, 304, 361, 75, 97, 120, 220, 370, 420, 62, 422, 2, 12, 219, 109, 18, 355, 0, 77, 341, 361, 75, 77, 128, 361, 75, 357, 64, 124, 390, 15, 372, 219, 354, 497, 34, 219, 329, 356, 162, 69, 62, 422, 2, 291, 219, 109, 253, 183, 205, 356, 162, 19, 1, 60, 346, 106, 370, 69, 62, 422, 2, 12, 219, 109, 18, 355, 0, 77, 341, 361, 75, 77, 128, 361, 75, 357, 64, 124, 390, 15, 372, 219, 354, 497, 34, 219, 273, 443, 180, 378, 280, 19, 361, 10, 253, 1, 415, 207, 54, 200, 274, 129, 181, 217, 99, 62, 422, 2, 100, 124, 354, 497, 34, 219, 109, 443, 355, 122, 344, 405, 2, 425, 365, 215, 135, 9, 48, 205, 331, 491, 22, 309, 151, 441, 405, 174, 111, 291, 141, 454, 111, 99, 209, 215, 98, 111, 44, 321, 263, 94, 21, 168, 110, 190]
Tree:
None
Fitness on 5000 data:
-6.5315425283256285

Fitness:
-6.413080731672997