Generation:
500

Phenotype:
u = bern(0.3); 
v = uniform([10, 4], 2)  - 21 * 26; 
w = uniform([4, 5], 1);
v = gm([2, 10.8, 3])  - u;;

Genotype:
[164, 135, 402, 291, 263, 185, 396, 366, 103, 476, 165, 181, 89, 115, 393, 398, 318, 369, 22, 283, 282, 319, 40, 177, 88, 479, 322, 440, 351, 201, 28, 226, 498, 109, 72, 277, 86, 468, 117, 8, 234, 152, 337, 272, 159, 441, 249, 291, 197, 441, 366, 352, 30, 117, 370, 386, 257, 393, 57, 33, 366, 22, 415, 134, 223, 441, 370, 386, 257, 393, 57, 318, 366, 22, 283, 134, 401, 360, 392, 70, 261, 486, 138, 248, 406, 25, 397, 79, 324, 173, 378, 187, 63, 77, 330, 280, 77, 496, 145, 231, 135, 114, 339, 100]
Tree:
None
Fitness on 5000 data:
-5.87405862388478

Fitness:
-4.810025241981268