Generation:
500

Phenotype:
mu = 14  * uniform([4, 2], 3)  - 7  * uniform([4, 8], 3);
mu = 28;
sigma = uniform([0, 4.2], 1);
mu = 11  * gm([29.9, 14, 19.4]);
mu = 8  * gm([4, 2, 1]);
x = uniform([12, 18.3], 1);

Genotype:
[416, 472, 294, 378, 60, 278, 310, 76, 221, 345, 300, 19, 246, 91, 410, 44, 66, 318, 466, 294, 392, 352, 270, 219, 230, 218, 183, 236, 470, 195, 250, 63, 60, 278, 310, 219, 221, 46, 300, 332, 246, 91, 315, 360, 61, 445, 466, 294, 169, 60, 278, 310, 76, 221, 360, 300, 263, 246, 91, 315, 405, 61, 318, 466, 294, 392, 376, 270, 219, 230, 218, 183, 236, 182, 293, 39, 489, 464, 384, 275, 142, 362, 392, 369, 270, 219, 230, 218, 264, 310, 219, 166, 46, 275, 332, 382, 75, 315, 321, 61, 445, 466, 8, 392, 479, 188, 219, 230, 218, 264, 219, 230, 218, 264, 236, 339, 278, 39, 68, 75, 315, 321, 310, 219, 166, 46, 483, 332, 68, 246, 315, 321, 61, 170, 466, 8, 392, 369, 188, 219, 230, 218, 264, 236, 339, 278, 39, 219, 166, 46, 275, 394, 369, 188, 219, 230, 61, 170, 244, 114, 392, 369, 188, 219, 230, 218, 483, 429, 219, 166, 46, 275, 332, 68, 75, 315, 321, 61, 170, 250, 219, 475, 46, 285, 332, 68, 75, 315, 321, 61, 170, 466, 8, 392, 369, 188, 219, 230, 218, 264, 102, 342, 215, 491, 483, 429, 386, 100, 479, 332, 187, 72, 291, 265, 381, 117, 405, 208, 60, 77, 46, 389, 125, 98, 310, 209, 105, 343, 483, 142, 9, 100, 392, 369, 188, 219, 230, 218, 264, 236, 339, 126, 367, 444, 266, 43, 109, 434, 112, 87, 389]
Tree:
None
Fitness on 5000 data:
-7.545547469084351

Fitness:
-7.421511705262237