Generation:
500

Phenotype:
a = gm([0.4, 18, 11.6], [25.4, 16, 29.8]) + uniform([14, 3], 2); 
b = gm([20, 6, 4.2]); 
a = uniform([5, 8], 1)  - uniform([5, 4], 4);;

Genotype:
[481, 79, 54, 481, 397, 375, 62, 480, 420, 111, 113, 383, 113, 202, 57, 118, 147, 484, 357, 59, 432, 97, 381, 440, 200, 180, 200, 349, 291, 480, 154, 234, 78, 82, 294, 254, 63, 407, 154, 234, 432, 82, 294, 254, 63, 407, 315, 168, 403, 392, 321, 203, 160, 282, 48, 315, 168, 160, 282, 48, 98, 193, 448, 378, 387, 43, 491, 295, 191, 331, 305, 305, 166, 131, 198, 362, 26, 305, 494, 420]
Tree:
None
Fitness on 5000 data:
-5.8180052797706026

Fitness:
-5.079191913128532