Generation:
500

Phenotype:
a = gm([5, 2.9, 2.4])  - 2; 
if gm([5.3, 9, 7]) + b + 10 * a < 8 { 
  b = uniform([13, 20.2], 3)  - 6 * 4; 
 } else { 
  b = uniform([7, 2], 1); 
 } end if;

Genotype:
[8, 314, 186, 376, 376, 156, 346, 343, 436, 170, 345, 436, 120, 86, 40, 498, 137, 441, 412, 70, 242, 345, 284, 110, 176, 40, 312, 410, 441, 148, 378, 27, 128, 89, 196, 90, 174, 356, 318, 305, 300, 170, 75, 475, 299, 379, 70, 170, 405, 471, 376, 156, 375, 296, 317, 346, 343, 436, 170, 345, 436, 120, 86, 40, 498, 314, 186, 376, 376, 156, 346, 450, 436, 333, 312, 1, 345, 375, 441, 412, 70, 242, 345, 375, 110, 176, 40, 312, 137, 441, 412, 378, 27, 128, 89, 9, 376, 156, 375, 110, 285, 423, 345, 333, 312, 1, 345, 333, 312, 1, 345, 375, 110, 86, 40, 312, 373, 299, 2, 70, 170, 345, 375, 110, 86, 344, 312, 373, 299, 2, 70, 90, 110, 356, 318, 305, 300, 170, 418, 41, 215, 379, 70, 170, 405, 471, 376, 156, 226, 343, 436, 345, 285, 423, 350, 148, 411, 437, 139, 146, 467, 138, 241, 341, 345, 285, 423, 345, 375, 242, 345, 394, 110, 86, 40, 280, 137, 441, 412, 69, 27, 128, 453, 52, 139, 146, 467, 138, 241, 341, 345, 285, 423, 345, 375, 110, 86, 40, 312, 137, 441, 279, 378, 27, 128, 453, 52, 90, 110, 300, 465, 418, 99, 299, 379, 70, 170, 405, 471, 376, 156, 226, 343, 436, 1, 259, 14, 261, 45, 260, 281, 68, 146, 467, 377, 241, 341, 345, 285, 423, 350, 148, 260, 356, 18, 242, 456, 94, 345, 375, 110, 86, 40, 312, 137, 441, 279, 378, 27, 128, 453, 52, 90, 110, 300, 465, 418, 99, 356, 379, 110, 86, 40, 312, 137, 437, 139, 45, 411, 437, 139, 146, 467, 138, 241, 341, 345, 285, 423, 350, 148, 260, 281, 68, 305, 356, 18, 242, 456, 286, 345, 375, 110, 86, 40, 312, 137, 441, 279, 378, 27, 128, 453, 52, 467, 138, 241, 183, 76, 286, 345, 375, 110, 86, 40, 312, 137, 422, 299, 498, 236, 337, 362, 235, 235, 264, 347, 342, 135, 413, 91, 361, 71, 420, 424, 379, 242, 187, 296, 341, 393, 42, 416, 303, 4, 275, 327, 470, 174, 277, 196, 424, 33, 377, 482, 386, 47, 140, 45, 474, 119, 263, 133, 50, 337, 121, 39, 308, 54, 149, 464, 339, 189, 1, 357]
Tree:
None
Fitness on 5000 data:
-4.669354351552175

Fitness:
-3.9504250540003216