Generation:
500

Phenotype:
a = gm([8, 1, 1.8]);
b = 1 * 3 + 18;
b = gm([10, 3, 10.6], [2.8, 5, 14.4], [12, 8, 1.2]) + 0;;

Genotype:
[298, 325, 186, 194, 148, 51, 42, 262, 260, 264, 101, 418, 404, 343, 32, 34, 258, 366, 103, 364, 404, 343, 32, 34, 248, 366, 452, 354, 34, 191, 375, 448, 354, 37, 371, 294, 413, 184, 34, 451, 258, 248, 333, 439, 2, 61, 34, 191, 127, 448, 354, 76, 416, 260, 264, 318, 269, 404, 343, 110, 380, 248, 333, 103, 364, 260, 264, 34, 84, 199, 120, 354, 333, 242, 348, 46, 415, 265, 472, 404, 404, 36, 342, 192, 63, 333, 354, 34, 472, 199, 120, 354, 356, 416, 404, 36, 342, 192, 34, 63, 376, 471, 364, 409, 330, 192, 46, 333, 123, 364, 260, 264, 255, 352, 322, 193, 432, 348, 182, 365, 313, 369, 329, 322, 193, 432, 348, 182, 365, 170, 84, 368, 126, 430, 65, 151, 269, 469, 36, 342, 192, 289, 60, 420, 116, 308, 222, 61, 149, 204, 351, 192, 164, 5, 318, 395, 404, 103, 364, 260, 237, 330, 305, 76, 416, 260, 430, 65, 151, 351, 229, 145, 140, 1, 170, 395, 180, 342, 192, 34, 63, 333, 471, 364, 260, 330, 192, 46, 333, 123, 364, 260, 264, 98, 352, 322, 193, 432, 348, 182, 365, 63, 333, 354, 333, 123, 364, 260, 264, 255, 352, 322, 193, 432, 348, 268, 365, 313, 369, 199, 120, 354, 356, 416, 404, 36, 342, 192, 34, 63, 376, 471, 364, 409, 330, 192, 46, 333, 123, 364, 260, 264, 255, 352, 322, 193, 432, 348, 182, 365, 313, 369, 329, 322, 193, 432, 348, 182, 365, 116, 84, 368, 126, 430, 65, 151, 269, 469, 36, 342, 192, 289, 60, 420, 116, 308, 222, 61, 149, 204, 351, 192, 164, 5, 318, 395, 404, 36, 430, 65, 151, 351, 229, 145, 140, 1, 170, 395, 180, 342, 192, 34, 63, 333, 471, 364, 260, 330, 192, 46, 333, 123, 364, 260, 264, 98, 352, 322, 193, 432, 348, 182, 365, 313, 369, 329, 322, 193, 432, 348, 182, 365, 170, 84, 368, 126, 430, 65, 151, 269, 469, 36, 342, 192, 289, 60, 420, 116, 308, 222, 61, 149, 204, 351, 192, 164, 5, 318, 269, 404, 36, 430, 65, 151, 351, 229, 145, 140, 1, 170, 395, 180, 126, 430, 0, 151, 327, 327, 467, 467, 473, 297, 134, 88, 191, 443, 321, 437, 244, 390]
Tree:
None
Fitness on 5000 data:
-4.767878101520524

Fitness:
-4.70488568714865