Generation:
500

Phenotype:
contentDifficulty = uniform([8, 1], 4) + 26  * uniform([28, 24.9], 2);
if questionsAfterLectureLength == 28 { 
   contentDifficulty = bern(0.2); 
 } else { 
   contentDifficulty = gm([29, 6.2, 3], [25.5, 6.3, 8]) + 24; 
 } end if;
questionsAfterLectureLength = gm([7, 30, 29], [22, 1, 4], [13, 6, 1.9]) + 7;;

Genotype:
[95, 484, 226, 384, 112, 265, 153, 6, 8, 268, 144, 423, 454, 243, 62, 245, 77, 179, 80, 109, 347, 56, 301, 462, 183, 423, 454, 243, 376, 312, 132, 427, 379, 48, 16, 378, 88, 367, 189, 81, 5, 40, 339, 75, 68, 100, 44, 437, 128, 11, 118, 265, 153, 6, 47, 260, 318, 56, 214, 86, 144, 402, 242, 461, 442, 30, 93, 125, 484, 255, 160, 154, 88, 60, 471, 374, 239, 184, 125, 352, 159, 260, 398, 75, 50, 223, 59, 32, 305, 497, 190, 100, 301, 259, 416, 68, 100, 129, 293, 128, 156, 118, 265, 352, 6]
Tree:
None
Fitness on 5000 data:
-6.412040151532236

Fitness:
-6.179208113085267