Generation:
500

Phenotype:
mu = gm([7, 21, 3]); 
sigma = uniform([21, 14.7], 1)  - gm([0.1, 26, 0.5]); 
x = 21 + gm([6, 15, 0.9]);
x = gm([7, 21, 3]);;

Genotype:
[454, 132, 318, 262, 116, 40, 286, 52, 455, 204, 251, 281, 189, 209, 300, 1, 169, 60, 216, 423, 148, 68, 275, 155, 450, 42, 336, 355, 217, 490, 376, 119, 256, 176, 498, 256, 176, 498, 347, 148, 46, 447, 124, 53, 135, 434, 334, 65, 132, 318, 262, 116, 40, 286, 52, 455, 204, 251, 281, 189, 209, 300, 1, 169, 442, 450, 420, 128, 192, 164, 465, 16, 339, 364, 120, 386, 32, 43, 453, 124, 95, 277, 194, 339, 54, 207, 441, 2, 15, 243, 450, 420, 128, 192, 8, 227, 138, 92, 442, 168, 149, 1, 167, 366, 108, 404, 54, 66, 178, 49, 282, 458, 280, 217, 224, 444, 145, 146, 45, 292, 157, 200, 164, 465, 16, 339, 364, 120, 386, 32, 43, 453, 124, 95, 277, 194, 339, 54, 15, 243, 450, 420, 128, 192, 8, 99, 138, 92, 442, 168, 149, 1, 325, 366, 108, 404, 54, 66, 349, 250, 131, 129, 178, 136, 93, 458, 280, 217, 224, 318, 88, 206, 348, 89, 50, 401, 406, 155, 228, 291, 344, 12, 69, 301, 450, 231, 162, 394, 137, 70, 133]
Tree:
None
Fitness on 5000 data:
-8.193665942780349

Fitness:
-7.459928961269487