Generation:
500

Phenotype:
mu = mu + uniform([17, 7], 1); 
sigma = 19  * x  - 19  * mu; 
x = uniform([17, 9], 1);
sigma = gm([6.3, 3, 1.4]);;

Genotype:
[104, 424, 33, 282, 141, 171, 212, 482, 198, 150, 284, 47, 268, 298, 198, 47, 268, 298, 33, 282, 141, 171, 212, 482, 198, 287, 284, 321, 252, 185, 49, 198, 276, 34, 198, 287, 316, 182, 492, 127, 91, 32, 183, 491, 373, 135, 142, 414, 149, 48, 193, 124, 107, 302, 279, 170, 461, 120, 301, 341, 482, 83, 66, 149, 205, 163, 296, 198, 76, 268, 114, 33, 96, 490, 275, 223, 412, 400, 211, 232, 340, 49, 300, 32, 107, 302, 279, 170, 11, 321, 163, 334, 273, 279, 485, 444, 3, 11, 93, 368, 320, 99, 490, 494, 453, 127, 387, 8, 12, 282, 463, 53, 233, 98, 272, 303, 124, 473, 105, 480, 468, 378, 84, 352, 324, 385, 495, 16, 444, 104, 155, 363, 22, 0, 324, 51, 42, 81, 408, 249, 450, 464, 178, 487, 123, 484, 288, 454, 66, 461, 478, 105, 480, 468, 378, 447, 352, 180, 333, 450, 420, 345, 18, 224, 130, 14, 338, 327, 73, 477, 92, 463, 141, 171, 434, 26, 198, 287, 268, 114, 232, 340, 49, 300, 32, 358, 217, 382, 3, 16, 493, 224, 262, 234, 302, 363, 92, 301, 16, 334, 259, 95, 392, 214, 269, 149, 111, 262, 234, 302, 363, 92, 301, 16, 334, 259, 95, 392, 214, 269, 149, 111, 79, 107, 78, 311, 373, 135, 142, 414, 149, 48, 193, 124, 107, 302, 279, 170, 461, 120, 301, 341, 482, 83, 66, 149, 205, 163, 296, 198, 76, 268, 114, 33, 163, 490, 275, 223, 412, 400, 211, 232, 340, 49, 300, 32, 107, 302, 279, 170, 11, 321, 163, 334, 273, 279, 485, 444, 3, 11, 93, 368, 320, 99, 490, 494, 453, 127, 387, 8, 12, 282, 463, 53, 233, 98, 272, 303, 124, 473, 105, 480, 468, 378, 84, 352, 324, 385, 495, 16, 444, 104, 155, 363, 22, 0, 324, 51, 42, 81, 408, 249, 450, 464, 178, 487, 123, 484, 288, 454, 66, 461, 478, 105, 480, 468, 378, 447, 352, 180, 333, 450, 420, 345, 18, 224, 130, 14, 338, 327, 73, 477, 92, 463, 141, 171, 434, 26, 198, 287, 268, 114, 232, 340, 49, 300, 32, 358, 217, 382, 3, 16, 493, 224, 262, 234, 302, 363, 92, 301, 16, 334, 259, 95, 392, 214, 269, 149, 111, 262, 234, 302, 363, 92, 301, 16, 334, 259, 95, 392, 214, 269, 149, 111, 79, 107, 78, 311, 396, 115, 333, 113, 313, 80, 300, 399, 203, 93, 479, 172, 499, 238, 384, 273, 80, 363, 249, 376, 191, 131, 454, 352, 390, 455, 152, 462, 439, 247, 88]
Tree:
None
Fitness on 5000 data:
-7.298087702254082

Fitness:
-6.596526374437042