Generation:
500

Phenotype:
v = gm([30.6, 9.9, 2.3]) + bern(0.6);
u = 5  - uniform([12, 7], 2);
u = bern(0.4);
if u==1 { 
  if v > 12 { 
    w = gm([1,12.,2.]);
   } else { 
    w = gm([1,6.,2.]); 
   } end if;
 } else { 
  w = gm([1,6.,2.]); 
 } end if;

Genotype:
[20, 332, 384, 465, 151, 115, 105, 241, 88, 207, 185, 212, 143, 474, 143, 257, 467, 227, 384, 67, 68, 341, 448, 384, 303, 467, 497, 8, 5, 84, 330, 384, 94, 465, 97, 162, 348, 15, 474, 159, 39, 339, 93, 95, 256, 392, 143, 474, 143, 257, 218, 288, 293, 359, 3, 480, 444, 124, 15, 448, 384, 94, 467, 0, 339, 5, 330, 330, 222, 20, 136, 146, 15, 360, 434, 259, 260, 100, 368, 456, 339, 5, 84, 384, 465, 151, 115, 205, 444, 86, 8, 331, 170, 285]
Tree:
None
Fitness on 5000 data:
-4.9460270285599846

Fitness:
-4.680754297164153