Generation:
500

Phenotype:
sigma = 24  * mu + uniform([1, 2.7], 1);
x = gm([17.9, 18, 8], [0.2, 22.3, 14.8])  - 8  * x;
mu = gm([13.1, 12.8, 1.3], [1, 2.7, 11.2], [15, 14, 5.9]) + uniform([5, 4], 1);

Genotype:
[63, 43, 204, 388, 127, 256, 118, 365, 426, 408, 123, 248, 156, 199, 126, 249, 476, 342, 91, 488, 254, 354, 268, 29, 177, 420, 413, 144, 173, 450, 194, 106, 241, 0, 91, 401, 239, 29, 411, 200, 412, 37, 411, 264, 425, 393, 402, 94, 249, 289, 342, 91, 401, 43, 354, 441, 87, 446, 286, 247, 311, 11, 123, 284, 156, 199, 126, 249, 289, 414, 136, 302, 362, 232, 62, 138, 463, 346, 467, 456, 20, 346, 28, 327, 264, 114, 222, 246, 372, 393, 268, 83, 393, 286, 466, 370, 289, 238, 136, 302, 362, 232, 402, 138, 463, 346, 467, 456, 20, 346, 452, 327, 454, 114, 222, 246, 372, 393, 302, 163, 384, 34, 222, 252, 429, 381, 176, 307, 52, 13, 372, 285, 429, 337, 363, 411, 496, 412, 37, 411]
Tree:
None
Fitness on 5000 data:
-7.390097545801905

Fitness:
-7.1005200719814265