Generation:
500

Phenotype:
a = uniform([8, 7], 3) + 6  * a;
b = 16;
a = 1 * 3  - gm([29, 0, 1], [19, 5.2, 1.6], [23.1, 1.5, 4.2], [2, 17, 30]);
b = b  - gm([0, 25, 25], [27.1, 8.6, 1.2], [6.8, 17, 5.7]);;

Genotype:
[118, 293, 144, 170, 166, 166, 240, 299, 163, 296, 123, 482, 265, 254, 465, 222, 163, 296, 314, 405, 453, 209, 272, 16, 254, 465, 222, 32, 296, 73, 94, 406, 135, 241, 163, 272, 60, 254, 465, 222, 32, 181, 300, 236, 197, 284, 244, 301, 156, 392, 67, 179, 426, 288, 311, 63, 4, 233, 438, 244, 364, 422, 281, 110, 482, 284, 402, 192, 194, 296, 283, 179, 465, 288, 441, 63, 4, 233, 22, 279, 230, 490, 334, 180, 437, 333, 461, 495, 495, 349, 293, 311, 94, 406, 198, 241, 68, 439, 340, 451, 349, 284, 357, 451, 197, 296, 73, 405, 453, 209, 272, 16, 254, 465, 362, 82, 296, 73, 94, 406, 198, 241, 207, 296, 73, 94, 142, 198, 241, 23, 439, 340, 10, 179, 426, 209, 272, 16, 130, 465, 222, 82, 209, 272, 16, 254, 67, 23, 439, 340, 451, 197, 284, 244, 333, 194, 377, 283, 179, 426, 288, 311, 63, 4, 233, 438, 244, 364, 8, 372, 4, 371, 284, 244, 333, 194, 296, 283, 179, 465, 288, 311, 363, 4, 233, 439, 340, 451, 197, 284, 244, 333, 194, 377, 283, 179, 426, 288, 311, 63, 4, 233, 438, 244, 364, 422, 416, 392, 371, 284, 244, 333, 194, 296, 283, 179, 465, 288, 441, 63, 4, 233, 22, 164, 230, 470, 334, 180, 437, 333, 203, 179, 465, 288, 311, 63, 4, 233, 22, 164, 233, 22, 164, 88, 470, 334, 180, 437, 333, 203, 234, 233, 22, 164, 230, 470, 334, 180, 437, 333, 203, 234, 495, 349, 293, 311, 94, 406, 198, 241]
Tree:
None
Fitness on 5000 data:
-5.126564490377148

Fitness:
-4.647110457163049