Generation:
500

Phenotype:
x = uniform([15, 11.9], 1);
sigma = uniform([3, 10.7], 1)  - uniform([3, 7.7], 1);
mu = uniform([15, 11.2], 1);

Genotype:
[48, 422, 352, 371, 422, 204, 465, 50, 46, 477, 42, 476, 392, 8, 226, 407, 421, 416, 279, 155, 499, 197, 289, 411, 364, 216, 422, 499, 179, 472, 393, 56, 201, 422, 325, 165, 465, 465, 50, 46, 477, 42, 271, 248, 8, 226, 341, 421, 416, 279, 155, 499, 197, 289, 411, 364, 216, 422, 477, 407, 105, 336, 8, 226, 87, 112, 75, 279, 155, 499, 359, 419, 252, 364, 216, 422, 325, 129, 336, 8, 226, 339, 112, 75, 279, 155, 383, 247, 188, 116, 204, 203, 128, 317, 128, 294, 45]
Tree:
None
Fitness on 5000 data:
-7.764195337661637

Fitness:
-7.524391488252404