Generation:
500

Phenotype:
burglary=johncalls + 0; 
 earthquake=0; 
 alarm=burglary + 0; 
 johncalls=burglary  - alarm; 
 if earthquake == 0 { 
   earthquake = alarm + burglary; 
 } else { 
   earthquake = 0 + alarm; 
 } end if;

Genotype:
[477, 94, 336, 282, 95, 377, 282, 273, 377, 180, 466, 492, 36, 288, 413, 80, 56, 318, 56, 180, 264, 124, 170, 492, 89, 198, 369, 170, 492, 16, 198, 393, 309, 61, 166, 358, 122, 124, 170, 492, 16, 198, 318, 493, 112, 19, 180, 264, 124, 170, 492, 16, 198, 393, 309, 61, 166, 358, 122, 324, 280, 115, 393, 180, 471, 459, 400, 1, 1, 466, 492, 36, 288, 413, 80, 16, 326, 312, 225, 222, 133, 77, 264, 0, 369, 257, 372, 176, 3, 222, 133, 77, 264, 429, 357, 252, 110, 499, 431, 301, 295, 488, 302, 157, 479, 95, 0, 496, 419, 338, 94, 186, 245, 160, 331, 193, 14, 254, 268, 28, 323, 82, 359, 251, 132, 222]
Tree:
None
Fitness on 5000 data:
-inf

Fitness:
0.0