Generation:
500

Phenotype:
u = 17; 
v = gm([23, 1, 20.8], [24.3, 15, 25.2], [15, 10.5, 0.6], [8, 20.8, 21.8], [15, 25.2, 8.4], [25.3, 20.3, 0.9]) + 15; 
w = gm([2, 8, 3], [7, 4.5, 1.4]) + 0 * 10;
v = 7  * uniform([1, 0.8], 1);
u = bern(0.3);;

Genotype:
[330, 399, 317, 94, 389, 427, 366, 289, 379, 168, 364, 308, 125, 211, 20, 16, 9, 145, 241, 317, 94, 449, 427, 366, 289, 201, 94, 449, 427, 351, 211, 441, 93, 266, 407, 168, 349, 53, 20, 16, 9, 145, 241, 317, 94, 449, 427, 366, 289, 201, 318, 489, 308, 469, 211, 20, 211, 20, 164, 9, 186, 197, 317, 94, 449, 427, 366, 289, 379, 168, 2, 314, 256, 318, 96, 44, 436, 441, 93, 407, 364, 205, 156, 120, 164, 9, 186, 475, 212, 94, 449, 427, 366, 289, 379, 334, 435, 239, 248, 430, 376, 96, 44, 392, 441, 93, 399, 407, 317, 94, 449, 427, 366, 289, 379, 334, 435, 239, 248, 430, 376, 96, 44, 468, 441, 93, 399, 407, 374, 205, 156, 120, 392, 164, 34, 381, 281, 388, 110, 18, 16, 10, 458, 51, 201, 224, 320, 268, 254, 477, 252, 232, 21, 351, 375, 231, 334, 435, 239, 395, 38, 450, 487, 357, 220, 281, 400]
Tree:
None
Fitness on 5000 data:
-4.96842257695772

Fitness:
-4.694721700428115