Generation:
500

Phenotype:
p1wins = 9;
skill1 = 23 * 27 + 7 * 26;
p1wins = uniform([2, 4.4], 2) + 19;
skill1 = 27  - 1  * gm([1, 19, 10], [28.7, 6.4, 6]);
skill2 = gm([6, 0.1, 3.4]);;

Genotype:
[344, 454, 26, 126, 368, 366, 485, 290, 195, 26, 298, 444, 118, 350, 387, 395, 213, 227, 51, 162, 336, 379, 84, 430, 479, 55, 369, 190, 219, 77, 128, 408, 181, 233, 108, 205, 116, 102, 204, 434, 413, 422, 399, 262, 156, 225, 485, 290, 342, 26, 298, 444, 10, 350, 35, 245, 213, 227, 316, 462, 56, 99, 84, 434, 476, 55, 330, 336, 197, 254, 92, 254, 101, 372, 405, 445, 251, 255, 51, 350, 264, 73, 156, 225, 485, 290, 162, 26, 298, 444, 10, 387, 245, 213, 227, 51, 162, 336, 379, 84, 430, 479, 55, 126, 190, 219, 77, 128, 408, 181, 366, 336, 197, 254, 92, 254, 336, 379, 48, 181, 263, 200, 247, 16, 43, 71, 106, 264, 317, 296, 359, 350, 264, 73, 385, 157, 387, 153, 128, 498, 257, 49, 400, 431, 157, 110, 422, 381, 431, 255, 333, 434, 153, 100, 355, 338, 100, 48, 181, 263, 200, 406, 16, 43, 71, 106, 264, 317, 296, 359, 135, 350, 119, 334, 318, 417, 60, 89, 336, 234, 196, 131, 106, 388, 254, 361, 218, 394, 428, 444, 348, 164, 361, 240, 387, 336, 254, 181, 257, 106, 325, 444, 298, 97, 364, 264, 55, 245, 222, 498, 48, 128, 416, 62, 192, 15, 478, 223, 204, 172, 194, 99, 372, 468, 92, 222, 264, 384, 208, 22, 308, 127, 390, 14, 275, 96, 25, 46, 49, 38, 236, 66, 366, 184, 258, 385, 157, 387, 153]
Tree:
None
Fitness on 5000 data:
-6.739715143757598

Fitness:
-6.452902155719044