Generation:
500

Phenotype:
eyecolor = gm([0.5, 0, 0], [0.1, 1, 0]) + gm([0.9, 0, 0], [0.1, 1, 0], [0.2, 2, 0]); 
 haircolor = gm([0.9, 0, 0], [0.2, 1, 0], [0.1, 2, 0], [0.2, 3, 0]) + gm([0.7, 0, 0], [0.1, 1, 0]); 
 hairlength = 0 + haircolor; 
 hairlength = gm([0.7, 0, 0], [0.2, 1, 0], [0.1, 2, 0]);

Genotype:
[278, 117, 224, 335, 72, 445, 279, 64, 315, 223, 305, 45, 118, 191, 184, 206, 233, 53, 226, 396, 1, 268, 450, 405, 483, 279, 335, 315, 200, 458, 228, 337, 360, 496, 201, 404, 386, 18, 379, 490, 393, 64, 315, 223, 53, 226, 402, 191, 70, 206, 233, 53, 405, 104, 99, 335, 315, 200, 458, 297, 337, 222, 379, 490, 279, 64, 315, 223, 53, 226, 402, 335, 72, 490, 279, 64]
Tree:
None
Fitness on 5000 data:
-2.7958006508868998

Fitness:
-2.4589258328286117