Generation:
500

Phenotype:
skill1 = 18  * p1wins + gm([10, 21.3, 5]); 
skill2 = gm([26, 12.4, 2.8]) + uniform([3, 7], 2); 
p1wins = uniform([26, 17.3], 2) + 26  * gm([30, 7, 21.4]);
p1wins = bern(0.5);;

Genotype:
[355, 325, 85, 235, 380, 71, 183, 405, 418, 212, 227, 313, 176, 425, 212, 36, 49, 327, 381, 182, 418, 212, 413, 415, 291, 273, 498, 52, 78, 62, 158, 362, 267, 69, 262, 165, 6, 367, 49, 327, 200, 469, 418, 212, 413, 498, 182, 247, 212, 162, 1, 21, 48, 435, 432, 415, 53, 273, 327, 235, 175, 190, 183, 17, 122, 212, 227, 313, 176, 116, 348, 468, 444, 49, 198, 429, 191, 418, 165, 6, 492, 134, 415, 331, 273, 498, 61, 168, 62, 158, 194, 310, 21, 291, 452, 194, 1, 21, 78, 62, 158, 330, 492, 127, 415, 259, 104, 117, 340, 451, 168, 22, 60, 180, 238, 254, 355, 38, 415, 443, 263, 78, 62, 158, 330, 492, 127, 415, 259, 104, 117, 340, 451, 168, 22, 60, 180, 238, 254, 355, 38, 415, 443, 273, 498, 263, 334, 62, 158, 330, 77, 127, 415, 259, 104, 117, 340, 451, 168, 22, 60, 180, 238, 254, 355, 183, 370, 468, 190, 287, 476, 287]
Tree:
None
Fitness on 5000 data:
-6.622312860185762

Fitness:
-6.118816542819673