Generation:
500

Phenotype:
skill1 = uniform([11, 17.1], 2);
skill2 = skill1 + 30;
skill2 = uniform([13, 12.1], 1)  - 0 * 14;
if skill1-skill2 > 0 { 
  p1wins = 1.0;
 } else { 
   p1wins = 0.0; 
 } end if;

Genotype:
[222, 475, 74, 164, 48, 54, 261, 150, 166, 227, 48, 54, 261, 18, 445, 391, 7, 129, 244, 27, 254, 240, 30, 258, 474, 240, 157, 74, 216, 150, 478, 341, 353, 495, 292, 272, 141, 31, 200, 316, 316, 335, 11, 361, 249, 361, 249, 371, 280, 289, 187, 174, 220, 8, 294, 347, 318, 107, 74, 27, 494, 240, 242, 305, 135, 102, 55, 350, 333, 102, 55, 350, 333, 194, 166, 149, 441, 298, 445, 144]
Tree:
None
Fitness on 5000 data:
-6.08182002993137

Fitness:
-5.6905800589989575