Generation:
500

Phenotype:
eyecolor = gm([0.8, 0, 0], [0.1, 1, 0], [0.1, 2, 0], [0.1, 3, 0]); 
 haircolor = gm([0.7, 0, 0], [0.2, 1, 0]) + gm([0.8, 0, 0], [0.1, 1, 0], [0.1, 2, 0], [0.3, 3, 0]); 
 hairlength = gm([0.1, 0, 0], [0.3, 1, 0], [0.5, 2, 0]); 
 hairlength = gm([0.9, 0, 0], [0.5, 1, 0], [0.7, 2, 0]);

Genotype:
[391, 2, 104, 305, 158, 7, 54, 18, 9, 49, 444, 441, 150, 258, 307, 104, 305, 158, 232, 54, 99, 497, 74, 76, 414, 292, 252, 353, 49, 60, 76, 381, 29, 0, 28, 99, 73, 44, 40, 60, 73, 44, 40, 60, 206, 203, 83, 53, 18, 9, 49, 346, 305, 158, 232, 54, 99, 73, 74, 76, 282, 74, 346, 19, 445, 158, 232, 150, 174, 155, 124, 110, 178, 309, 203, 398, 28, 99, 73, 206, 273, 220, 29, 374, 128, 167, 52, 258, 482, 433]
Tree:
None
Fitness on 5000 data:
-2.819615992397788

Fitness:
-2.44876136009011