Generation:
500

Phenotype:
a = 21  - uniform([17, 6.3], 1); 
if b <= 28 { 
  b = gm([29, 8, 2], [13.5, 0, 5.8]); 
 } else { 
  b = 23  * uniform([8, 4.5], 3); 
 } end if;

Genotype:
[182, 191, 440, 488, 114, 477, 5, 296, 233, 409, 407, 256, 349, 318, 234, 126, 351, 457, 431, 201, 228, 187, 159, 112, 29, 16, 225, 498, 498, 10, 187, 13, 112, 474, 310, 225, 98, 475, 126, 343, 457, 431, 349, 187, 159, 112, 18, 310, 225, 498, 114, 477, 5, 296, 475, 126, 349, 318, 234, 126, 351, 457, 431, 159, 228, 187, 159, 112, 29, 310, 225, 498, 498, 10, 187, 10, 187, 13, 367, 488, 187, 159, 328, 29, 310, 225, 498, 10, 423, 104, 488, 30, 318, 459, 126, 396, 422, 347, 257, 271, 311, 491, 499, 64, 488, 30, 318, 459, 126, 396, 422, 411, 377, 257, 271, 311, 491, 499, 64, 169, 213, 115, 181, 343, 485, 117, 169, 455, 454, 431, 2, 219, 187, 159, 112, 73, 102, 145, 452, 417, 409, 407, 17, 209, 57, 10, 455, 451, 318, 234, 126, 396, 270, 411, 377, 257, 271, 157, 64, 455, 451, 318, 242, 340, 396, 270, 411, 377, 257, 271, 157, 64, 169, 213, 65, 181, 343, 352, 117, 169, 301, 454, 431, 159, 228, 187, 159, 112, 29, 310, 225, 498, 211, 336, 68, 310, 225, 498, 211, 336, 68, 86, 62, 44, 239, 335, 27, 182, 24, 129, 422, 116, 399, 383, 328, 375, 221, 107, 139, 149, 87, 66, 228, 90, 452, 328, 375, 221, 107, 139, 149, 87, 66, 228, 90, 452, 389, 403, 175, 463, 389, 289, 15, 84, 304, 253, 410, 420, 446, 49, 294, 160, 80, 150, 207, 135, 375, 468, 66, 295, 198, 99, 85, 63, 134, 461, 102, 172, 135]
Tree:
None
Fitness on 5000 data:
-4.876861059922591

Fitness:
-4.366224673537424