Generation:
500

Phenotype:
v = uniform([1, 8], 1) + 6;
u = 16  * gm([23, 28, 6], [14, 28, 6])  - bern(0.3);
w = 24  * uniform([29, 6], 3) + uniform([17, 8], 3);
u = v  - w;
v = v  - bern(0.9);
u = bern(0.3);
if u==1 { 
  if v > 12 { 
    w = gm([1,12.,2.]);
   } else { 
    w = gm([1,6.,2.]); 
   } end if;
 } else { 
  w = gm([1,6.,2.]); 
 } end if;

Genotype:
[463, 412, 28, 106, 412, 103, 414, 78, 404, 244, 412, 340, 338, 122, 130, 18, 344, 135, 110, 10, 78, 77, 433, 130, 364, 112, 338, 122, 130, 18, 402, 324, 162, 338, 122, 130, 18, 135, 110, 34, 78, 393, 131, 130, 364, 24, 330, 122, 130, 122, 130, 18, 402, 203, 412, 187, 122, 130, 18, 63, 68, 36, 448, 130, 228, 352, 149, 338, 192, 285, 55, 215, 36, 448, 130, 18, 55, 215, 36, 198, 130, 123, 126, 78, 103, 272, 187, 122, 130, 18, 63, 215, 36, 448, 130, 18, 352, 149, 62, 192, 285, 55, 215, 36, 448, 130, 18, 55, 215, 36, 448, 130, 18, 126, 78, 103, 272, 135, 364, 244, 353, 34, 412, 338, 122, 130, 18, 126, 78, 103, 272, 135, 364, 244, 499, 340, 344, 78, 352, 149, 338, 192, 340, 344, 78, 352, 149, 338, 56, 285, 271, 215, 36, 95, 482, 136, 151, 401, 236, 482, 136, 412, 340, 344, 412, 340, 344, 78, 272, 135, 122, 130, 18, 126, 78, 103, 272, 135, 364, 244, 412, 340, 344, 78, 352, 149, 338, 192, 340, 344, 78, 352, 149, 338, 56, 285, 271, 215, 36, 95, 482, 136, 151, 401, 236, 482, 136, 412, 340, 344, 412, 340, 344, 78, 272, 135, 364, 244, 110, 88, 219, 242, 452, 150, 1, 414]
Tree:
None
Fitness on 5000 data:
-4.681235931082273

Fitness:
-4.603506619371701