Generation:
500

Phenotype:
skill1 = bern(0.2)  - bern(0.9); 
skill2 = uniform([15, 9], 1) + bern(0.9);
skill1 = gm([25, 18, 5.7]); 
if bern(0.5) + gm([18, 18, 5.7]) > 26 { 
  p1wins = 1;
 } else { 
   p1wins = 0; 
 } end if;

Genotype:
[492, 332, 12, 27, 388, 204, 11, 359, 439, 174, 178, 325, 454, 359, 12, 240, 35, 359, 159, 438, 258, 92, 156, 192, 473, 248, 264, 490, 184, 111, 279, 439, 447, 423, 135, 12, 27, 121, 322, 192, 473, 248, 264, 204, 184, 111, 279, 439, 447, 439, 274, 149, 91, 121, 227, 172, 434, 43, 43, 241, 402, 97, 274, 149, 189, 121, 434, 312, 93, 407, 48, 235, 438, 470, 234, 357, 342, 426, 493, 419, 143, 45, 385, 229, 46, 333, 294, 225]
Tree:
None
Fitness on 5000 data:
-6.794712057837906

Fitness:
-5.85899176283434