Generation:
500

Phenotype:
mu = 1  * uniform([8, 19.3], 1); 
sigma = x + uniform([0, 4], 1);
x = 22  * gm([10, 25.6, 7.2]) + gm([1, 21.9, 23], [5, 5.7, 22], [23, 0.8, 4.3], [0.9, 4, 10.5]);
x = uniform([13, 17.2], 1) + 5 * 0;

Genotype:
[360, 117, 7, 497, 185, 8, 283, 112, 434, 280, 106, 234, 90, 23, 165, 428, 279, 98, 480, 376, 208, 319, 270, 208, 140, 208, 258, 305, 304, 437, 447, 162, 271, 117, 10, 279, 264, 373, 237, 114, 134, 422, 271, 141, 496, 160, 497, 98, 195, 376, 208, 319, 270, 271, 141, 496, 160, 251, 283, 173, 174, 13, 279, 98, 480, 283, 173, 10, 13, 109, 429, 308, 416, 271, 265, 496, 384, 497, 453, 470, 279, 413, 480, 213, 208, 319, 408, 467, 271, 8, 10, 279, 264, 348, 237, 429, 308, 416, 271, 265, 496, 384, 497, 305, 470, 283, 423, 355, 25, 434, 492, 106, 372, 90, 41, 117, 283, 423, 355, 497, 434, 492, 106, 355, 201, 434, 261, 106, 372, 90, 41, 117, 283, 423, 355, 63, 473, 155, 496, 329, 132, 209, 150, 68, 458, 443, 295, 102, 115, 8, 164, 195, 204, 235, 298, 443, 497, 291, 8, 29, 214, 195, 204, 235, 144, 90, 51, 165, 264, 279, 98, 29, 214, 497, 305, 104, 283, 112, 204, 235, 298, 453, 143, 298, 221, 270, 208, 497, 305, 470, 283, 423, 355, 13, 434, 492, 106, 63, 473, 155, 208, 250, 68, 458, 5, 473, 204, 235, 155, 496, 384, 209, 150, 237, 466, 57, 174, 271, 208, 8, 283, 112, 434, 492, 106, 234, 90, 428, 279, 98, 480, 63, 482, 155, 496, 384, 209, 150, 237, 466, 57, 174, 271, 208, 497, 305, 470, 423, 355, 195, 208, 319, 408, 68, 458, 5, 473, 155, 329, 132, 209, 150, 204, 235, 298, 443, 497, 291, 8, 29, 214, 195, 204, 235, 298, 443, 497, 291, 8, 29, 214, 481, 384, 209, 150, 237, 466, 57, 174, 112, 348, 384, 176, 453, 305, 117, 428, 393, 176, 445, 492, 480, 34, 342, 319, 175, 203, 195, 466, 341, 211, 11, 425, 176, 387, 480, 7, 473, 155, 329, 33, 30, 96, 356, 345, 316, 167, 456, 244, 259, 325, 57, 174, 271, 479, 66, 139, 116, 142, 475, 160, 463, 354, 20, 126, 222, 3, 408]
Tree:
None
Fitness on 5000 data:
-7.1547190681704205

Fitness:
-6.858263161664962