Generation:
500

Phenotype:
earthquake = johncalls  - alarm; 
  burglary = 0 + johncalls; 
    if bern(0.2) + burglary + bern(0.6) + bern(0.4) + alarm <= 1 { 
        if bern(0.1) > 0 { 
              alarm = earthquake; 
        } else { 
              alarm = 0  - 0; 
        } end if; 
  } else { 
        if earthquake <= 1 { 
              alarm = 0; 
        } else { 
              alarm = 1 + bern(0.3); 
        } end if; 
  } end if; 
    if burglary + bern(0.4) + bern(0.9) < 1 { 
        johncalls = burglary; 
  } else { 
        johncalls = 1  - 1; 
  } end if;

Genotype:
[334, 311, 140, 52, 99, 246, 52, 114, 430, 99, 246, 52, 164, 395, 207, 383, 499, 145, 21, 216, 164, 395, 207, 383, 499, 145, 21, 216, 150, 458, 365, 65, 467, 2, 265, 432, 219, 216, 285, 476, 52, 265, 2, 265, 432, 219, 216, 285, 476, 52, 265, 265, 373, 162, 297, 384, 184, 55, 117, 410, 263, 65, 467, 235, 418, 140, 341, 99, 246, 52, 119, 395, 140, 341, 99, 246, 52, 164, 395, 207, 383, 499, 145, 21, 207, 383, 499, 145, 21, 216, 150, 458, 365, 65, 467, 2, 265, 432, 219, 216, 285, 476, 52, 265, 432, 219, 216, 285, 476, 10, 373, 162, 297, 384, 241, 426, 117, 351, 190, 338, 354, 491, 395, 207, 160, 97, 281, 302, 140, 341, 99, 246, 52, 362, 491, 395, 363, 162, 499, 265, 45, 181, 216, 285, 127, 103, 430, 49, 382, 285, 476, 10, 373, 162, 297, 384, 241, 426, 117, 410, 365, 232, 467, 281, 302, 32, 359, 103, 181, 482, 89, 73, 412, 12, 384, 386, 346, 195, 127, 103, 430, 49, 382, 392, 426, 217, 282, 252, 309, 500, 26, 424, 159, 235, 397, 222, 14, 225]
Tree:
None
Fitness on 5000 data:
-inf

Fitness:
2.2204460492503128e-16