Generation:
500

Phenotype:
u = bern(0.4); 
v = 2  * gm([26.3, 5.3, 1]) + bern(0.2); 
if 30 * uniform([30, 1], 2) + 9 * uniform([0, 3], 1) + u > 10 { 
  if w + 12 * gm([19.2, 19.2, 2.7], [8.4, 20, 17.4], [0, 20.7, 27.7], [23, 24.7, 11], [26.3, 1.3, 10]) <= 24 { 
    w = uniform([0, 9], 1);
   } else { 
     w =  uniform([0, 10.9], 4); 
   } end if;
 } else { 
   w =  uniform([0, 16.7], 2); 
 } end if;

Genotype:
[402, 132, 360, 127, 21, 391, 73, 33, 73, 286, 467, 150, 308, 329, 36, 488, 434, 218, 141, 371, 433, 135, 165, 371, 433, 318, 309, 68, 36, 161, 167, 237, 443, 494, 93, 36, 488, 284, 218, 166, 492, 210, 447, 165, 371, 433, 318, 232, 68, 36, 161, 167, 237, 443, 477, 360, 127, 21, 391, 73, 33, 467, 150, 371, 433, 318, 309, 68, 423, 161, 296, 237, 443, 230, 93, 103, 175, 492, 109, 368, 204, 95, 18, 302, 281, 303, 276, 302, 73, 24, 467, 150, 308, 329, 32, 488, 204, 41, 161, 117, 237, 246, 450, 279, 204, 161, 340, 135, 246, 426, 93, 127, 41, 161, 115, 411, 246, 450, 93, 103, 264, 492, 1, 351, 250, 358, 475, 138, 488, 379, 386, 461, 228, 231, 381, 293, 270, 70, 357, 404, 396, 8, 494, 405, 296, 472, 96, 266, 199, 384, 392, 251, 260, 365, 226, 125, 328, 72, 221, 26, 203, 182, 302, 332, 274, 92, 111, 393, 496, 190, 50, 498, 476, 427, 451, 157, 210]
Tree:
None
Fitness on 5000 data:
29.61228165057688

Fitness:
30.043923365160712