Generation:
500

Phenotype:
skill2 = uniform([29, 10.7], 1)  - 5 * 3;
p1wins = bern(0.6);
skill1 = uniform([6, 12.9], 1) + uniform([6, 3.2], 3);;

Genotype:
[374, 163, 384, 280, 169, 158, 123, 22, 246, 105, 320, 312, 276, 398, 223, 191, 96, 158, 364, 158, 177, 327, 499, 149, 318, 146, 171, 105, 322, 258, 326, 99, 61, 105, 494, 36, 276, 398, 223, 191, 499, 10, 318, 146, 171, 105, 322, 258, 326, 99, 71, 105, 387, 223, 191, 96, 158, 364, 158, 177, 327, 499, 149, 318, 146, 171, 105, 322, 258, 326, 99, 71, 105, 494, 36, 276, 398, 223, 191, 96, 158, 364, 158, 177, 327, 499, 149, 318, 146, 171, 105, 322, 222, 326, 99, 71, 454, 488, 260, 320, 256, 123, 454, 184, 105, 320, 270, 276, 398, 223, 191, 96, 274, 364, 158, 177, 327, 499, 149, 318, 398, 223, 345, 96, 158, 108, 158, 177, 327, 499, 125, 318, 60, 412, 327, 499, 125, 96, 158, 364, 158, 223, 434, 188, 198, 364, 158, 481, 60, 171, 60, 245, 162, 226, 226, 132, 120, 395, 312, 168, 425, 109, 140, 261, 100, 140, 261, 339, 358, 419, 273, 409, 307, 112, 229, 327, 32, 187, 193, 357, 346, 342, 468, 70, 359, 237, 43, 426, 40, 94, 214, 378, 320, 42]
Tree:
None
Fitness on 5000 data:
-6.642908477605467

Fitness:
-6.055423157449006