Generation:
500

Phenotype:
skill1 = 22  * bern(0.9)  - gm([0, 23, 12], [30, 2.6, 2.4]); 
skill2 = bern(0.4) + uniform([10, 17.6], 1); 
if p1wins == 19 { 
  p1wins = skill1 + gm([23, 22.5, 19], [6.4, 22.5, 24], [6, 10.5, 2], [22.1, 2, 24], [12, 10.5, 2.6], [28, 2, 1.1], [25.8, 28, 25]);
 } else { 
  p1wins = bern(0.5); 
 } end if;

Genotype:
[5, 221, 379, 84, 403, 422, 174, 429, 165, 18, 372, 278, 271, 352, 477, 18, 372, 278, 119, 188, 14, 211, 188, 498, 211, 84, 307, 246, 174, 426, 382, 425, 141, 221, 204, 304, 473, 188, 329, 211, 15, 292, 246, 174, 429, 165, 378, 426, 39, 301, 382, 246, 174, 429, 165, 378, 426, 39, 301, 382, 214, 86, 383, 362, 6, 311, 258, 328, 260, 188, 329, 211, 84, 216, 246, 126, 214, 86, 383, 362, 12, 311, 258, 328, 211, 188, 329, 211, 84, 307, 246, 126, 429, 404, 378, 442, 271, 118, 25, 18, 214, 204, 304, 465, 132, 167, 211, 84, 292, 246, 304, 473, 81, 318, 328, 263, 231, 336, 429, 165, 378, 426, 39, 72, 493, 271, 352, 243, 66, 372, 278, 311, 188, 488, 211, 188, 329, 211, 443, 261, 341, 175, 464, 274, 89, 231, 158, 76, 221, 346, 304, 473, 81, 318, 328, 76, 16, 113, 8, 364, 55, 238, 136, 305, 64, 443, 296, 189, 161, 429, 170, 388, 475, 89, 434, 103, 211, 311, 84, 401, 12, 153, 274, 344, 16, 367, 90, 468, 445, 223, 43, 75, 127, 132, 212, 189, 494, 37, 192, 175, 13, 232, 185, 205, 179, 397, 243, 116, 400, 332, 206, 33, 98, 427, 281, 68, 432, 2, 188, 62, 80, 160, 163, 463, 292]
Tree:
None
Fitness on 5000 data:
-6.869682791263997

Fitness:
-6.40370048364299