Generation:
500

Phenotype:
skill1 = uniform([12, 14.2], 1); 
skill2 = uniform([12, 16.5], 1); 
if 23 * gm([21, 18, 1]) > 13 { 
  p1wins = bern(0.4);
 } else { 
  p1wins = gm([7.4, 18.2, 28.2]) + 21  * uniform([18, 2], 4); 
 } end if;

Genotype:
[329, 195, 39, 358, 415, 421, 76, 217, 472, 408, 33, 6, 167, 409, 16, 472, 408, 435, 390, 1, 457, 369, 46, 40, 331, 18, 173, 134, 1, 283, 13, 315, 345, 39, 408, 472, 408, 169, 38, 173, 472, 408, 435, 390, 1, 457, 369, 46, 40, 331, 18, 173, 134, 1, 283, 327, 408, 435, 390, 1, 457, 471, 46, 40, 331, 18, 173, 134, 134, 1, 283, 13, 18, 46, 40, 331, 18, 173, 283, 13, 132, 345, 39, 408, 472, 408, 169, 217, 472, 408, 33, 6, 167, 409, 16, 472, 167, 409, 16, 472, 408, 40, 331, 173, 400, 33, 6, 167, 64, 331, 18, 199, 43, 1, 369, 46, 40, 331, 402, 173, 134, 1, 283, 13, 18, 173, 400, 33, 6, 167, 169, 13, 132, 64, 39, 169, 18, 173, 400, 33, 6, 167, 64, 39, 461, 249, 29, 199, 21, 358, 230, 135, 40, 362, 18, 173, 13, 132, 64, 39, 169, 18, 173, 400, 33, 6, 167, 64, 39, 461, 249, 29, 199, 21, 358, 230, 135, 40, 362, 18, 173, 134, 1, 283, 13, 132, 195, 39, 408, 472, 408, 1, 421, 76, 217, 472, 408, 33, 286, 167, 169, 16, 472, 408, 33, 6, 167, 169, 16, 472, 408, 33, 390, 1, 457, 369, 46, 40, 331, 18, 109, 273, 480, 370, 292, 152, 39, 358, 1, 283, 177, 118, 40, 331, 490, 82, 318, 415, 421, 60, 39, 39, 358, 29, 153, 390, 1, 307, 169, 16, 472, 408, 33, 390, 1, 457, 369, 46, 40, 331, 18, 173, 134, 1, 283, 13, 132, 195, 39, 429, 65, 493, 345, 398, 5, 234, 374, 302, 469, 410, 301, 251, 177, 454, 313, 401, 324, 165, 363, 84, 218, 445, 172, 140, 485, 57, 118, 40, 331, 442, 390, 145, 161, 164, 322, 415, 429, 65, 493, 345, 485, 187, 291, 140, 485, 57, 481, 91, 373, 316, 356, 103, 153, 65, 360, 173, 469, 65, 360, 173, 105, 203, 439, 84, 421, 406, 480, 388, 57, 350, 322, 310, 330, 383, 148, 410, 181, 110, 68, 345, 244, 433, 248, 79, 399, 0, 414, 465, 165, 363, 84, 218, 445, 172, 136, 369, 48, 179, 245, 12, 62, 373, 317, 356, 103, 153, 106, 117, 463, 281, 346, 220, 169, 0, 327, 147, 283, 204, 286, 273, 480, 227, 251, 83, 250, 480, 63, 133, 262, 68, 401, 319, 125, 18, 374, 277, 481, 246, 71, 97, 340, 123, 355, 351, 364, 483, 53, 310, 301, 223, 173, 204, 375, 310, 68, 359, 474, 241, 320, 473, 205, 436, 431, 110, 340, 424, 3, 444, 129, 344, 339, 139, 323, 274, 292, 193, 131, 87, 306, 73, 433, 432, 108, 146, 127, 418, 453, 153, 419, 342, 190, 7, 469, 220, 203, 1, 49, 454, 449, 92, 115, 313, 142, 448, 61, 85, 350, 382, 436, 307, 485, 320, 93, 500, 119]
Tree:
None
Fitness on 5000 data:
-6.312809435308545

Fitness:
-6.073789921026385