Generation:
500

Phenotype:
skill1 = 12; 
skill2 = p1wins + gm([20.6, 19, 4]);
skill1 = gm([4, 21.1, 4], [0, 19.1, 8]); 
if uniform([0, 27.3], 1) + bern(0.7) + 4 * bern(0.3) + gm([10, 25, 15]) < 18 { 
  p1wins = 1;
 } else { 
   p1wins = 0; 
 } end if;

Genotype:
[190, 324, 71, 12, 415, 133, 216, 16, 462, 114, 285, 294, 407, 268, 86, 54, 484, 18, 376, 486, 438, 200, 472, 306, 96, 337, 463, 110, 252, 417, 455, 18, 470, 314, 164, 488, 465, 231, 360, 216, 158, 411, 417, 455, 96, 426, 155, 131, 368, 488, 304, 285, 262, 171, 222, 215, 219, 35, 83, 443, 36, 54, 133, 216, 16, 134, 90, 428, 52, 449, 428, 80, 217, 155, 131, 68, 24, 109, 99, 85, 394, 172, 244, 397, 236, 41, 57, 49, 167, 231, 280, 493, 222, 463, 142, 185, 15, 322, 144, 467, 226, 95, 430, 109, 273, 491, 167, 133, 117, 153, 374, 391, 55, 111, 353, 351, 270, 477, 384, 122, 474, 118, 243, 127, 19, 15, 454, 399, 155, 37, 308, 409, 67, 147, 177, 179, 426, 283, 487, 423, 210, 155, 38, 205, 63, 422, 153, 307, 368, 375, 304, 69, 180, 442, 34, 178, 298]
Tree:
None
Fitness on 5000 data:
-6.161316896177162

Fitness:
-5.689477651719783