Generation:
500

Phenotype:
u = u + bern(0.3); 
v = 25  * v + gm([26, 9, 3.8]); 
if bern(0.8) <= 3 { 
  if bern(0.8) + 2 * gm([21.2, 7.3, 4]) + 11 * uniform([25, 2], 2) >= 0 { 
    w = gm([22, 4, 2.7]) + bern(0.8);
   } else { 
     w =  gm([16, 25.8, 29.2]) + 16  * gm([4, 2.2, 22]); 
   } end if;
 } else { 
   w =  15  * gm([27, 23.1, 3.8], [13, 7.9, 6], [18.3, 13, 25.3], [30.5, 19, 26], [16, 0, 2.1])  - 16  * uniform([0, 2], 2); 
 } end if;

Genotype:
[61, 139, 123, 156, 171, 477, 335, 488, 106, 115, 335, 292, 325, 21, 433, 166, 250, 491, 364, 288, 433, 220, 394, 397, 240, 44, 171, 286, 341, 34, 343, 49, 478, 171, 286, 341, 215, 343, 277, 60, 437, 300, 298, 469, 379, 2, 280, 35, 12, 211, 166, 394, 335, 324, 325, 21, 286, 341, 10, 171, 477, 132, 428, 270, 118, 314, 395, 219, 339, 351, 35, 394, 397, 240, 17, 428, 156, 171, 477, 335, 286, 341, 215, 343, 277, 140, 437, 300, 298, 469, 379, 2, 280, 106, 115, 335, 292, 325, 21, 433, 166, 244, 491, 364, 288, 49, 220, 394, 491, 240, 44, 171, 286, 341, 232, 316, 285, 35, 80, 335, 488, 106, 115, 335, 74, 325, 21, 433, 166, 36, 205, 394, 491, 240, 44, 171, 286, 341, 165, 343, 90, 478, 171, 286, 341, 202, 343, 277, 426, 437, 300, 298, 469, 80, 187, 320, 461, 477, 340, 166, 394, 491, 325, 21, 433, 106, 115, 335, 292, 325, 21, 433, 166, 244, 0, 433, 469, 131, 18, 112, 314, 395, 219, 316, 306, 135, 337, 25, 444, 172, 314, 395, 247, 316, 393, 113, 421, 340, 166, 394, 491, 325, 21, 433, 106, 115, 335, 292, 325, 21, 433, 166, 244, 0, 433, 469, 131, 18, 112, 314, 395, 219, 316, 306, 135, 337, 25, 444, 172, 314, 395, 247, 316, 393, 113, 421, 223, 444, 433, 69, 442, 314, 1, 115, 431, 319, 154, 258, 473, 130, 391, 184, 476, 182, 214, 428, 202, 442, 314, 380, 179, 316, 285, 74, 236, 473, 130, 391, 184, 476, 182, 214, 428, 135, 337, 25, 39, 433, 329, 131, 18, 112, 458, 197, 303, 247, 428, 202, 442, 314, 1, 115, 431, 319, 112, 458, 482, 450, 450, 478, 321, 6, 106, 325, 382, 280, 225, 132, 433, 315, 26, 440, 351, 438, 63, 484, 215, 48, 187, 320, 461, 313, 486, 36, 427, 338, 34, 424, 122, 469, 379, 2, 280, 35, 197, 494, 369, 365, 444, 433, 69, 131, 428, 346, 303, 135, 182, 1, 428, 202, 442, 314, 395, 395, 219, 434, 489, 85, 28, 232, 135, 337, 25, 444, 272, 329, 131, 381, 431, 319, 130, 391, 105, 476, 442, 314, 395, 219, 316, 285, 135, 285, 135, 137, 25, 444, 413, 329, 131, 26, 449, 282, 97, 176, 66, 247, 16, 138, 225, 384, 59, 349, 98, 122, 393, 292, 421, 16, 243, 349, 22, 9, 435, 167, 87, 327, 388, 166, 145, 360, 48, 290, 449, 314, 395, 404, 316, 285, 135, 337, 25, 444, 433, 329, 131, 381, 431, 319, 130, 391, 105, 476, 182, 1, 428, 202, 442, 314, 395, 328, 316, 303, 105, 476, 47, 90, 364, 177, 193, 421, 260, 377, 304, 77, 87, 7, 223, 443, 466, 469, 379, 2, 280, 35, 12, 211, 373, 308, 308, 13, 395, 449, 189, 97, 271, 256, 73, 466, 469, 23, 404, 396, 156, 170, 259, 247, 383, 321, 6, 41, 186, 70, 197, 335, 488, 440, 219, 73, 489, 445, 346, 303, 135, 337, 25, 81, 433, 454, 433, 256, 467, 222, 163, 433, 257, 160, 332, 120]
Tree:
None
Fitness on 5000 data:
27.91380482852532

Fitness:
28.552164310037544