Generation:
500

Phenotype:
skill1 = uniform([10, 15.3], 1);
skill2 = bern(0.8) + uniform([11, 15.3], 1);
 cond = 1.3*skill2; 
cond = skill1 - cond; 
if cond > 0 { 
  p1wins = 1.0;
 } else { 
   p1wins = 0.0; 
 } end if;

Genotype:
[467, 383, 426, 488, 300, 150, 186, 326, 475, 53, 15, 461, 500, 147, 334, 302, 361, 382, 27, 271, 250, 477, 478, 11, 1, 170, 83, 324, 342, 244, 361, 382, 312, 392, 323, 247, 268, 49, 469, 200, 478, 403, 361, 382, 300, 150, 273, 98, 131, 264, 290, 349, 316, 418, 288, 100, 264, 290, 349, 316, 418, 288, 100, 33, 49, 385, 84, 385, 84, 72, 268, 49, 137, 268, 49, 432, 107, 426, 271, 300, 150, 273, 326, 359, 481, 268, 49, 137, 147, 478, 462, 356, 264, 290, 349, 316, 418, 288, 100, 264, 290, 349, 316, 418, 288, 100, 33]
Tree:
None
Fitness on 5000 data:
-5.805257515994596

Fitness:
-5.599794370499797