Generation:
500

Phenotype:
sigma = gm([9.1, 2, 1])  - 13 * 0;
mu = uniform([5, 7], 3) + uniform([3, 21.1], 1);
if 21 * mu + uniform([11, 18.8], 1) <= 1 { 
   mu = gm([2, 15.7, 27], [19, 15.6, 30])  - 30 * 13; 
 } else { 
   mu = uniform([2, 7], 1) + uniform([13, 4], 1); 
 } end if;
 x = sigma * gm([1,1,1]);
x = x + mu;

Genotype:
[442, 286, 366, 7, 211, 182, 384, 100, 108, 375, 257, 27, 436, 33, 466, 156, 410, 185, 168, 465, 182, 42, 306, 112, 447, 170, 67, 418, 375, 170, 33, 257, 3, 211, 83, 441, 100, 108, 33, 257, 3, 211, 83, 441, 285, 108, 146, 257, 11, 211, 421, 7, 108, 257, 342, 441, 100, 108, 375, 257, 3, 436, 219, 92, 95, 437, 294, 168, 146, 182, 42, 306, 112, 447, 170, 140, 418, 92, 95, 437, 185, 168, 465, 182, 42, 306, 112, 447, 170, 498, 418, 375, 396, 465, 182, 230, 170, 498, 60, 375, 396, 465, 182, 42, 170, 178, 182, 42, 306, 112, 461, 170, 498, 418, 375, 170, 33, 465, 182, 42, 306, 112, 447, 170, 393, 418, 375, 170, 33, 257, 3, 211, 83, 441, 100, 127, 175, 33, 257, 3, 211, 83, 3, 436, 69, 92, 416, 437, 185, 68, 465, 182, 322, 306, 112, 447, 11, 211, 184, 7, 211, 182, 441, 100, 108, 400, 257, 3, 436, 219, 92, 95, 437, 185, 68, 142, 437, 92, 95, 437, 185, 168, 261, 182, 322, 306, 112, 447, 108, 268, 283, 325, 405, 175, 325, 481, 306, 112, 447, 170, 498, 418, 375, 170, 33, 108, 400, 436, 219, 92, 142, 437, 92, 95, 437, 185, 168, 465, 182, 447, 108, 268, 283, 325, 405, 175, 325, 481, 61, 36, 434, 254, 264, 225, 1, 306, 106, 375, 170, 498, 459, 3, 436, 219, 29, 95, 437, 185, 168, 465, 182, 92, 95, 437, 185, 168, 465, 182, 322, 306, 112, 447, 108, 268, 283, 434, 405, 175, 325, 481, 61, 36, 434, 254, 264, 225, 1, 306, 106, 375, 170, 498, 459, 3, 436, 219, 29, 95, 437, 185, 168, 465, 182, 322, 306, 112, 375, 170, 498, 106, 375, 170, 498, 257, 3, 211, 182, 441, 100, 108, 400, 257, 3, 211, 421, 441, 100, 108, 268, 481, 61, 36, 434, 405, 157, 463, 281, 201, 142, 181, 495, 80, 48, 442, 385, 5, 129, 132, 284, 417, 245, 372, 453]
Tree:
None
Fitness on 5000 data:
-5.983355081739353

Fitness:
-5.779318632277243