Generation:
500

Phenotype:
b = gm([4, 7.6, 5]);
a = uniform([15, 6], 4)  - uniform([15, 4], 2);;

Genotype:
[168, 491, 428, 321, 413, 375, 87, 169, 146, 282, 314, 319, 255, 383, 164, 129, 93, 210, 407, 384, 329, 426, 329, 232, 192, 446, 279, 426, 158, 294, 82, 12, 169, 413, 491, 428, 321, 413, 51, 428, 78, 413, 51, 87, 169, 205, 446, 164, 260, 399, 210, 438, 384, 329, 426, 329, 232, 192, 446, 489, 426, 485, 294, 82, 12, 426, 192, 446, 489, 426, 158, 294, 82, 464, 191, 329, 426, 110, 464, 388, 126, 180, 399, 333, 333, 348, 89, 154, 380, 204, 6, 385, 107, 355, 234, 499, 53, 259, 296, 407]
Tree:
None
Fitness on 5000 data:
-5.101065119578472

Fitness:
-5.150207979655156