Generation:
500

Phenotype:
contentDifficulty = uniform([27, 0.4], 3) + 20;
contentDifficulty = 2  * uniform([11, 8], 1) + 28  * questionsAfterLectureLength;
questionsAfterLectureLength = contentDifficulty  - gm([21, 17.1, 6]);;

Genotype:
[304, 319, 184, 201, 216, 421, 417, 78, 275, 61, 434, 489, 114, 434, 112, 20, 262, 53, 310, 205, 328, 343, 46, 352, 208, 394, 12, 298, 307, 296, 417, 234, 416, 292, 201, 299, 201, 304, 416, 114, 417, 304, 416, 114, 417, 389, 207, 354, 471, 261, 30, 201, 346, 328, 37, 46, 136, 208, 499, 424, 190, 372, 180, 310, 205, 328, 343, 136, 208, 394, 424, 190, 40, 296, 474, 208, 294, 326, 190, 263, 201, 299, 46, 136, 208, 310, 272, 328, 37, 46, 136, 208, 394, 424, 190, 40, 296, 474, 208, 294, 205, 190, 263, 296, 266, 234, 416, 221, 201, 299, 130, 407, 180, 100, 494, 201, 304, 416, 174, 201, 299, 201, 299, 130, 85, 221, 201, 299, 184, 130, 283, 283, 373, 31, 349, 373, 91, 349, 9, 454, 283, 373, 31, 349, 35, 346, 101, 372, 348, 310, 272, 328, 37, 46, 136, 208, 18, 70, 348, 34, 108, 32, 202, 285, 74, 158, 86, 45, 421, 137, 270, 474, 492, 162, 358, 423, 114, 94, 467, 335, 178, 1]
Tree:
None
Fitness on 5000 data:
-6.1327299652235805

Fitness:
-6.033066889629731