Generation:
500

Phenotype:
a = gm([18.9, 19, 2], [9, 21, 3.7])  - uniform([18, 0.1], 4); 
b = 9  * gm([15, 23.6, 0], [16, 25, 21], [4.3, 2, 26])  - uniform([21, 3], 2); 
b = gm([3, 6.4, 2], [2, 2.9, 4]) + a;;

Genotype:
[254, 47, 342, 388, 457, 263, 297, 287, 50, 112, 74, 95, 334, 202, 102, 108, 114, 331, 96, 213, 159, 335, 204, 465, 403, 189, 51, 353, 145, 474, 19, 249, 18, 263, 297, 457, 50, 112, 496, 499, 466, 202, 376, 490, 114, 331, 96, 213, 159, 146, 432, 312, 124, 150, 51, 353, 145, 66, 488, 249, 18, 62, 38, 353, 127, 270, 19, 249, 18, 468, 307, 37, 21, 446, 95, 74, 158, 374, 379, 250, 359, 10, 438, 102, 108, 114, 331, 96, 213, 159, 146, 204, 465, 124, 150, 51, 353, 145, 270, 19, 249, 18, 263, 297, 457, 50, 112, 496, 499, 466, 202, 102, 490, 114, 331, 96, 213, 159, 146, 204, 312, 124, 150, 51, 353, 145, 270, 488, 249, 18, 62, 38, 353, 372, 88, 276, 392, 291, 164, 462, 468, 468, 37, 107, 446, 283, 74, 359, 323, 379, 212, 157, 10, 323, 379, 212, 157, 10, 438, 112, 74, 438, 162, 202, 102, 490, 114, 331, 96, 213, 159, 146, 109, 103, 293, 51, 353, 145, 270, 19, 249, 18, 468, 109, 37, 107, 446, 283, 74, 359, 323, 379, 212, 157, 10, 438, 17, 372, 88, 276, 392, 75, 281, 296, 60, 16, 329, 17, 268, 462, 150, 461, 223, 360, 158, 327, 339, 477, 328, 298, 493, 16, 180, 330, 422, 447, 306, 182, 306, 88, 249, 23, 50, 164, 185, 25, 20, 78, 339, 158, 63, 397, 112]
Tree:
None
Fitness on 5000 data:
-4.91340915810134

Fitness:
-4.508840111819649