Generation:
500

Phenotype:
u = bern(0.2);
w = u;
w = bern(0.1);
v = bern(0.9) + 0; 
  if u == 1 { 
       if w == 1{ 
             x = gm([0.8, 1, 0], [0.2, 0, 0]); 
       } else { 
             x = gm([0.2, 1, 0], [0.8, 0, 0]); 
       } end if; 
 } else { 
       if v == 1{ 
             x = gm([0.8, 1, 0], [0.2, 0, 0]); 
       } else { 
             x = gm([0.2, 1, 0], [0.8, 0, 0]); 
       } end if; 
 } end if;

Genotype:
[314, 135, 122, 470, 92, 198, 204, 359, 19, 156, 181, 58, 204, 352, 56, 484, 192, 225, 390, 141, 384, 223, 297, 12, 200, 460, 393, 19, 156, 181, 359, 19, 156, 181, 271, 156, 352, 187, 484, 192, 225, 110, 141, 92, 198, 204, 359, 19, 156, 181, 271, 156, 352, 187, 484, 192, 225, 390, 141, 384, 223, 297, 12, 200, 323, 393, 397, 393, 248, 271, 156, 352, 192, 225, 390, 141, 384, 223, 297, 12, 200, 460, 393, 181, 271, 156, 352, 187, 484, 192, 225, 390, 141, 384, 223, 297, 12, 200, 323, 156, 181, 122, 58, 118, 468, 236, 297, 44, 133, 19, 456, 207, 114, 198, 204, 359, 19, 156, 181, 359, 19, 156, 181, 271, 156, 352, 187, 484, 192, 225, 110, 141, 92, 79, 204, 359, 19, 156, 181, 271, 156, 352, 187, 484, 192, 225, 390, 141, 384, 223, 297, 12, 200, 323, 393, 397, 44, 133, 19, 456, 207, 62, 92, 19, 204, 359, 357, 470, 156, 181, 58, 392, 468, 236, 297, 114, 327, 232, 24, 328, 172, 204, 402, 177, 40, 204, 402, 177, 40, 248, 334, 208, 227, 464, 178, 133, 384, 119, 392, 468, 236, 297, 77, 200, 460, 393, 397, 44, 325, 75, 392, 114, 327, 232, 24, 328, 172, 204, 402, 294, 326, 189, 189, 449, 297, 280, 49, 199, 370, 128, 326, 387, 256, 49, 128, 8, 387, 247, 392, 446, 412, 425, 392, 159, 351, 85, 127, 100, 490, 295, 146, 280, 276, 83, 439, 248, 332, 276, 390, 483, 247, 236, 272, 87, 302, 52, 20, 343, 300, 156, 181, 122, 58, 392, 468, 236, 297, 44, 133, 19, 456, 207, 114, 198, 204, 359, 19, 156, 181, 359, 19, 156, 181, 271, 156, 352, 187, 484, 192, 225, 110, 141, 92, 198, 204, 359, 19, 156, 181, 271, 156, 352, 187, 484, 192, 225, 390, 141, 384, 223, 297, 446, 412, 425, 392, 159, 351, 85, 127, 100, 490, 295, 146, 280, 276, 83, 439, 248, 332, 276, 390, 483, 247, 236, 272, 87, 302, 52, 20, 343, 300, 249, 370, 236, 160, 386, 26, 262, 171, 272, 87, 51, 364, 186, 206, 144, 200, 33, 114, 97, 232, 107]
Tree:
None
Fitness on 5000 data:
-1.987350441931521

Fitness:
-1.5607261500526959