Generation:
500

Phenotype:
u = bern(0.2); 
v = uniform([15, 24.1], 3)  - 25; 
if gm([12.9, 4.5, 24.2]) + 29 * gm([14, 16, 18.9]) < 8 { 
  if 3 * w + uniform([22, 14.5], 2) <= 13 { 
    w = 26  - 17;
   } else { 
     w =  3  * bern(0.9) + gm([6, 4, 3]); 
   } end if;
 } else { 
   w =  20 + 27 * 25; 
 } end if;

Genotype:
[348, 24, 114, 239, 415, 494, 261, 394, 263, 109, 489, 450, 10, 284, 120, 87, 79, 17, 196, 261, 394, 263, 43, 422, 143, 438, 355, 145, 148, 271, 442, 489, 370, 121, 8, 476, 76, 452, 140, 169, 328, 269, 332, 442, 489, 103, 121, 468, 272, 113, 452, 172, 454, 270, 7, 76, 220, 113, 145, 199, 332, 464, 384, 26, 305, 300, 141, 271, 196, 313, 459, 449, 267, 465, 8, 82, 68, 22, 376, 76, 220, 220, 113, 272, 113, 452, 395, 120, 87, 79, 17, 196, 261, 394, 263, 43, 113, 452, 172, 122, 270, 442, 489, 307, 199, 332, 464, 384, 26, 305, 300, 141, 271, 196, 313, 464, 384, 489, 370, 121, 8, 476, 76, 452, 489, 450, 10, 284, 120, 317, 79, 17, 121, 177, 328, 269, 332, 270, 7, 76, 220, 113, 145, 199, 332, 464, 384, 26, 305, 300, 141, 271, 196, 313, 459, 449, 267, 465, 8, 82, 68, 452, 376, 76, 220, 220, 113, 323, 300, 148, 271, 442, 313, 459, 449, 267, 465, 8, 212, 113, 452, 438, 355, 145, 148, 271, 442, 489, 370, 121, 8, 476, 76, 452, 140, 169, 328, 179, 332, 442, 489, 103, 121, 177, 272, 113, 452, 376, 454, 270, 7, 76, 220, 113, 145, 199, 79, 464, 384, 26, 113, 300, 148, 271, 442, 313, 8, 476, 76, 452, 140, 169, 328, 179, 332, 442, 489, 103, 121, 8, 272, 113, 452, 376, 454, 270, 7, 76, 220, 113, 145, 199, 79, 464, 384, 26, 113, 300, 148, 271, 442, 313, 459, 449, 267, 465, 8, 212, 113, 27, 376, 454, 130, 271, 442, 313, 459, 449, 267, 465, 8, 212, 113, 27, 376, 454, 130, 373, 76, 305, 113, 145, 199, 79, 464, 384, 26, 113, 204, 148, 271, 442, 313, 459, 279, 267, 465, 404, 414, 113, 49, 376, 8, 130, 373, 76, 305, 261, 394, 263, 43, 404, 329, 113, 145, 199, 79, 464, 384, 26, 113, 204, 465, 8, 192, 113, 452, 376, 454, 130, 373, 76, 305, 261, 394, 263, 43, 404, 449, 336, 355, 145, 148, 271, 442, 489, 412, 121, 8, 476, 76, 452, 404, 329, 336, 148, 271, 442, 489, 256, 121, 442, 476, 271, 442, 313, 459, 279, 267, 465, 8, 192, 113, 452, 376, 454, 130, 373, 76, 305, 261, 394, 263, 43, 404, 329, 336, 355, 145, 148, 271, 442, 489, 412, 121, 8, 476, 76, 452, 404, 329, 336, 148, 271, 442, 489, 256, 121, 442, 476, 76, 452, 404, 329, 336, 355, 145, 148, 271, 442, 489, 256, 121, 8, 476, 76, 452, 140, 169, 328, 179, 332, 442, 489, 103, 121, 8, 272, 113, 459, 427, 425, 465, 130, 373, 370, 97, 449, 140, 305, 216, 452, 271, 442, 489, 402, 121, 399, 418, 133, 97, 252, 486, 270, 322, 14, 412, 32, 9, 171, 239, 344, 407, 346, 234, 158, 452, 376, 454, 375, 373, 76, 305, 113, 145, 199, 79, 464, 384, 264, 113, 204, 175, 271, 442, 489, 402, 121, 8, 192, 133, 97, 252, 486, 266, 322, 14, 412, 32, 9, 171, 239, 344, 407, 346, 234, 158, 103, 390, 45, 47, 300, 201, 94, 115, 421, 376, 351, 362, 277, 183, 315, 149, 342, 217, 14, 99, 31, 104, 458, 392, 349, 316, 452, 94, 452, 226, 286, 367, 485, 43, 299, 59, 164, 352, 185, 210, 438, 60, 132, 139, 36, 206, 463, 386, 168, 476, 387, 418, 147, 178, 173, 120, 74, 74, 192, 404, 156, 305, 250, 92, 22, 442, 74, 437, 202, 268, 68, 455, 381, 115, 119, 337, 168, 491, 288, 109, 17, 179, 12, 418, 159, 24, 245, 157, 463, 166, 54, 138, 310, 374, 326, 274, 287, 57, 361, 271, 492, 497, 251, 63, 198, 254, 62, 189, 234, 461, 264]
Tree:
None
Fitness on 5000 data:
25.962482374000338

Fitness:
26.608472958054378