Generation:
500

Phenotype:
mu = gm([26, 20, 4], [7.8, 20, 5.5]);
sigma = 29  - uniform([25, 4], 1);
x = gm([27, 23, 4], [7.8, 20, 5.9]);

Genotype:
[201, 406, 346, 72, 492, 201, 372, 259, 461, 6, 26, 450, 237, 8, 190, 56, 65, 69, 133, 0, 20, 413, 470, 211, 56, 43, 118, 194, 407, 398, 432, 81, 89, 56, 366, 57, 460, 285, 20, 452, 218, 201, 372, 259, 461, 6, 337, 450, 178, 8, 190, 56, 65, 69, 133, 152, 20, 413, 470, 440, 56, 17, 118, 194, 461, 6, 273, 288, 17, 118, 194, 419, 455, 432, 63, 245, 383, 422, 191, 42, 288, 208, 300, 468, 352, 408, 413, 357, 63, 297, 383, 422, 191, 42, 288, 208, 370, 300]
Tree:
None
Fitness on 5000 data:
-6.839284269188334

Fitness:
-6.764937641485579