Generation:
500

Phenotype:
v = 20;
u = bern(0.3)  - u;
v = uniform([4, 26.5], 1)  - 3;
v = uniform([27, 9.1], 1)  - 22;
w = gm([30.1, 5, 2], [4, 12, 8]) + bern(0.7);;

Genotype:
[372, 202, 66, 171, 97, 54, 89, 94, 330, 54, 477, 159, 119, 438, 283, 380, 375, 52, 240, 128, 52, 128, 52, 107, 15, 422, 159, 119, 305, 283, 192, 215, 52, 251, 128, 216, 455, 52, 107, 15, 474, 492, 433, 226, 468, 416, 455, 472, 208, 159, 194, 140, 308, 487, 39, 429, 445, 337, 433, 396, 174, 439, 56, 33, 198, 156, 438, 198, 74, 338, 194, 297, 435, 285, 415, 322, 217, 137, 146, 150, 96, 483, 138, 440, 483, 138, 440, 221, 5, 127, 41, 371, 52, 240, 128, 52, 128, 52, 107, 15, 474, 243, 5, 166, 472, 416, 455, 472, 208, 159, 194, 190, 308, 168, 39, 429, 445, 337, 433, 97, 174, 439, 56, 33, 198, 404, 438, 198, 74, 357, 194, 190, 435, 367, 327, 434, 378, 16, 130, 227, 118, 103]
Tree:
None
Fitness on 5000 data:
-5.13648998865672

Fitness:
-4.985974366720244