Generation:
500

Phenotype:
skill2 = bern(0.2) + 19;
skill2 = uniform([23, 6], 4)  - 29;
skill1 = bern(0.4);
skill2 = uniform([10, 19.6], 2)  - skill1;
p1wins = bern(0.1);
skill1 = 7  * skill1 + 3  * gm([26, 5.5, 4], [1, 9, 14.4]);
p1wins = gm([12.2, 16, 27.9])  - 5  * skill2;
p1wins = bern(0.3);;

Genotype:
[210, 437, 494, 304, 199, 91, 183, 395, 226, 122, 456, 81, 83, 354, 228, 277, 38, 465, 10, 116, 126, 59, 411, 392, 304, 339, 418, 52, 469, 69, 378, 336, 487, 75, 216, 315, 277, 38, 465, 10, 10, 7, 329, 59, 457, 324, 168, 231, 247, 52, 469, 59, 378, 336, 487, 315, 216, 31, 312, 142, 271, 7, 456, 66, 490, 468, 5, 55, 142, 243, 173, 439, 85, 376, 407, 168, 340, 156, 188, 443, 217, 200, 75, 293, 198, 155, 74, 248, 75, 293, 198, 155, 74, 181, 90, 295, 315, 89, 476, 469, 315, 68, 232, 9, 378, 230, 254, 315, 216, 31, 47, 274, 249, 372, 438, 330, 464, 78, 19, 310, 73, 114, 130, 355, 258, 157, 251, 418, 64, 118, 442, 438, 326, 287, 364, 293, 422, 89, 440, 420, 164, 425, 396, 11, 181, 289, 144, 430, 182, 135, 87, 384, 383, 160, 228, 329, 470, 65, 456, 258, 10]
Tree:
None
Fitness on 5000 data:
-6.959108705251136

Fitness:
-6.7901801116353875