Generation:
500

Phenotype:
u = gm([17.4, 15.5, 1.1])  - 15;
u = bern(0.4);
w = 12  - 18;
v = uniform([6, 7.6], 1)  - 1  * bern(0.3);
w = 2  * uniform([14, 5], 1)  - 28;;

Genotype:
[33, 497, 330, 113, 114, 293, 186, 473, 328, 227, 358, 210, 411, 108, 499, 147, 373, 45, 293, 68, 170, 188, 488, 235, 39, 276, 399, 211, 318, 49, 228, 123, 440, 251, 212, 178, 291, 47, 38, 328, 134, 385, 22, 485, 252, 450, 68, 85, 131, 77, 276, 76, 249, 447, 434, 330, 370, 11, 170, 215, 352, 498, 114, 293, 68, 355, 188, 335, 260, 59, 90, 450, 167, 85, 449, 39, 276, 67, 211, 352, 177, 43, 385, 332, 178, 291, 93, 68, 170, 98, 300, 19, 29, 90, 450, 167, 85, 20, 450, 167, 85, 43, 385, 260, 26, 46, 448, 447, 470, 330, 138, 90, 422, 427, 370, 28, 253, 207, 492, 251, 435, 125, 404, 78, 200, 87, 125, 404, 78, 200, 87, 148, 447, 470, 213, 350, 93, 472, 208, 358, 330, 240, 332, 321]
Tree:
None
Fitness on 5000 data:
-5.287393349207026

Fitness:
-5.087524339330907