Generation:
500

Phenotype:
a = 27  * b; 
b = uniform([8, 6], 2)  - 1  * uniform([0, 12.1], 1); 
a = gm([29.8, 1, 1.2]);;

Genotype:
[201, 342, 304, 430, 303, 21, 338, 255, 98, 225, 196, 365, 277, 364, 497, 407, 124, 241, 74, 225, 432, 132, 168, 98, 114, 48, 234, 304, 196, 241, 277, 277, 364, 497, 407, 404, 127, 174, 111, 68, 132, 168, 312, 278, 48, 234, 304, 430, 303, 365, 277, 364, 497, 407, 314, 241, 174, 111, 68, 132, 168, 312, 114, 48, 234, 304, 430, 303, 21, 297, 255, 98, 21, 248, 91, 449, 91, 449, 100, 300, 372]
Tree:
None
Fitness on 5000 data:
-5.749056834419568

Fitness:
-5.09564099286398