Generation:
500

Phenotype:
skill1 = 0  * bern(0.1) + gm([20, 22, 4], [1.9, 19, 30], [0, 6, 13]); 
skill2 = gm([13.6, 22, 4])  - bern(0.5); 
if p1wins == 0 { 
  p1wins = bern(0.4);
 } else { 
  p1wins = 15  * skill2 + 25  * uniform([9, 13.6], 1); 
 } end if;

Genotype:
[328, 139, 106, 124, 403, 369, 162, 17, 71, 106, 392, 300, 456, 390, 438, 411, 457, 249, 107, 132, 81, 402, 402, 294, 222, 124, 350, 99, 366, 106, 20, 99, 261, 162, 433, 106, 392, 78, 456, 390, 438, 21, 83, 166, 434, 242, 200, 310, 204, 15, 231, 399, 325, 19, 480, 104, 457, 157, 242, 70, 474, 347, 106, 392, 300, 456, 390, 438, 411, 457, 157, 107, 132, 81, 402, 146, 150, 222, 264, 350, 305, 366, 106, 20, 99, 237, 162, 17, 106, 392, 342, 328, 353, 432, 376, 87, 432, 359, 11, 287, 263, 21, 83, 324, 492, 242, 104, 310, 204, 15, 231, 399, 470, 344, 266, 273, 482, 320, 152, 288, 405, 450, 458, 20, 114, 464, 392, 160, 53, 363, 19, 313, 115, 21, 192, 234, 286, 273, 86, 417, 290, 494, 479, 144, 440, 210, 64, 26, 82, 7, 84, 219, 153, 293, 163, 369, 453]
Tree:
None
Fitness on 5000 data:
-6.620166622283255

Fitness:
-6.193234597916581