Generation:
500

Phenotype:
skill1 = 14  * skill2  - 1;
p1wins = 20  - 30;
skill1 = 3 + 25;
skill1 = 30;
skill2 = 11  * uniform([0, 3], 1);
skill1 = 20  - 24;
p1wins = 3 + 25;
skill1 = 25  - 1  * uniform([1, 9], 1);
p1wins = bern(0.2) + 0  * gm([17, 26.3, 6]);;

Genotype:
[191, 214, 242, 298, 51, 497, 118, 231, 468, 445, 428, 148, 280, 92, 68, 92, 179, 173, 486, 51, 101, 310, 92, 445, 242, 185, 138, 148, 341, 486, 406, 170, 458, 242, 358, 376, 354, 312, 464, 392, 154, 170, 458, 110, 118, 0, 40, 321, 434, 465, 110, 389, 460, 497, 110, 157, 39, 179, 173, 396, 51, 497, 464, 365, 295, 242, 433, 233, 148, 227, 486, 406, 170, 458, 242, 358, 295, 354, 23, 215, 392, 428, 148, 280, 390, 187, 134, 431, 304, 360, 98, 234, 242, 304, 450, 35, 154, 277, 372, 29, 326, 378, 110, 331, 336, 380, 150, 316, 474, 22, 50, 399, 23, 133, 76, 492, 383, 490, 182, 421, 210, 284, 229, 227, 156, 267, 276, 17, 331, 383, 171, 68, 322, 183, 215]
Tree:
None
Fitness on 5000 data:
-7.052754797553538

Fitness:
-6.784507541819752