Generation:
500

Phenotype:
skill1 = uniform([10, 15.6], 1);
skill2 = uniform([21, 9], 2)  - uniform([3, 7], 4);
if skill1-skill2 > 0 { 
  p1wins = 1.0;
 } else { 
   p1wins = 0.0; 
 } end if;

Genotype:
[258, 416, 50, 213, 213, 186, 300, 18, 10, 251, 418, 428, 28, 384, 302, 238, 244, 371, 453, 302, 238, 244, 62, 437, 396, 62, 437, 396, 177, 451, 47, 268, 128, 92, 223, 490, 250, 397, 226, 107, 244, 62, 384, 302, 238, 244, 62, 451, 47, 268, 164, 287, 223, 490, 250, 397, 226, 186, 244, 62, 384, 302, 238, 244, 371, 384, 302, 238, 214, 162, 384, 302, 238, 244, 235, 487, 380, 92, 223, 490, 250, 309, 75, 47, 268, 361, 28, 169, 186, 75, 47, 268, 361, 28, 33, 202, 428, 301, 422, 356, 14, 250, 120, 75, 47, 268, 361, 28, 121, 202, 428, 301, 327, 122, 474, 136, 479, 73, 311, 482, 391, 134, 411, 257, 480, 149, 427, 331, 249, 42, 45, 424, 27, 418, 197, 207, 268, 44]
Tree:
None
Fitness on 5000 data:
-5.905601270830848

Fitness:
-5.620526683882047