Generation:
500

Phenotype:
mu = 8  * uniform([0, 5], 1); 
sigma = uniform([1, 3], 1);
x = 0  - uniform([7, 4], 4);
x = gm([18.9, 22.3, 3.6]);

Genotype:
[55, 354, 241, 256, 488, 248, 208, 292, 300, 387, 420, 422, 497, 18, 110, 248, 470, 347, 300, 124, 261, 32, 7, 208, 264, 275, 282, 456, 43, 300, 387, 390, 368, 357, 208, 479, 275, 282, 500, 248, 208, 292, 300, 387, 420, 422, 497, 488, 248, 208, 292, 300, 387, 18, 110, 248, 470, 347, 300, 124, 390, 32, 43, 462, 395, 323, 182, 134, 272, 308, 256, 488, 248, 208, 292, 173, 387, 420, 467, 497, 370, 488, 248, 134, 272, 308, 194, 194, 262, 9, 260, 382, 228, 265, 465, 163, 267, 260, 382, 228, 265, 465, 163, 267, 368, 493, 300, 387, 274, 212, 355, 32, 69, 422, 371, 197, 170, 2, 225, 172, 261, 291, 276, 114, 238, 476, 48, 162, 432, 79, 217, 124, 111, 426, 290, 75, 326, 327, 338, 199, 335, 182, 330, 495, 86, 471, 107, 240, 414, 4, 456, 151, 150, 240, 265, 412, 192, 451, 231, 60, 331, 493, 475, 381, 155, 150, 412, 221, 438, 53, 251, 197, 184, 96, 318, 83, 325]
Tree:
None
Fitness on 5000 data:
-7.949861432554603

Fitness:
-7.335801227744023