Generation:
500

Phenotype:
skill2 = 5  * p1wins + 3;
skill1 = bern(0.9)  - 22 * 3;
if skill2 != 18 { 
   skill1 = 3 * 19  - 20; 
 } else { 
   p1wins = 3  - 3  * bern(0.2);
  skill1 = 6  - 4; 
 } end if;
skill2 = uniform([20, 15.1], 3)  - 8;
skill1 = 4  * uniform([3, 4], 1);
if skill1-skill2 > 0 { 
  p1wins = 1.0;
 } else { 
   p1wins = 0.0; 
 } end if;

Genotype:
[320, 50, 448, 392, 94, 499, 376, 284, 120, 287, 332, 208, 499, 19, 284, 120, 237, 206, 354, 123, 287, 332, 431, 270, 499, 19, 468, 499, 19, 18, 468, 376, 284, 120, 287, 332, 471, 499, 19, 284, 120, 237, 206, 476, 123, 287, 332, 431, 208, 499, 19, 468, 499, 19, 18, 468, 120, 312, 176, 476, 104, 471, 206, 476, 97, 287, 332, 256, 391, 236, 129, 338, 206, 379, 201, 351, 122, 401, 280, 380, 471, 186, 223, 12, 18, 364, 221, 106, 468, 208, 237, 176, 163, 452, 6, 35, 338, 482, 483, 198, 140, 215, 483, 198, 140, 215, 83, 310, 432, 142, 60, 452, 281, 294, 220, 472, 357, 356, 92, 388, 347, 122, 401, 280, 380, 471, 186, 252, 291, 287, 364, 221, 106, 468, 208, 237, 176, 163, 452, 6, 237, 176, 476, 104, 287, 332, 471, 499, 19, 284, 120, 237, 206, 476, 123, 287, 398, 208, 237, 176, 176, 476, 221, 314, 175, 499, 19, 468, 120, 237, 176, 476, 104, 287, 395, 471, 499, 19, 284, 120, 237, 206, 476, 123, 287, 332, 256, 391, 236, 129, 221, 106, 468, 208, 237, 176, 163, 452, 6, 35, 338, 482, 483, 198, 140, 215, 483, 198, 140, 215, 83, 310, 432, 468, 208, 237, 176, 176, 476, 221, 314, 175, 499, 19, 468, 120, 237, 176, 476, 104, 287, 332, 176, 476, 221, 314, 128, 499, 19, 468, 120, 476, 104, 287, 332, 468, 208, 237, 176, 176, 476, 221, 314, 175, 499, 19, 468, 120, 237, 176, 476, 104, 287, 332, 471, 499, 19, 284, 120, 237, 206, 476, 123, 287, 332, 256, 391, 236, 129, 338, 206, 379, 201, 351, 122, 401, 280, 380, 471, 186, 67, 12, 18, 364, 176, 476, 221, 314, 175, 499, 19, 156, 18, 207, 168, 499, 19, 468, 208, 94, 361, 106, 499, 19, 361, 62, 202, 176, 390, 361, 176, 89, 400, 287, 409, 58, 153, 468, 361, 106, 479, 38, 468, 208, 237, 176, 176, 476, 221, 314, 175, 499, 19, 468, 120, 237, 176, 476, 104, 287, 332, 471, 499, 19, 284, 120, 237, 206, 476, 123, 287, 332, 256, 391, 236, 129, 338, 206, 379, 201, 351, 122, 401, 280, 380, 471, 186, 252, 12, 332, 471, 499, 438, 82, 476, 104, 287, 332, 351, 499, 468, 449, 94, 361, 228, 125, 168, 499, 19, 120, 237, 176, 476, 104, 19, 120, 237, 176, 476, 440, 287, 332, 471, 407, 19, 284, 120, 237, 206, 476, 123, 287, 332, 256, 391, 236, 129, 338, 206, 379, 201, 351, 122, 401, 280, 380, 471, 428, 67, 12, 18, 364, 221, 106, 468, 208, 237, 269, 163, 452, 6, 35, 338, 482, 483, 198, 140, 215, 483, 198, 140, 215, 83, 310, 432, 142, 60, 452, 281, 294, 220, 472, 357, 356, 92, 388, 347]
Tree:
None
Fitness on 5000 data:
-5.961582322543252

Fitness:
-5.641484893065563