Generation:
500

Phenotype:
sigma = 1  * gm([3, 5.4, 12], [3.8, 4, 1], [24.5, 1.2, 1.2]);
mu = 22  * gm([16, 17, 8.9], [15, 2, 3]) + 25  * x;
mu = sigma + uniform([12, 13.2], 3);
 x = sigma * gm([1,1,1]);
x = x + mu;

Genotype:
[444, 478, 186, 468, 196, 444, 496, 156, 271, 443, 138, 220, 463, 67, 174, 146, 74, 345, 99, 375, 295, 44, 345, 250, 1, 188, 309, 241, 364, 467, 156, 271, 15, 280, 1, 188, 309, 186, 199, 496, 363, 271, 241, 402, 233, 396, 110, 139, 287, 467, 44, 158, 139, 444, 467, 44, 158, 187, 397, 87, 296, 192, 460, 330, 267, 334, 174, 354, 304, 186, 347, 353, 419, 44, 262, 74, 241, 308, 233, 396, 110, 139, 165, 467, 44, 387, 356, 353, 419, 200, 139, 444, 467, 29, 158, 187, 139, 444, 467, 29, 158, 187, 434, 249, 296, 192, 460, 332, 3, 334, 174, 354, 304, 387, 356, 353, 419, 200, 345, 181, 183, 250, 1, 188, 309, 186, 199, 84, 177, 89, 238, 474, 266, 196, 266, 444, 424, 233, 396, 110, 107, 198, 497, 241, 44, 23, 211, 35, 345, 400, 26, 290, 177, 89, 121]
Tree:
None
Fitness on 5000 data:
-6.5511677278132545

Fitness:
-6.237960057481132