Generation:
500

Phenotype:
burglary=1  - 1; 
 earthquake=burglary; 
 alarm=1 + earthquake; 
 johncalls=earthquake  - 0; 
 earthquake = burglary  - burglary;
if alarm + bern(0.1) + bern(0.1) < 1 { 
   earthquake = bern(0.1); 
 } else { 
   alarm = 0  - alarm; 
 } end if;
alarm = bern(0.6);
alarm = burglary;
burglary = burglary  - alarm;

Genotype:
[359, 338, 179, 491, 223, 203, 120, 494, 16, 332, 463, 119, 223, 124, 414, 9, 173, 432, 174, 21, 45, 176, 279, 124, 316, 9, 185, 432, 174, 120, 494, 16, 332, 463, 119, 223, 124, 414, 9, 185, 432, 174, 177, 45, 176, 279, 124, 316, 9, 185, 432, 174, 177, 45, 20, 332, 90, 302, 197, 245, 428, 302, 300, 234, 332, 49, 302, 441, 332, 49, 302, 9, 442, 386, 10, 432, 366, 208, 120, 312, 382, 410, 144, 404, 344, 182, 468, 78, 468, 78, 20, 254, 84, 55, 396, 91, 442, 88, 352, 245, 461, 181, 298, 245, 306, 142, 456, 53, 315, 390, 339, 127, 438, 181, 267, 343, 490, 197, 4, 123, 496, 88, 251, 45, 14, 80, 307, 88, 72, 262, 222, 164, 64, 14, 109, 444, 3, 270, 277, 393, 254, 153, 321, 96, 48, 276, 264, 230, 370, 244, 16, 283, 393, 173, 167, 355, 479, 239, 349, 183, 386, 14, 231, 414, 86, 149, 219, 275, 352, 4, 321, 347, 143]
Tree:
None
Fitness on 5000 data:
-inf

Fitness:
2.2204460492503128e-16