Generation:
500

Phenotype:
v = w + 1;
v = 0 + bern(0.9);
u = 1  - bern(0.6);
u = v;
u = bern(0.3) + w;
x = bern(0.1) + w;
w = x; 
  if u == 1 { 
       if w == 1{ 
             x = gm([0.8, 1, 0], [0.2, 0, 0]); 
       } else { 
             x = gm([0.2, 1, 0], [0.8, 0, 0]); 
       } end if; 
 } else { 
       if v == 1{ 
             x = gm([0.8, 1, 0], [0.2, 0, 0]); 
       } else { 
             x = gm([0.2, 1, 0], [0.8, 0, 0]); 
       } end if; 
 } end if;

Genotype:
[448, 303, 300, 317, 145, 487, 284, 300, 62, 487, 119, 230, 258, 321, 259, 287, 294, 496, 329, 224, 114, 0, 492, 392, 453, 353, 80, 453, 140, 487, 284, 79, 16, 294, 294, 496, 329, 224, 114, 0, 487, 392, 453, 353, 198, 242, 234, 172, 56, 427, 196, 284, 259, 108, 416, 224, 446, 356, 126, 259, 366, 3, 54, 94, 3, 87, 294, 496, 416, 224, 446, 356, 284, 447, 468, 82, 172, 439, 243, 357, 476, 436, 496, 6, 67, 32, 286, 64, 116, 494, 296, 288, 222, 400, 362, 477, 123, 363, 4, 351, 367, 444, 20, 2, 298, 51, 225, 392, 184, 82, 208, 285, 471, 110, 138, 454, 354, 259, 299, 331, 14, 475, 99, 395, 5, 373, 17, 293, 300, 322, 137, 106, 118, 194, 412, 247, 438, 280, 98, 34, 24, 236, 269, 149, 8, 33, 358, 278, 247, 475, 95, 77, 241, 90, 274, 388, 92, 236, 236, 329, 336, 325, 478, 138, 457, 163, 162, 23, 455, 460, 251, 370, 484, 96, 452, 478, 83, 253, 494, 416, 382, 17, 293, 33]
Tree:
None
Fitness on 5000 data:
-1.873964529095279

Fitness:
-1.493640389476306