Generation:
500

Phenotype:
skill1 = uniform([8, 20.2], 1); 
skill2 = gm([4, 20.1, 4]) + bern(0.3); 
if p1wins == 30 { 
  p1wins = 27 + uniform([29, 11.8], 4);
 } else { 
  p1wins = bern(0.4); 
 } end if;

Genotype:
[152, 78, 12, 410, 132, 123, 20, 487, 260, 124, 456, 361, 126, 410, 190, 55, 237, 180, 126, 407, 78, 499, 263, 180, 293, 124, 340, 361, 224, 92, 182, 315, 126, 215, 189, 73, 466, 199, 27, 228, 419, 129, 466, 182, 315, 20, 442, 494, 34, 494, 36, 179, 213, 435, 228, 385, 351, 214, 334, 293, 197, 237, 347, 53, 316, 479, 174, 309, 459, 53, 390, 453, 340, 234, 175, 327, 240, 416, 11, 453, 262, 432, 449, 95, 462, 433, 286, 256, 46, 187, 61, 200, 54, 402, 282, 278, 14, 205, 169, 124, 339, 236, 52, 300, 348, 201, 127, 204, 156, 264, 420, 247, 213, 362, 181, 145, 162, 184, 69, 132, 114]
Tree:
None
Fitness on 5000 data:
-6.653292697568876

Fitness:
-6.300014634728714