Generation:
500

Phenotype:
u = bern(0.3)  - bern(0.2); 
v = uniform([29, 6], 1)  - uniform([19, 6], 1); 
w = v  - 12  * v;
w = 24  - 29 * 5;
w = 18  * v + bern(0.6);
w = gm([6.6, 6, 2.1]);;

Genotype:
[234, 293, 195, 183, 380, 165, 479, 316, 398, 204, 130, 308, 394, 149, 464, 447, 290, 81, 400, 347, 420, 140, 450, 316, 379, 64, 384, 272, 178, 31, 112, 476, 32, 212, 149, 426, 86, 290, 115, 432, 439, 312, 289, 419, 190, 379, 80, 440, 394, 273, 299, 239, 81, 408, 405, 353, 45, 150, 409, 464, 447, 471, 140, 450, 316, 379, 64, 198, 272, 255, 31, 112, 476, 32, 212, 149, 426, 86, 290, 115, 432, 439, 312, 289, 419, 190, 379, 80, 440, 272, 255, 28, 112, 476, 32, 212, 137, 41, 354, 147, 464, 447, 290, 81, 400, 239, 81, 408, 314, 353, 45, 336, 409, 464, 447, 137, 41, 275, 408, 193, 292, 262, 239, 294, 218, 132, 131, 144, 401, 483, 158, 274, 479, 449, 398, 204, 130, 227, 41, 275, 408, 193, 235, 387, 150, 20, 446, 210, 400, 332, 225, 398, 379]
Tree:
None
Fitness on 5000 data:
-5.263696754187881

Fitness:
-4.868009395236192