Generation:
500

Phenotype:
v = 1  * uniform([5, 9.7], 1);
u = 25 * 24;
u = bern(0.2)  - 21  * gm([4, 22, 23.3], [26, 24, 17.9]);
w = uniform([14, 3.2], 3)  - 1  * uniform([5, 8], 1);
u = bern(0.3);;

Genotype:
[369, 151, 56, 424, 409, 108, 238, 311, 430, 470, 261, 288, 285, 280, 326, 243, 240, 84, 206, 335, 180, 272, 349, 440, 428, 258, 2, 138, 327, 316, 235, 238, 285, 95, 288, 159, 384, 177, 243, 240, 488, 280, 326, 243, 240, 55, 19, 327, 296, 272, 349, 440, 428, 258, 2, 138, 95, 344, 235, 238, 238, 311, 430, 470, 470, 430, 288, 159, 494, 305, 243, 285, 84, 335, 335, 72, 272, 349, 71, 95, 430, 280, 281, 280, 228, 243, 240, 84, 335, 335, 72, 366, 349, 71, 101, 399, 425, 277, 430, 470, 95, 190, 280, 151, 56, 123, 322, 430, 197, 95, 430, 280, 281, 280, 228, 243, 240, 84, 335, 335, 72, 366, 238, 131, 430, 197, 95, 430, 280, 59, 280, 203, 243, 240, 84, 335, 335, 72, 366, 349, 71, 66, 258, 2, 138, 366, 349, 239, 106, 430, 346, 106, 430, 451, 296, 443, 131, 238, 49, 72, 326, 266, 143, 250, 179, 484]
Tree:
None
Fitness on 5000 data:
-5.187155589713879

Fitness:
-4.840935832008418