Generation:
500

Phenotype:
preplevel = damage;
preplevel = preplevel;
preplevel = gm([0.8, 0, 0], [0.3, 1, 0], [0.4, 2, 0]);
damage = gm([0.3, 0, 0], [0.4, 1, 0]);
preplevel = preplevel + preplevel;

Genotype:
[173, 203, 368, 489, 346, 446, 92, 444, 27, 258, 260, 286, 78, 50, 316, 368, 173, 300, 478, 350, 446, 266, 346, 219, 196, 47, 462, 446, 20, 155, 262, 32, 302, 26, 92, 444, 27, 446, 400, 20, 155, 192, 32, 302, 424, 92, 444, 489, 300, 173, 300, 478, 350, 446, 171, 240, 346, 299, 372, 141, 173, 217, 424, 92, 444, 27, 258, 260, 286, 78, 50, 316, 368, 173, 300, 478, 350, 446, 171, 240, 346, 299, 372, 141, 173, 217, 258, 350, 346, 60, 105, 6, 32, 326, 370, 446, 20, 155, 262, 250, 342]
Tree:
None
Fitness on 5000 data:
-1.6583657372089624

Fitness:
-1.5880086516301606