Generation:
500

Phenotype:
a = 11  - gm([0, 16.2, 19], [25.9, 10, 1.6]); 
if a < 0 { 
  b = 3 * a + gm([1,0.,1.]); 
 } else { 
  b = gm([1,8.,1.]); 
 } end if;

Genotype:
[132, 294, 254, 228, 66, 353, 170, 292, 476, 423, 112, 447, 14, 155, 213, 233, 262, 204, 143, 336, 131, 366, 98, 30, 72, 237, 342, 410, 39, 482, 354, 300, 369, 491, 362, 155, 449, 487, 459, 148, 85, 258, 321, 306, 229, 234, 65, 218, 280, 266, 178, 386, 203, 321, 237, 342, 407, 39, 482, 354, 300, 300, 491, 362, 155, 449, 487, 459, 148, 85, 258, 321, 306, 229, 234, 65, 218, 280, 266, 167, 386, 203, 431, 257, 59, 163, 25, 394, 181, 366, 149, 489, 356, 73, 103, 123, 490, 262, 96, 142, 341, 174, 110, 358, 365, 72, 419, 188, 151, 418, 422, 160, 424]
Tree:
None
Fitness on 5000 data:
-3.5372552241979953

Fitness:
-3.377259991780673