Generation:
500

Phenotype:
mu = uniform([9, 18.6], 1) + x;
sigma = 29 * 13 + 3  * mu;
sigma = gm([12.4, 4.3, 4])  - x;
x = uniform([9, 14.7], 1) + 5;

Genotype:
[360, 82, 454, 341, 399, 277, 411, 365, 164, 465, 173, 113, 244, 237, 186, 224, 58, 389, 364, 247, 434, 247, 401, 261, 253, 34, 270, 462, 428, 144, 180, 67, 203, 309, 376, 452, 191, 446, 408, 309, 376, 191, 446, 345, 354, 189, 131, 228, 114, 47, 257, 418, 147, 326, 288, 455, 138, 141, 272, 194, 58, 253, 367, 270, 186, 294, 136, 114, 47, 257, 217, 147, 326, 426, 79, 441, 185, 481, 376, 394, 227, 98, 345, 495, 186, 131, 228, 152, 414, 331, 391, 300, 45, 19, 426, 79, 48, 272, 4, 456, 138, 291, 206, 311, 451, 81, 494, 370, 175, 384, 343, 138, 300, 222, 294, 435, 285, 346, 299, 196, 50, 263, 428, 213, 19, 33, 80, 138, 452, 294, 90, 434, 239, 401, 442, 253, 367, 81, 494, 370, 175, 384, 74, 138, 300, 222, 294, 435, 285, 346, 299, 196, 50, 263, 428, 213, 19, 33, 80, 138, 452, 294, 90, 434, 239, 401, 442, 253, 367, 418, 147, 326, 10, 455, 138, 141, 272, 194, 58, 253, 367, 270, 186, 294, 136, 114, 47, 257, 217, 147, 326, 426, 79, 441, 185, 481, 376, 394, 227, 98, 345, 495, 186, 131, 228, 152, 414, 331, 391, 300, 45, 19, 426, 79, 48, 272, 4, 456, 138, 291, 206, 311, 451, 81, 494, 370, 175, 384, 343, 138, 300, 222, 294, 435, 285, 346, 299, 196, 50, 263, 428, 213, 19, 33, 80, 138, 452, 294, 90, 434, 239, 401, 442, 253, 367, 81, 494, 370, 175, 384, 74, 138, 300, 222, 294, 435, 285, 346, 299, 196, 50, 263, 428, 213, 19, 33, 80, 138, 452, 294, 90, 434, 239, 401, 442, 253, 367, 119]
Tree:
None
Fitness on 5000 data:
-7.947664608970626

Fitness:
-8.018875547214728