Generation:
500

Phenotype:
u = bern(0.2)  - 0; 
 v = bern(0.7); 
 w = 1  - bern(0.9); 
  if bern(0.8) + bern(0.3) <= 1 { 
       if u != 0{ 
             x = 0  - 0; 
       } else { 
             x = 1; 
       } end if; 
 } else { 
       if bern(0.3) + x + bern(0.3) >= 1{ 
             x = 0 + 1; 
       } else { 
             x = x + 0; 
       } end if; 
 } end if;

Genotype:
[88, 323, 182, 445, 109, 431, 98, 90, 210, 445, 447, 389, 341, 21, 326, 109, 431, 447, 349, 341, 61, 448, 299, 461, 437, 277, 254, 448, 299, 396, 5, 419, 30, 377, 48, 210, 445, 447, 389, 341, 61, 326, 109, 30, 199, 48, 447, 389, 58, 61, 466, 371, 354, 455, 69, 319, 182, 272, 431, 419, 202, 207, 48, 447, 389, 299, 396, 5, 419, 30, 377, 48, 447, 303, 341, 134, 466, 371, 354, 50, 437, 445, 447, 389, 341, 422, 252, 482, 171, 169, 98, 90, 210, 445, 447, 389, 341, 279, 466, 111, 283, 165, 69, 171, 389, 341, 343, 466, 79, 285, 373, 436, 179, 361, 109, 455, 69, 254, 448, 299, 50, 437, 391, 254, 448, 299, 396, 431, 419, 30, 207, 48, 79, 285, 373, 436, 179, 361, 109, 431, 141, 227, 365, 416, 274, 373, 436, 179, 361, 109, 431, 141, 227, 365, 155, 240, 437, 103, 430, 334, 132, 56, 48, 403, 484, 69, 329, 445, 432, 155, 238, 143, 200, 240, 31, 273, 306, 201, 97, 247, 130, 230, 254, 326, 339, 110, 489, 361, 242, 491, 425, 70, 469, 143, 234, 414, 223, 176, 83, 144, 449, 299, 353, 449, 299, 353, 264, 320, 92, 228, 239, 486, 437, 359, 316, 66, 163, 445, 70, 436, 182, 50, 426, 33, 428, 454, 227, 365, 416, 274, 229, 325, 485, 191, 75, 228, 480, 183, 421, 314, 99, 377, 116, 207, 325, 171, 424, 373, 139, 383, 207, 18, 436, 206, 265, 30, 57, 95, 447, 411, 261, 149, 422, 132, 382, 143, 200, 231, 256, 46, 26, 205, 250, 320, 444, 115, 35, 127, 55, 98, 261, 149, 422, 132, 382, 143, 155, 240, 437, 143, 237, 176, 79, 285, 373, 436, 238, 265, 30, 204, 95, 447, 411, 304, 435, 412]
Tree:
None
Fitness on 5000 data:
-1.9078277673953323

Fitness:
-1.6053863470933663