Generation:
500

Phenotype:
u = v + bern(0.4); 
 v = bern(0.8)  - x; 
 w = 1  - bern(0.8); 
  if bern(0.6) + bern(0.5) + bern(0.9) >= 1 { 
       if u == 1{ 
             x = 1  - bern(0.8); 
       } else { 
             x = bern(0.8); 
       } end if; 
 } else { 
       if bern(0.3) + bern(0.9) + v + bern(0.9) >= 1{ 
             x = x + 1; 
       } else { 
             x = bern(0.9)  - 1; 
       } end if; 
 } end if;

Genotype:
[308, 418, 178, 262, 105, 82, 35, 147, 89, 146, 449, 106, 108, 210, 303, 218, 169, 189, 338, 33, 376, 321, 183, 297, 410, 33, 267, 445, 122, 147, 89, 146, 47, 106, 108, 284, 477, 179, 445, 89, 422, 351, 106, 189, 386, 33, 376, 321, 323, 325, 389, 147, 89, 422, 299, 106, 189, 122, 147, 89, 146, 47, 106, 108, 284, 51, 179, 445, 89, 422, 189, 35, 147, 89, 146, 449, 106, 108, 284, 33, 376, 321, 183, 297, 410, 33, 267, 445, 122, 147, 89, 146, 47, 106, 108, 284, 51, 179, 445, 89, 422, 299, 106, 189, 386, 33, 376, 321, 323, 325, 410, 33, 147, 89, 297, 410, 33, 267, 445, 122, 147, 89, 146, 218, 169, 189, 338, 33, 376, 321, 179, 297, 410, 33, 267, 445, 174, 147, 89, 146, 47, 106, 108, 284, 51, 179, 147, 249, 422, 47, 106, 189, 386, 284, 51, 179, 147, 89, 422, 47, 106, 189, 386, 33, 376, 321, 323, 183, 410, 33, 139, 46, 33, 376, 65, 46, 174, 249, 453, 485, 286, 246, 492, 452, 430, 211, 416, 419, 430, 211, 33, 120, 417, 286, 46, 33, 376, 65, 46, 174, 249, 453, 211, 286, 246, 492, 452, 430, 211, 416, 419, 430, 211, 33, 120, 417, 286, 376, 321, 312, 282, 60, 410, 322, 447, 249, 496, 386, 33, 376, 321, 323, 200, 410, 33, 65, 46, 174, 249, 143, 177, 192, 489, 495, 13, 175, 129, 348, 458, 495, 499, 214, 203, 281, 208, 438, 492, 452, 430, 211, 416, 195, 290, 461, 201, 137, 368, 341, 283, 168, 417, 416, 195, 290, 461, 201, 137, 315, 262, 250, 217, 443, 299, 452, 205, 475, 135, 469, 333, 457, 18, 146, 315, 120, 233, 1, 458, 295, 331, 218, 3, 129, 18, 146, 315, 120, 233, 11, 492, 419, 430, 211, 33, 120, 202, 372, 361, 234, 418, 159, 28, 461, 201, 137, 368, 341, 283, 407, 1, 69, 1, 401, 150, 127, 280, 474, 436, 195, 177, 192, 489, 495, 13, 175, 129, 348, 390, 495, 499, 214, 203, 281, 208, 438, 492, 452, 430, 211, 33, 168, 417, 416, 195, 290, 461, 201, 137, 315, 262, 250, 217, 443, 133, 452, 205, 475, 14, 317, 147, 224, 173, 151, 337, 197, 49, 144, 98, 224, 393, 102, 282, 339, 354, 91, 349, 280, 391, 115, 471, 378, 186, 344, 489, 37, 27, 102, 71, 119, 256, 111, 221, 362, 474, 470, 487, 321]
Tree:
None
Fitness on 5000 data:
-1.8888549250743971

Fitness:
-1.6152688469726875