Generation:
500

Phenotype:
a = gm([19.8, 1, 1.7], [4, 6.6, 1])  - a; 
if 15 * a + 17 * b + gm([18, 1, 15], [29, 11, 1], [15.7, 11.1, 21]) >= 7 { 
  b = gm([18.7, 7.5, 1]); 
 } else { 
  b = a + gm([21.9, 4, 7.7]); 
 } end if;

Genotype:
[48, 155, 102, 178, 325, 351, 174, 421, 286, 32, 119, 32, 6, 426, 72, 345, 339, 6, 14, 202, 404, 321, 279, 252, 339, 301, 445, 325, 351, 174, 63, 85, 389, 252, 17, 356, 218, 244, 63, 174, 421, 410, 63, 32, 325, 351, 174, 339, 410, 445, 194, 218, 244, 63, 294, 456, 111, 259, 252, 456, 238, 342, 100, 345, 51, 100, 150, 9, 111, 483, 421, 410, 400, 194, 218, 244, 63, 294, 456, 111, 259, 252, 465, 238, 395, 100, 345, 51, 100, 150, 267, 111, 259, 252, 137, 140, 469, 390, 316, 47, 390, 207, 380, 174, 421, 410, 100, 345, 51, 294, 113, 111, 259, 252, 456, 238, 318, 100, 345, 51, 294, 456, 111, 259, 111, 259, 252, 456, 238, 342, 100, 345, 51, 100, 150, 9, 111, 174, 421, 410, 445, 194, 218, 244, 63, 294, 456, 111, 259, 252, 465, 238, 395, 100, 345, 51, 100, 150, 267, 111, 259, 252, 137, 140, 469, 390, 316, 47, 390, 207]
Tree:
None
Fitness on 5000 data:
-4.4765864255717345

Fitness:
-4.116781801170222