Generation:
500

Phenotype:
preplevel = gm([0.9, 0, 0], [0.3, 1, 0], [0.6, 2, 0]) + 0; 
  if gm([0.4, 0, 0], [0.9, 1, 0], [0.8, 2, 0]) + gm([0.5, 0, 0], [0.5, 1, 0]) + preplevel <= 3 { 
       damage = gm([0.2, 0, 0], [0.5, 1, 0]); 
 } else { 
       if preplevel != 0 { 
             damage = gm([0.5, 0, 0], [0.2, 1, 0]); 
       } else { 
             damage = 2; 
       } end if; 
 } end if;

Genotype:
[435, 353, 404, 257, 233, 350, 2, 464, 149, 480, 301, 343, 407, 355, 327, 377, 16, 469, 159, 388, 301, 220, 420, 8, 312, 409, 153, 380, 200, 34, 110, 37, 220, 420, 8, 233, 350, 84, 464, 429, 480, 301, 343, 498, 355, 162, 249, 16, 469, 159, 388, 204, 220, 420, 8, 64, 409, 153, 380, 200, 34, 110, 37, 480, 301, 24, 37, 480, 301, 7, 159, 388, 204, 220, 420, 8, 64, 409, 153, 380, 200, 34, 110, 37, 480, 301, 343, 294, 241, 380, 204, 76, 420, 353, 444, 257, 247, 350, 246, 24, 37, 480, 293, 112, 191, 50, 327, 10, 476, 64, 153, 421, 353, 404, 257, 247, 350, 84, 110, 37, 480, 301, 343, 87, 355, 490, 110, 37, 480, 107, 343, 87, 355, 173, 149, 40, 445, 238, 485, 397, 166, 238, 45, 363, 263, 70, 55, 48, 319, 414, 94, 475, 171, 347, 139, 219, 82, 455, 487, 228, 388, 344, 251, 266, 168, 316, 59, 150, 289, 244, 179, 359, 382, 495, 73, 495]
Tree:
None
Fitness on 5000 data:
-1.5894910376810494

Fitness:
-1.4229490924572956