Generation:
500

Phenotype:
a = 1  * uniform([0, 6], 1); 
if b == 27 { 
  b = 15; 
 } else { 
  b = gm([12.1, 8.5, 2], [0, 15, 14.8], [6, 1.8, 9], [0, 23.5, 16.5]); 
 } end if;

Genotype:
[340, 48, 226, 63, 8, 186, 374, 77, 332, 88, 139, 210, 430, 213, 452, 328, 139, 453, 417, 25, 313, 229, 43, 162, 481, 473, 40, 108, 405, 63, 8, 186, 328, 232, 453, 417, 25, 89, 136, 68, 449, 404, 88, 356, 164, 412, 366, 279, 15, 457, 220, 443, 233, 418, 271, 232, 124, 475, 61, 268, 196, 463, 0, 379, 296, 158, 28, 383, 449, 410, 59, 138, 37, 461, 57, 445, 246, 337, 267, 368, 65, 277, 386, 143, 174, 164, 292, 328, 376, 453, 417, 25, 89, 229, 43, 142, 426, 183, 245, 3, 216, 452, 169, 285, 42, 4, 311, 328, 376, 453, 417, 25, 89, 229, 43, 142, 426, 183, 245, 3, 216, 452, 169, 285, 42, 4, 311, 290, 213, 429, 447, 107, 468, 42, 145, 25, 181, 149, 87, 431, 165, 99, 245, 279, 251]
Tree:
None
Fitness on 5000 data:
-5.273494142212956

Fitness:
-4.826873129600282