Generation:
500

Phenotype:
mu = gm([22, 20, 1.8], [19, 25, 8]); 
sigma = uniform([12, 5], 1)  - 13;
x = 27  * uniform([24, 11.8], 1)  - gm([18.2, 23.2, 18.2]);
x = mu + gm([2, 3, 3.1]);

Genotype:
[128, 42, 246, 190, 201, 42, 208, 140, 206, 231, 1, 250, 16, 304, 50, 428, 273, 298, 101, 305, 24, 434, 353, 96, 382, 76, 320, 78, 75, 245, 298, 430, 305, 24, 281, 42, 367, 364, 39, 85, 146, 445, 142, 352, 481, 85, 343, 123, 142, 352, 232, 9, 489, 351, 90, 466, 442, 290, 436, 366, 468, 487, 3, 189, 399, 319, 335, 414, 6, 192, 349, 308, 220, 87, 240, 470, 329, 357, 455, 37, 271, 297, 37, 228, 304, 381, 428, 43, 298, 103, 269, 292, 339, 479, 411, 403, 116, 140, 258, 270, 432, 56, 226, 302, 361, 311, 77, 260, 211, 188, 469, 258, 474, 384, 419, 434, 453, 448, 135]
Tree:
None
Fitness on 5000 data:
-6.838788185981829

Fitness:
-6.461100159533703