Generation:
500

Phenotype:
burglary=burglary  - johncalls; 
 earthquake=johncalls + 0; 
 alarm=0; 
 johncalls=bern(0.8) + 1; 
 johncalls = burglary;

Genotype:
[458, 68, 496, 280, 268, 48, 296, 419, 277, 326, 392, 331, 85, 64, 321, 3, 20, 481, 128, 119, 385, 379, 373, 64, 418, 202, 255, 264, 72, 302, 20, 264, 128, 76, 353, 114, 134, 259, 102, 285, 180, 482, 142, 355, 225, 125, 438, 64, 410, 472, 217, 4, 480, 2, 458, 286, 213, 259, 319, 258, 308, 6, 320, 323, 164, 169, 158, 259, 321, 86, 394, 352, 456, 70, 330, 97, 34, 314, 331, 304, 217, 467, 139, 461, 113, 107, 458, 290, 112, 323, 91, 159, 368, 86, 242, 383, 110, 50, 21, 333, 164, 353, 114, 413, 453, 102, 285, 256, 482, 142, 355, 225, 125, 438, 64, 410, 472, 217, 4, 480, 2, 458, 300, 213, 259, 319, 258, 308, 6, 320, 323, 164, 169, 158, 376, 321, 86, 394, 352, 456, 70, 330, 97, 34, 21, 195, 250, 128, 108, 15, 143, 181, 320]
Tree:
None
Fitness on 5000 data:
-inf

Fitness:
0.0