Generation:
500

Phenotype:
u = 1  * bern(0.4); 
v = bern(0.1)  - 24; 
w = gm([12.2, 7.1, 2]);
v = uniform([8, 5], 1);;

Genotype:
[404, 15, 349, 404, 139, 66, 263, 108, 63, 315, 278, 30, 396, 492, 255, 317, 32, 495, 136, 406, 287, 379, 225, 24, 343, 63, 292, 68, 292, 12, 225, 30, 473, 342, 292, 68, 292, 12, 225, 30, 473, 303, 255, 342, 292, 356, 383, 325, 70, 97, 255, 317, 32, 15, 43, 404, 414, 151, 292, 350, 292, 12, 255, 317, 32, 495, 366, 339, 393, 339, 393, 277, 306, 24, 479, 342, 30, 396, 303, 255, 151, 460, 225, 261, 21, 340, 346, 421, 378, 21, 421, 378, 426, 496, 479, 342, 292, 414, 151, 304, 127, 62, 420, 128, 368, 119, 474, 477, 151, 410, 97, 285, 8, 226, 43, 225, 249, 331, 466, 56, 357, 434, 377, 478, 253, 2, 356, 391, 127, 70, 150, 215, 26, 357, 405, 234, 33, 20, 191, 399, 317, 34, 180, 279, 125, 444, 155, 210, 325, 251, 304, 362, 489, 483, 285, 454, 337, 70, 212, 296, 226, 33, 128, 33, 479, 432, 17, 108, 418, 333, 264, 228, 456, 351, 300, 336, 71, 302, 93, 375, 393, 258, 129, 71, 302, 93, 375, 393, 12, 129, 356, 457, 215, 169, 428, 275, 442, 400, 96, 338, 191, 338, 318, 316, 317, 8, 226, 43, 225, 249, 331, 466, 56, 357, 434, 377, 478, 253, 2, 356, 391, 127, 70, 150, 215, 26, 357, 405, 234, 33, 20, 191, 399, 317, 34, 180, 279, 125, 444, 155, 210, 325, 251, 304, 362, 489, 483, 285, 454, 337, 70, 212, 296, 226, 33, 128, 33, 479, 432, 17, 108, 418, 333, 264, 228, 456, 351, 300, 336, 71, 302, 93, 375, 393, 258, 129, 71, 302, 93, 375, 393, 12, 129, 356, 457, 215, 169, 428, 275, 442, 400, 96, 338, 191, 338, 318, 316, 317, 301, 334, 428, 297, 81, 316, 267, 204, 309, 339, 203, 285, 169, 8, 457, 131, 402, 301, 239, 249, 178, 17, 97, 227, 474, 232, 429, 189, 223, 19, 69, 385, 221, 180, 478, 253, 2, 356, 391, 127, 70, 150, 215, 26, 357, 405, 234, 33, 108, 63, 315, 278, 30, 396, 303, 255, 317, 32, 34, 366, 339, 393, 277, 445, 24, 479, 342, 292, 414, 292, 460, 225, 70, 404, 139, 8, 280, 488, 32, 85, 32, 159, 393, 277, 252, 368, 293, 438, 139, 66, 263, 108, 391, 136, 278, 30, 396, 303, 255, 317, 32, 495, 366, 339, 393, 206, 306, 24, 479, 147, 292, 414, 292, 460, 225, 70, 42, 337, 234, 180, 298, 451, 300, 251, 433, 38, 67, 202, 148, 368, 314, 121, 256, 418, 430, 464, 414, 430, 191, 137, 399, 21, 251, 338, 338, 422, 322, 380, 377, 478, 253, 2, 356, 391, 127, 70, 150, 215, 26, 357, 405, 234, 33, 20, 191, 399, 317, 34, 180, 279, 125, 444, 155, 210, 325, 251, 304, 362, 489, 483, 285, 454, 337, 70, 212, 296, 226, 33, 128, 33, 479, 432, 17, 108, 418, 333, 264, 228, 456, 351, 300, 336, 71, 302, 93, 375, 393, 258, 129, 71, 302, 93, 375, 393, 12, 129, 356, 457, 215, 169, 428, 275, 442, 400, 96, 338, 191, 338, 318, 316, 317, 8, 226, 43, 225, 249, 331, 466, 56, 357, 434, 377, 478, 253, 2, 356, 391, 127, 70, 150, 215, 26, 357, 405, 234, 33, 20, 191, 399, 317, 34, 180, 279, 125, 444, 155, 210, 325, 258, 129, 71, 302, 93, 375, 393, 12, 129, 356, 457, 215, 169, 428, 275, 442, 400, 96, 338, 191, 338, 318, 316, 317, 8, 226, 43, 225, 249, 331, 466, 56, 357, 434, 377, 478, 253, 2, 356, 391, 127, 70, 150, 215, 26, 357, 405, 234, 33, 20, 191, 399, 317, 34, 180, 279, 125, 444, 155, 210, 325, 251, 304, 362, 489, 483, 285, 454, 337, 70, 212, 296, 226, 33, 128, 33, 479, 432, 17, 108, 418, 333, 264, 228, 456, 351, 300, 336, 71, 302, 93, 375, 393, 258, 129, 71, 302, 93, 375, 393, 12, 129, 356, 457, 215, 169, 428, 275, 442, 400, 96, 338, 191, 338, 318, 316, 317, 301, 334, 428, 297, 81, 316, 267, 204, 309, 339, 203, 285, 169, 8, 457, 131, 402, 301, 239, 249, 178, 17, 97, 227, 474, 232, 429, 189, 223, 19, 69, 385, 221, 180]
Tree:
None
Fitness on 5000 data:
-5.371273639934029

Fitness:
-4.869905926494989