Generation:
500

Phenotype:
mu = uniform([13, 15.4], 1)  - 3  * x;
sigma = mu  - gm([10, 20.1, 6], [9.8, 16.6, 2.2]);
x = 1  * gm([3, 20.9, 4]);

Genotype:
[132, 379, 366, 209, 387, 251, 393, 197, 323, 99, 294, 327, 452, 13, 220, 126, 317, 208, 126, 316, 17, 462, 165, 378, 294, 76, 491, 314, 289, 365, 299, 306, 318, 130, 126, 79, 40, 277, 137, 16, 77, 181, 467, 478, 408, 416, 359, 254, 396, 424, 373, 361, 208, 452, 34, 325, 361, 17, 462, 500, 65]
Tree:
None
Fitness on 5000 data:
-8.227132668895482

Fitness:
-7.970260233112721