Generation:
500

Phenotype:
mu = 14  * uniform([17, 9], 1)  - sigma; 
sigma = gm([5, 7, 20.8], [27.6, 1.5, 1]); 
x = gm([20, 21.6, 4]);
mu = sigma + gm([19, 20.2, 3]);;

Genotype:
[74, 257, 196, 324, 491, 17, 256, 368, 116, 327, 399, 196, 324, 18, 343, 423, 400, 160, 352, 472, 309, 20, 25, 324, 491, 368, 500, 491, 342, 175, 434, 311, 327, 399, 196, 136, 18, 113, 423, 300, 464, 352, 345, 387, 342, 480, 18, 1, 132, 18, 343, 423, 400, 160, 352, 112, 309, 20, 244, 382, 158, 491, 342, 232, 434, 311, 327, 399, 196, 324, 18, 113, 423, 300, 160, 352, 160, 352, 112, 387, 342, 480, 18, 142, 480, 174, 393, 387, 334, 480, 174, 264, 260, 436, 497, 158, 433, 91, 453, 201, 460, 174, 264, 260, 281, 207, 328, 497, 67, 108, 403, 464, 325, 201, 460, 400, 160, 32, 112, 387, 342, 480, 174, 264, 260, 436, 497, 221, 185, 447, 386, 397, 263, 30, 304, 457, 290, 349, 9, 160, 416, 314, 80, 300, 440, 266, 329, 290, 349, 362, 490, 340, 273, 72, 318, 94, 124, 276, 90, 271, 229, 206, 42, 408, 288, 22, 307, 212, 186, 478, 237, 360, 206, 39, 452, 439, 259, 264, 287, 49, 168, 79, 435, 150, 46, 19, 372, 290, 418, 141, 100, 249, 74, 217, 128, 201, 400, 279, 349, 210, 168, 233]
Tree:
None
Fitness on 5000 data:
-7.521535080766032

Fitness:
-6.677473804764237