Generation:
500

Phenotype:
a = uniform([17, 1], 2)  - uniform([12, 9], 1);
b = uniform([9, 2.1], 4)  - 8  * a;
b = 19  - 3  * uniform([2, 7], 2);;

Genotype:
[105, 157, 112, 231, 180, 47, 333, 71, 234, 462, 351, 181, 330, 86, 105, 26, 26, 60, 374, 78, 121, 395, 345, 68, 9, 151, 2, 342, 195, 376, 70, 183, 226, 297, 78, 464, 211, 395, 80, 68, 484, 151, 282, 377, 405, 376, 438, 9, 292, 351, 78, 464, 211, 395, 224, 68, 387, 151, 282, 101, 405, 376, 203, 234, 462, 351, 164, 72, 59, 105, 87, 316, 26, 60, 374, 42, 211, 395, 345, 68, 387, 151, 291, 101, 405, 376, 438, 9, 292, 351, 78, 464, 211, 395, 224, 68, 387, 151, 282, 101, 405, 376, 438, 9, 438, 9, 292, 351, 78, 464, 418, 99, 259, 122, 214, 239, 418, 408, 279, 197, 272, 225, 358, 270, 173, 411, 412, 287, 2, 398, 238, 183, 34, 185, 366, 94, 406, 64, 366, 94, 406, 64, 241, 8, 175, 23, 48, 428, 29, 419, 378, 127, 54, 309, 50, 291, 153, 483, 442, 292, 455, 465, 138, 473, 237, 409, 365, 253, 421, 399, 405, 81, 302, 468, 222, 265, 18, 150]
Tree:
None
Fitness on 5000 data:
-5.192011710168144

Fitness:
-4.984239454565115