Generation:
500

Phenotype:
v = uniform([19, 11.9], 1)  - gm([22, 14.9, 0.3], [4, 17.9, 7.9]);
u = bern(0.2);
w = uniform([2, 8], 1) + 5  * bern(0.1);;

Genotype:
[313, 148, 304, 387, 430, 98, 429, 174, 174, 17, 259, 17, 196, 300, 489, 305, 68, 84, 269, 324, 179, 307, 403, 83, 284, 60, 469, 197, 420, 233, 329, 255, 305, 408, 197, 420, 75, 369, 255, 73, 132, 242, 174, 17, 340, 300, 106, 312, 70, 115, 164, 430, 98, 307, 99, 269, 430, 174, 17, 174, 53, 430, 280, 179, 132, 269, 324, 340, 491, 106, 312, 70, 115, 469, 197, 420, 146, 287, 305, 408, 174, 17, 196, 300, 489, 312, 68, 84, 321, 208, 50, 182, 452, 63, 362, 313, 322, 153, 212, 55, 50, 287, 465, 246]
Tree:
None
Fitness on 5000 data:
-5.332880051119621

Fitness:
-5.170936899104945