Generation:
500

Phenotype:
questionsAfterLectureLength = uniform([17, 9], 3)  - uniform([0, 18.8], 1);
contentDifficulty = 13;
contentDifficulty = gm([10, 27.8, 5]) + bern(0.5);;

Genotype:
[458, 100, 312, 15, 35, 422, 354, 406, 203, 244, 305, 438, 36, 238, 279, 271, 204, 169, 140, 432, 2, 280, 168, 62, 442, 44, 291, 288, 155, 100, 67, 15, 13, 422, 354, 413, 203, 244, 79, 438, 36, 117, 471, 238, 279, 244, 130, 354, 406, 203, 244, 305, 438, 178, 238, 279, 271, 117, 471, 317, 115, 364, 4, 53, 78, 379, 280, 168, 62, 442, 44, 432, 418, 288, 93, 288, 93, 317, 115, 364, 4, 53, 78, 379, 280, 168, 62, 442, 44, 291, 288, 155, 466, 319, 189, 326, 32, 287, 189, 326, 32, 7, 117, 53, 78, 379, 280, 168, 62, 254, 44, 291, 288, 155, 466, 319, 189, 221, 32, 287, 117, 25, 276, 202, 188, 387, 276, 202, 188, 387, 345, 168, 10, 73, 112, 120, 155, 451]
Tree:
None
Fitness on 5000 data:
-6.36482315699603

Fitness:
-6.17593981423462