Generation:
500

Phenotype:
skill2 = gm([2, 20, 7]);
skill1 = gm([13, 18.8, 3]);
p1wins = bern(0.1);;

Genotype:
[328, 244, 446, 482, 229, 156, 414, 393, 200, 138, 405, 252, 237, 252, 193, 252, 237, 81, 405, 447, 237, 200, 480, 230, 41, 204, 457, 356, 96, 330, 354, 480, 302, 396, 213, 323, 477, 351, 352, 416, 318, 210, 356, 96, 393, 200, 236, 275, 134, 430, 170, 476, 112, 39, 393, 450, 112, 32, 41, 494, 68, 465, 477, 351, 347, 244, 316, 216, 472, 65, 143, 451, 325, 386, 69, 112, 473, 75]
Tree:
None
Fitness on 5000 data:
-6.7627269563731645

Fitness:
-6.021426047301946