Generation:
500

Phenotype:
a = gm([4.2, 16, 2], [0, 10.8, 20.6], [0, 9, 14.3])  - uniform([12, 5], 3);
b = a + gm([24, 4.5, 4.2]);;

Genotype:
[444, 11, 346, 76, 322, 176, 303, 424, 167, 199, 190, 64, 334, 233, 362, 343, 451, 184, 434, 473, 289, 493, 3, 51, 284, 200, 346, 124, 316, 350, 331, 14, 290, 144, 104, 12, 36, 391, 66, 33, 266, 430, 217, 220, 39, 15, 242, 3, 388, 44, 138, 55, 489, 128, 49, 397, 128, 199, 190, 64, 334, 233, 362, 343, 451, 184, 434, 473, 289, 493, 3, 51, 284, 200, 346, 124, 11, 190, 331, 14, 276, 144, 104, 12, 438, 391, 66, 11, 346, 76, 64, 334, 233, 362, 447, 275, 482, 110, 454, 74, 444, 443, 169, 151, 406, 152, 343, 203, 4, 388, 44, 138, 78, 106, 128, 221, 356, 155]
Tree:
None
Fitness on 5000 data:
-5.152545127185924

Fitness:
-4.974494721974693