Generation:
500

Phenotype:
a = b + 28 * 5; 
b = gm([0.2, 28.1, 5], [11.9, 3, 2.5], [9.2, 10.7, 15.8]) + 4; 
a = gm([9.1, 3.2, 3.1], [0, 10.9, 28], [15, 2.7, 2]);;

Genotype:
[136, 412, 192, 270, 325, 287, 77, 214, 36, 307, 315, 139, 243, 321, 62, 424, 33, 214, 396, 138, 315, 139, 243, 321, 62, 138, 406, 321, 467, 229, 118, 267, 133, 424, 61, 444, 60, 489, 170, 142, 11, 442, 221, 198, 56, 287, 80, 195, 324, 322, 161, 303, 288, 279, 491, 96, 307, 247, 468, 198, 81, 62, 124, 33, 413, 179, 138, 121, 192, 270, 325, 287, 219, 456, 322, 219, 456, 322, 161, 303, 288, 437, 490, 36, 307, 36, 307, 315, 267, 496, 424, 61, 444, 350, 263, 498, 72, 11, 442, 221, 198, 56, 287, 378, 75, 121, 139, 191, 321, 62, 124, 33, 321, 189, 229, 118, 391, 496, 424, 61, 17, 60, 43, 498, 72, 11, 442, 221, 198, 56, 252, 378, 20, 456, 322, 250, 109, 288, 280, 216, 2, 386, 456, 322, 118, 267, 191, 321, 62, 124, 33, 321, 189, 229, 118, 267, 496, 424, 61, 444, 60, 43, 498, 72, 11, 442, 221, 198, 56, 287, 378, 20, 456, 322, 161, 109, 288, 280, 330, 2, 386, 286, 50, 350, 201, 229, 68, 172, 229, 68, 91, 175, 426, 352, 444, 201, 229, 372, 118, 273, 114, 483, 462, 314, 15, 391, 7, 133, 333, 475, 362, 186, 417, 394, 69, 30, 223, 155, 126, 490, 378, 376, 165, 437, 8, 488, 180]
Tree:
None
Fitness on 5000 data:
-5.5722970196802954

Fitness:
-5.206255657257368