Generation:
500

Phenotype:
a = 6  * uniform([11, 5], 1) + a;
a = uniform([11, 4.3], 2)  - gm([19, 11, 3]);
b = gm([9, 23.7, 2], [7.9, 18, 12])  - 15;;

Genotype:
[190, 319, 78, 464, 298, 469, 469, 6, 80, 42, 166, 157, 308, 300, 45, 434, 286, 80, 436, 362, 90, 281, 42, 139, 314, 29, 113, 291, 190, 208, 68, 329, 140, 228, 4, 189, 444, 480, 443, 207, 380, 306, 73, 331, 174, 288, 61, 240, 285, 80, 157, 252, 293, 69, 341, 286, 80, 272, 415, 485, 74, 325, 11, 499, 29, 214, 291, 292, 318, 129, 493, 42, 494, 148, 416, 203, 281, 7, 11, 314, 29, 126, 291, 292, 318, 447, 493, 42, 494, 148, 416, 203, 108, 366, 305, 207, 321, 225, 388, 142, 1, 285, 8, 239, 85, 183, 3, 439, 444, 179, 438, 444, 480, 57, 207, 380, 306, 73, 174, 170, 490, 347, 462, 376, 158, 378, 136, 482, 39, 419, 189, 474, 180, 26, 457, 47, 217, 186, 135, 363]
Tree:
None
Fitness on 5000 data:
-5.137556040856464

Fitness:
-4.834615460477119