Generation:
500

Phenotype:
b = gm([14, 9.4, 7], [4.6, 9.2, 14.1], [30.2, 8.3, 1.2], [11, 1.8, 11], [2, 30.9, 26]);
a = a + gm([9, 1, 1.7]);;

Genotype:
[100, 461, 478, 314, 383, 438, 102, 406, 119, 200, 138, 439, 288, 102, 406, 317, 83, 331, 314, 383, 255, 102, 406, 357, 200, 324, 439, 477, 371, 10, 455, 132, 38, 493, 342, 406, 393, 384, 135, 493, 342, 493, 342, 228, 86, 452, 250, 73, 495, 116, 2, 119, 342, 228, 83, 244, 280, 246, 495, 116, 495, 247, 62, 14, 133, 228, 311, 331, 280, 357, 83, 352, 207, 370, 60, 374, 301, 190, 477, 455, 416, 84, 202, 104, 60, 495, 116, 280, 271, 145, 163, 374, 66, 108, 246, 439, 135, 102, 406, 342, 271, 461, 478, 464, 383, 191, 138, 439, 83, 318, 453, 370, 60, 374, 301, 190, 493, 170, 84, 202, 104, 428, 91, 2, 164, 342, 228, 311, 244, 280, 73, 312, 212, 407, 271, 145, 163]
Tree:
None
Fitness on 5000 data:
-5.0119777090332285

Fitness:
-4.704585491278225