Generation:
500

Phenotype:
skill1 = gm([2, 18.1, 6.6], [2.6, 17, 1], [21.1, 20, 4]);
p1wins = bern(0.7);
skill2 = 19  - gm([25, 1, 4.9]);;

Genotype:
[233, 106, 428, 458, 366, 174, 63, 481, 395, 188, 157, 291, 328, 360, 77, 130, 311, 461, 141, 64, 221, 430, 234, 224, 63, 396, 291, 114, 135, 492, 361, 466, 221, 430, 360, 224, 414, 396, 291, 114, 135, 492, 361, 64, 428, 458, 366, 174, 63, 481, 156, 458, 366, 174, 63, 481, 469, 359, 338, 291, 254, 145, 179, 130, 311, 461, 245, 64, 221, 430, 360, 224, 414, 396, 291, 114, 135, 492, 361, 466, 221, 430, 360, 224, 414, 291, 254, 264, 179, 130, 311, 411, 352, 432, 116, 46, 253, 22, 479, 414, 414, 170, 64, 86, 352, 358, 116, 46, 415, 258, 325, 461, 245, 64, 221, 430, 360, 224, 414, 396, 291, 114, 135, 492, 361, 64, 221, 430, 360, 461, 245, 64, 221, 381, 344, 352, 358, 116, 46, 414, 414, 170]
Tree:
None
Fitness on 5000 data:
-6.491751496743387

Fitness:
-6.2752131847694645