Generation:
500

Phenotype:
u = 1  - bern(0.8); 
 v = bern(0.8); 
 w = bern(0.5)  - 1; 
 x = 1  - bern(0.3); 
 w = bern(0.1) + 0;

Genotype:
[262, 158, 97, 23, 44, 273, 493, 462, 382, 237, 475, 416, 284, 295, 148, 39, 259, 116, 219, 181, 418, 273, 92, 28, 280, 464, 166, 346, 100, 55, 288, 325, 276, 291, 273, 493, 462, 382, 347, 116, 12, 39, 259, 116, 219, 39, 418, 273, 318, 28, 280, 464, 166, 93, 100, 55, 288, 325, 276, 291, 382, 238, 243, 39, 20, 273, 92, 39, 20, 273, 92, 28, 363, 407, 288, 325, 329, 198, 291, 395, 386, 154, 137, 273, 313, 366, 356, 485, 226, 303, 84, 252, 388, 326, 372, 87, 29, 104, 329, 198, 291, 395, 386, 154, 137, 273, 313, 366, 356, 443, 401, 203, 97, 280, 168, 306, 309, 30, 272, 65, 402, 205, 263, 456, 183, 351, 172, 322, 192, 451, 169]
Tree:
None
Fitness on 5000 data:
-2.012569070057674

Fitness:
-1.688261457543917