Generation:
500

Phenotype:
u = 0 + bern(0.4); 
 v = bern(0.8); 
 w = x + bern(0.1); 
 x = x + 1; 
 x = bern(0.7);

Genotype:
[40, 43, 499, 240, 204, 333, 120, 465, 418, 227, 232, 499, 388, 240, 163, 120, 455, 450, 364, 56, 346, 7, 375, 499, 492, 196, 405, 223, 57, 416, 17, 6, 335, 218, 356, 172, 140, 36, 342, 68, 429, 373, 311, 212, 161, 1, 444, 39, 160, 300, 419, 453, 169, 453, 99, 273, 334, 444, 291, 240, 163, 120, 455, 17, 6, 204, 437, 404, 223, 355, 113, 162, 323, 447, 237, 11, 72, 131, 309, 377, 222]
Tree:
None
Fitness on 5000 data:
-2.1237341139537316

Fitness:
-1.783273078733953