Generation:
500

Phenotype:
mu = gm([3, 16.6, 3], [23, 18, 3.5])  - 25  * sigma; 
sigma = gm([28, 2, 1.1]);
x = 4 * 23 + uniform([15, 5], 2);
x = gm([5, 19.5, 3]);

Genotype:
[242, 305, 108, 67, 459, 64, 189, 279, 16, 41, 224, 65, 476, 250, 426, 464, 111, 271, 158, 454, 415, 180, 36, 409, 348, 18, 55, 222, 80, 59, 82, 281, 11, 497, 18, 382, 50, 441, 221, 302, 279, 266, 387, 192, 373, 149, 174, 327, 52, 450, 50, 222, 77, 174, 382, 224, 65, 360, 250, 426, 464, 111, 271, 158, 48, 415, 180, 36, 348, 18, 55, 222, 137, 59, 82, 281, 11, 497, 18, 382, 50, 441, 221, 388, 250, 123, 464, 111, 271, 497, 18, 382, 50, 441, 284, 11, 4, 123, 382, 428, 141, 279, 478, 223, 44, 373, 344, 16, 154, 358, 169, 136, 128, 494, 53, 216, 104, 454, 80, 274, 346, 271, 158, 48, 415, 180, 36, 205, 348, 18, 55, 16, 41, 224, 65, 360, 250, 426, 464, 450, 11, 4, 123, 382, 428, 141, 279, 478, 223, 44, 373, 344, 16, 154, 358, 169, 136, 128, 494, 53, 216, 104, 454, 47, 193, 244, 195, 67, 183, 25, 349, 127, 463, 235, 485, 174, 175, 181, 395, 355, 446, 196, 428, 297, 394, 48, 302, 345, 132, 188, 419, 83, 414, 349, 108, 366, 438, 152, 196, 280, 214, 481, 251, 228, 288, 144, 429, 48, 206, 48, 310, 225, 115, 471, 270, 119, 194, 323, 167, 183, 48, 49, 285, 458, 239, 213, 240, 445, 406, 469, 57, 473, 441, 267]
Tree:
None
Fitness on 5000 data:
-7.148312879226625

Fitness:
-6.725156608878351