Generation:
500

Phenotype:
mu = gm([9, 29, 3.6])  - 6; 
sigma = x; 
x = uniform([1, 2], 4)  - gm([26, 5, 11], [6, 13, 28.2]);
sigma = x + 15  * mu;
x = gm([7.6, 25, 3]);
sigma = uniform([0, 4.3], 2);;

Genotype:
[277, 428, 60, 217, 34, 104, 195, 414, 60, 217, 34, 104, 326, 394, 130, 429, 396, 45, 203, 218, 69, 305, 94, 130, 262, 491, 108, 262, 99, 436, 181, 334, 315, 78, 197, 496, 232, 68, 334, 230, 491, 276, 262, 310, 426, 22, 4, 379, 243, 243, 410, 4, 263, 306, 243, 428, 60, 386, 477, 354, 448, 278, 215, 100, 401, 230, 87, 296, 344, 99, 436, 49, 334, 315, 78, 197, 496, 249, 4, 263, 197, 496, 315, 78, 197, 496, 249, 4, 342, 104, 195, 414, 60, 217, 34, 104, 195, 395, 4, 263, 306, 243, 311, 396, 420, 386, 477, 354, 448, 478, 69, 305, 401, 130, 230, 491, 108, 262, 99, 436, 68, 334, 223, 78, 197, 496, 232, 68, 334, 315, 414, 57, 22, 410, 4, 263, 306, 324, 416, 125, 313, 59, 217, 232, 104, 244, 414, 57, 444, 410, 4, 263, 306, 243, 396, 149, 313, 180, 386, 477, 354, 448, 106, 69, 4, 305, 275, 130, 199, 491, 108, 262, 99, 436, 68, 252, 172, 66, 490, 242, 22, 397, 402, 334, 472, 78, 315, 78, 34, 227, 143, 54, 137, 268, 492, 454, 281, 249, 79, 149, 246, 116, 60, 217, 232, 104, 244, 414, 57, 117, 410, 4, 263, 306, 243, 433, 125, 313, 420, 310, 477, 354, 448, 106, 69, 305, 487, 496, 242, 194, 204, 108, 62, 99, 436, 68, 334, 358, 78, 34, 227, 143, 54, 252, 172, 487, 490, 242, 22, 397, 252, 268, 492, 454, 281, 249, 79, 149, 246, 116, 96, 339, 324, 386, 68, 392, 32, 432, 396, 443, 428, 331, 191, 467, 51, 132, 292, 374, 379, 439, 404, 110, 418, 458]
Tree:
None
Fitness on 5000 data:
-8.112972321046302

Fitness:
-7.1655115882733424