Generation:
500

Phenotype:
skill1 = 9  * skill1; 
skill2 = gm([18, 17.9, 1.5], [22.7, 18.8, 4.7]) + bern(0.6);
skill1 = gm([18, 17.9, 2.5], [22.6, 18.8, 4.7]) + bern(0.9); 
if 2 * gm([10, 18, 13]) > 27 { 
  p1wins = 1;
 } else { 
   p1wins = 0; 
 } end if;

Genotype:
[192, 87, 397, 350, 232, 128, 469, 12, 473, 315, 94, 80, 463, 327, 377, 323, 94, 157, 260, 273, 456, 420, 137, 297, 232, 7, 314, 123, 306, 411, 86, 273, 116, 223, 312, 478, 12, 473, 315, 94, 80, 463, 327, 377, 323, 343, 157, 260, 273, 456, 500, 137, 297, 232, 7, 314, 123, 306, 299, 116, 223, 8, 323, 343, 157, 260, 80, 103, 390, 297, 232, 261, 123, 306, 299, 116, 363, 8, 323, 428, 157, 260, 80, 103, 390, 297, 232, 261, 314, 123, 306, 411, 86, 273, 116, 223, 312, 478, 469, 12, 473, 287, 94, 80, 463, 485, 377, 323, 145, 157, 260, 273, 456, 420, 137, 297, 232, 463, 327, 377, 323, 350, 232, 128, 469, 12, 473, 315, 94, 80, 463, 327, 377, 323, 343, 157, 260, 273, 456, 420, 137, 297, 232, 7, 314, 123, 306, 411, 86, 273, 116, 140, 312, 478, 12, 473, 315, 94, 80, 463, 327, 377, 118, 367, 303, 242, 312, 192, 91, 325, 438, 289, 401, 91, 367, 303, 478, 478, 12, 473, 315, 312, 192, 258, 325, 438, 289, 401, 91, 367, 303, 242, 312, 192, 91, 325, 438, 289, 401, 91, 367, 303, 478, 12, 473, 314, 123, 306, 411, 86, 273, 116, 192, 258, 261, 138, 136, 306, 476, 126, 258, 325, 91, 81, 303, 478, 325, 438, 380, 401, 412, 401, 128, 478, 12, 473, 315, 94, 80, 67, 327, 408, 323, 343, 462, 311, 443, 1, 222, 77, 233, 306, 311, 225, 184, 478, 12, 473, 12, 380, 401, 138, 136, 20, 391, 86, 273, 116, 223, 136, 306, 391, 86, 273, 116, 223, 312, 126, 156, 160, 225, 207, 412, 67, 327, 435, 323, 343, 157, 260, 451, 216, 261, 277, 67, 327, 435, 323, 343, 157, 260, 451, 216, 462, 311, 443, 1, 222, 77, 233, 306, 311, 225, 184, 12, 383, 93, 342, 456, 20, 458, 273, 116, 223, 312, 126, 258, 325, 438, 380, 401, 116, 367, 303, 210, 310, 113, 301, 17, 339, 297, 83, 390, 66, 392, 58, 144, 440, 183, 99, 116, 231, 493, 150, 312, 324, 453, 205, 53, 44, 450, 83, 334, 462, 311, 443, 1, 222, 77, 233, 306, 311, 225, 184, 12, 383, 93, 342, 456, 20, 458, 407, 250, 217, 382, 399, 145, 251, 486, 272, 76, 364, 337, 205, 216, 22, 179, 337, 384, 267, 417, 57, 435, 339, 117, 80, 489, 432, 43, 441, 120, 216, 261, 277, 67, 327, 435, 323, 343, 157, 260, 451, 216, 462, 311, 443, 1, 222, 77, 233, 306, 311, 225, 184, 12, 383, 93, 342, 456, 20, 458, 273, 116, 223, 312, 126, 258, 325, 438, 380, 401, 116, 367, 303, 210, 310, 113, 301, 17, 339, 297, 83, 390, 66, 392, 58, 144, 440, 183, 99, 116, 231, 493, 150, 312, 324, 453, 205, 53, 44, 450, 83, 334, 462, 311, 443, 1, 222, 77, 233, 306, 311, 225, 184, 12, 383, 93, 342, 456, 20, 458, 407, 250, 217, 382, 399, 145, 251, 486, 272, 76, 364, 337, 205, 216, 22, 179, 337, 384, 267, 417, 57, 435, 339, 117, 80, 489, 432, 43, 441, 120, 333, 474, 244, 497, 178, 473, 205, 262, 292, 469, 41, 246, 497, 50, 479]
Tree:
None
Fitness on 5000 data:
-6.319819319723049

Fitness:
-5.7162283384875