Generation:
500

Phenotype:
skill2 = gm([5, 21.1, 8]) + skill2;
skill1 = 19  * bern(0.9)  - gm([17, 0, 5]);
p1wins = 1  * bern(0.1);;

Genotype:
[274, 334, 356, 496, 358, 154, 135, 385, 80, 416, 191, 421, 455, 297, 424, 287, 144, 388, 493, 302, 89, 189, 140, 454, 360, 63, 71, 189, 329, 210, 224, 358, 154, 465, 234, 5, 387, 492, 256, 383, 426, 55, 373, 467, 360, 372, 108, 256, 2, 24, 354, 288, 471, 247, 140, 170, 432, 175, 96, 127, 467, 351, 220, 399, 96, 395, 380]
Tree:
None
Fitness on 5000 data:
-6.512350588939525

Fitness:
-6.55952206238954