Generation:
500

Phenotype:
earthquake = 0 + earthquake; 
  burglary = 0 + earthquake; 
    if johncalls + bern(0.8) + bern(0.6) + alarm > 0 { 
        if bern(0.7) > 1 { 
              alarm = 1  - bern(0.2); 
        } else { 
              alarm = burglary; 
        } end if; 
  } else { 
        if alarm == 1 { 
              alarm = 1 + johncalls; 
        } else { 
              alarm = 0 + 0; 
        } end if; 
  } end if; 
    if johncalls + johncalls + alarm + burglary >= 0 { 
        johncalls = 1  - 1; 
  } else { 
        johncalls = 1 + 0; 
  } end if;

Genotype:
[495, 205, 103, 64, 74, 8, 337, 472, 333, 52, 302, 344, 413, 361, 121, 76, 83, 253, 7, 313, 265, 203, 356, 412, 66, 470, 191, 364, 467, 72, 101, 132, 71, 455, 344, 279, 279, 232, 15, 1, 180, 402, 342, 320, 88, 246, 104, 299, 43, 145, 403, 66, 470, 191, 364, 467, 72, 101, 132, 71, 455, 344, 479, 279, 232, 15, 1, 180, 402, 342, 320, 88, 246, 344, 113, 267, 75, 93, 483, 466, 231, 221, 233, 104, 71, 43, 227, 134, 227, 298, 301, 3, 475, 26, 2, 154, 43, 193, 127, 193, 221, 233, 29, 118, 2, 413, 361, 121, 344, 356, 403, 66, 227, 227, 134, 343, 100, 27, 333, 52, 302, 344, 413, 361, 121, 76, 83, 253, 7, 386, 113, 403, 51, 470, 128, 364, 467, 72, 101, 132, 71, 455, 93, 483, 466, 231, 221, 233, 104, 299, 43, 227, 134, 227, 134, 343, 100, 66, 470, 191, 364, 467, 72, 101, 132, 71, 455, 344, 479, 279, 232, 15, 1, 180, 402, 342, 320, 88, 246, 341, 105, 99, 414, 470, 51, 145, 377, 155, 0, 195, 231, 478, 130, 406, 23, 456, 110, 311, 46, 60, 145, 372, 76, 445, 119, 18, 79, 108, 314, 58, 409, 196, 236, 397, 216, 323, 75, 365, 214, 110, 160, 212, 402, 227, 331, 181, 493, 277, 288, 278, 137, 350, 479, 254, 455, 415, 475, 355, 300, 179, 377, 66, 244, 433, 203, 336, 422, 497, 336, 396, 38]
Tree:
None
Fitness on 5000 data:
-inf

Fitness:
0.0