Generation:
500

Phenotype:
a = 12  * a  - 17 * 21;
a = gm([1.9, 0, 4]);
b = 1  * gm([15, 4, 7], [16, 9.8, 1.2], [23, 7, 1]);;

Genotype:
[439, 289, 386, 361, 390, 14, 439, 229, 216, 374, 242, 51, 234, 362, 446, 291, 368, 78, 366, 319, 34, 205, 404, 323, 302, 93, 270, 283, 135, 362, 481, 457, 498, 223, 311, 34, 55, 2, 294, 98, 159, 270, 317, 135, 362, 78, 351, 319, 34, 205, 404, 352, 196, 294, 302, 466, 317, 20, 32, 224, 498, 311, 149, 363, 295, 495, 446, 148, 38, 242, 242, 55, 404, 294, 302, 159, 270, 317, 135, 32, 462, 317, 498, 223, 311, 145, 363, 295, 495, 446, 148, 38, 321, 394, 344, 321, 325, 91, 163, 213, 42, 363, 334, 477, 458, 318, 197, 498]
Tree:
None
Fitness on 5000 data:
-5.491155515597562

Fitness:
-4.917375797615164