Generation:
500

Phenotype:
u = bern(0.4)  - bern(0.1); 
 v = bern(0.8); 
 w = bern(0.1); 
  if u + bern(0.3) + u + bern(0.3) <= 0 { 
       if bern(0.6) >= 1{ 
             x = 0 + 1; 
       } else { 
             x = bern(0.2)  - 0; 
       } end if; 
 } else { 
       if u != 0{ 
             x = bern(0.6); 
       } else { 
             x = 1  - x; 
       } end if; 
 } end if;

Genotype:
[186, 374, 68, 79, 345, 314, 105, 288, 438, 452, 55, 34, 438, 340, 221, 396, 455, 479, 410, 160, 149, 275, 398, 129, 438, 160, 340, 337, 398, 129, 246, 325, 462, 355, 500, 310, 99, 79, 345, 50, 191, 345, 314, 246, 325, 397, 379, 438, 340, 340, 129, 398, 189, 356, 325, 473, 410, 277, 129, 404, 68, 79, 243, 487, 105, 288, 438, 340, 129, 34, 146, 99, 79, 345, 214, 239, 452, 129, 34, 438, 222, 221, 456, 455, 479, 410, 115, 345, 487, 459, 314, 105, 288, 438, 452, 129, 34, 438, 340, 29, 396, 455, 479, 213, 160, 340, 337, 253, 68, 421, 345, 239, 325, 473, 410, 277, 129, 404, 404, 68, 115, 198, 487, 105, 288, 438, 340, 129, 34, 146, 482, 79, 345, 314, 397, 379, 220, 465, 246, 270, 457, 383, 95, 332, 197, 426, 387, 438, 431, 239, 430, 487, 459, 183, 411, 310, 399, 199, 272, 470, 318, 97, 406, 98, 296, 133, 450, 388, 424, 362, 327, 143, 240, 304, 461, 170, 422, 120, 189, 427, 222, 179, 23, 152, 240, 70, 157, 103, 259, 284, 64, 265, 469, 19, 484, 120, 381, 16, 23]
Tree:
None
Fitness on 5000 data:
-1.926530420229747

Fitness:
-1.551035284361628