Generation:
500

Phenotype:
u = bern(0.4)  - u; 
 v = bern(0.9)  - x; 
 w = 1; 
 x = bern(0.6); 
 w = 0 + bern(0.1);

Genotype:
[185, 359, 18, 95, 21, 404, 142, 36, 491, 280, 269, 71, 186, 282, 359, 18, 95, 495, 126, 302, 15, 491, 220, 28, 339, 490, 280, 35, 106, 186, 311, 117, 310, 193, 382, 270, 492, 495, 342, 302, 15, 491, 324, 35, 106, 352, 106, 352, 282, 117, 310, 193, 382, 270, 492, 495, 342, 101, 185, 491, 208, 338, 339, 490, 491, 220, 324, 282, 117, 310, 193, 382, 270, 492, 495, 342, 302, 15, 204, 220, 338, 297, 490, 335, 10, 15, 324, 184, 270, 142, 232, 485, 491, 167, 1, 440, 207, 327, 42, 342, 302, 477, 239, 220, 338, 250, 490, 335, 62, 367, 324, 83, 497, 270, 482, 110, 230, 280, 331, 167, 1, 440, 207, 327, 42, 342, 302, 477, 491, 220, 338, 250, 490, 321, 151, 496, 226, 481, 367, 65, 491, 220, 338, 495, 70, 196, 118, 80, 321, 151, 496, 226, 481, 367, 65, 491, 220, 338, 495, 70, 196, 118, 80, 43, 68, 15, 491, 220, 338, 339, 490, 335, 10, 15, 321, 498, 310, 214, 269, 321, 151, 496, 226, 481, 85, 65, 491, 220, 338, 495, 70, 196, 236, 80, 43, 68, 103, 174, 143, 259, 148, 39, 435, 490, 30, 356, 319, 362, 201, 10, 15, 321, 498, 310, 124, 427, 133, 105, 88, 145, 75, 277, 268, 269, 321, 151, 496, 226, 481, 367, 65, 491, 220, 338, 495, 70, 196, 118, 80, 321, 151, 496, 226, 481, 367, 65, 491, 220, 338, 495, 70, 196, 118, 80, 43, 68, 15, 491, 220, 338, 339, 490, 335, 10, 15, 321, 498, 310, 214, 269, 321, 151, 496, 226, 481, 85, 65, 491, 220, 338, 495, 70, 196, 236, 80, 43, 68, 103, 174, 143, 259, 148, 39, 435, 490, 30, 356, 319, 362, 201, 10, 15, 321, 498, 310, 124, 427, 133, 105, 88, 145, 75, 277]
Tree:
None
Fitness on 5000 data:
-2.101339188241965

Fitness:
-1.737619302624925