Generation:
500

Phenotype:
a = uniform([3, 9.2], 4)  - 16  * uniform([0, 0.7], 2); 
if uniform([11, 16.9], 2) > 0 { 
  b = gm([3, 28.9, 30], [17, 7.8, 0.6], [21, 9.7, 3.3], [11.8, 0, 5.2]); 
 } else { 
  b = 11 * 28  - 30; 
 } end if;

Genotype:
[156, 206, 375, 494, 375, 279, 288, 109, 311, 19, 450, 233, 186, 331, 434, 213, 253, 127, 434, 266, 17, 352, 331, 326, 233, 477, 223, 434, 213, 258, 352, 331, 474, 251, 149, 400, 206, 146, 61, 459, 174, 48, 465, 100, 295, 335, 434, 266, 253, 352, 331, 279, 288, 213, 253, 127, 434, 266, 17, 352, 331, 326, 434, 213, 253, 127, 434, 266, 17, 352, 400, 47, 146, 61, 459, 174, 48, 465, 100, 295, 335, 434, 266, 253, 352, 331, 279, 288, 213, 253, 127, 434, 266, 17, 352, 331, 326, 217, 213, 253, 127, 434, 266, 17, 352, 331, 176, 233, 146, 61, 459, 174, 48, 465, 100, 295, 335, 434, 266, 253, 352, 331, 279, 288, 213, 253, 127, 434, 266, 17, 352, 331, 326, 434, 213, 253, 127, 434, 266, 17, 352, 331, 176, 233, 253, 127, 115, 266, 17, 352, 331, 266, 17, 427, 331, 326, 425, 477, 206, 146, 61, 459, 174, 48, 465, 100, 295, 127, 434, 266, 17, 352, 331, 326, 233, 477, 75, 434, 213, 258, 352, 331, 474, 228, 149, 400, 206, 146, 61, 459, 174, 48, 465, 100, 295, 335, 288, 123, 311, 19, 450, 233, 186, 75, 434, 213, 253, 127, 115, 266, 17, 364, 164, 266, 375, 279, 288, 123, 311, 19, 450, 233, 186, 75, 434, 213, 253, 127, 115, 266, 17, 352, 331, 326, 233, 186, 75, 434, 213, 258, 352, 258, 352, 331, 326, 228, 149, 186, 146, 164, 61, 459, 174, 48, 465, 100, 166, 434, 266, 253, 352, 439, 489, 347, 412, 70, 163, 21, 455, 427, 454, 167, 364, 164, 455, 357, 434, 285, 406, 76, 19, 169, 376, 337, 232, 307, 468, 60, 335, 434, 266, 253, 352, 331, 337, 372, 35, 126, 408, 16, 199, 474, 494, 163, 342, 412, 70, 163, 21, 100, 427, 454, 167, 364, 164, 266, 375, 279, 288, 109, 311, 19, 450, 233, 186, 75, 434, 213, 253, 381, 115, 266, 17, 352, 331, 326, 233, 186, 75, 434, 213, 258, 352, 403, 326, 228, 149, 186, 146, 164, 61, 459, 174, 48, 465, 100, 166, 335, 434, 266, 253, 352, 439, 489, 347, 412, 70, 163, 21, 455, 427, 454, 167, 364, 164, 455, 357, 434, 285, 406, 76, 19, 169, 376, 337, 232, 307, 468, 60, 189, 230, 263, 468, 392, 130, 4, 309, 439, 489, 347, 459, 225, 102, 285, 390, 465, 56, 462, 121, 418, 75, 481, 449, 393, 462, 279, 63, 471, 327, 388, 3]
Tree:
None
Fitness on 5000 data:
-5.340214777443184

Fitness:
-4.932650578932073