Generation:
500

Phenotype:
mu = gm([6.6, 13, 5]) + 10; 
sigma = 6  * sigma + uniform([0, 3.9], 1);
x = 23  - 12;
x = gm([5, 23, 2.9]);

Genotype:
[380, 10, 213, 409, 468, 393, 347, 365, 422, 137, 148, 408, 197, 330, 165, 76, 187, 378, 324, 97, 351, 230, 465, 255, 499, 161, 160, 176, 128, 284, 23, 77, 188, 260, 498, 153, 499, 136, 168, 5, 284, 23, 77, 188, 242, 234, 98, 430, 216, 77, 188, 238, 315, 209, 169, 161, 81, 176, 128, 284, 495, 35, 114, 349, 187, 451, 264, 114, 349, 187, 451, 264, 22, 145, 44, 102, 381, 126, 66, 253, 233, 31, 369, 182, 89, 161, 493, 319, 97, 416, 388, 194, 432, 398, 383, 145, 492, 209, 258, 358, 407, 132, 472, 137, 148, 183, 197, 381, 467, 401, 33, 323, 216, 243, 382, 493, 482, 433, 100, 298, 310, 448, 89, 57, 136, 242, 187, 261, 493, 449, 255, 144, 175, 184, 286, 393, 453, 117, 425, 329, 60, 341, 190, 116, 126, 77, 481, 91, 243, 58, 235, 466, 285, 134, 423, 40, 461, 356, 188, 445, 192, 99, 113, 237, 128, 250, 356, 123, 32, 282, 97, 346, 320, 165, 24, 63, 198, 277, 201]
Tree:
None
Fitness on 5000 data:
-7.024342667866292

Fitness:
-6.772531623921923