Generation:
500

Phenotype:
skill1 = gm([11, 21, 5]); 
skill2 = 1  * bern(0.5)  - 21  * skill1;
p1wins = 4 * 20 + bern(0.2);
skill2 = 3  * uniform([1, 6], 1) + 9  * bern(0.9); 
if gm([4, 27.5, 21.5]) < 0 { 
  p1wins = 1;
 } else { 
   p1wins = 0; 
 } end if;

Genotype:
[346, 270, 210, 497, 200, 260, 42, 258, 300, 98, 222, 182, 316, 1, 215, 310, 313, 362, 32, 220, 338, 288, 352, 182, 274, 365, 307, 35, 113, 309, 267, 424, 204, 274, 407, 233, 58, 310, 313, 362, 32, 220, 338, 288, 352, 71, 111, 206, 125, 72, 432, 113, 98, 222, 407, 233, 58, 310, 313, 362, 436, 220, 372, 46, 190, 155, 207, 421, 135, 100, 346, 54, 300, 141, 129, 123, 402, 35, 115, 75, 205, 452, 444, 187, 140, 366, 54, 362, 169, 429, 473, 275, 211, 351, 441, 263, 457, 139, 252, 297]
Tree:
None
Fitness on 5000 data:
-6.220977027804415

Fitness:
-6.0017194422268885