Generation:
500

Phenotype:
mu = 30  - gm([21, 9.4, 2], [1.1, 1, 17]);
sigma = uniform([1, 6.7], 4);
x = gm([9.5, 13, 4.2], [2, 23.1, 23.7]) + 8;

Genotype:
[205, 289, 484, 345, 255, 446, 194, 246, 154, 210, 52, 195, 376, 145, 309, 226, 192, 358, 2, 122, 157, 218, 225, 2, 342, 192, 358, 2, 148, 157, 417, 225, 2, 342, 431, 37, 141, 363, 12, 210, 305, 455, 448, 291, 202, 165, 315, 40, 139, 90, 230, 193, 66, 352, 450, 70, 126, 165, 23, 72, 269, 364, 42, 380, 210, 380, 130, 226, 192, 358, 2, 148, 157, 354, 225, 2, 250, 431, 147, 210, 363, 147, 210, 305, 455, 52, 195, 376, 165, 309, 40, 139, 322, 154, 291, 203, 192, 39, 242, 38, 130, 282, 192, 358, 42, 358, 2, 148, 157, 354, 225, 2, 250, 459, 384, 210, 363, 147, 210, 2, 250, 459, 147, 210, 363, 147, 210, 305, 455, 474, 52, 90, 28, 201, 77, 117, 453, 154, 291, 203, 192, 39, 242, 38, 421, 226, 28, 201, 77, 117, 453, 154, 291, 46, 1, 200, 326, 306, 262, 15, 174, 423, 117, 448, 291, 203, 192, 39, 242, 317, 421, 226, 78, 398, 95, 332, 462, 454, 285, 452, 167, 47, 192, 77, 142, 328, 217, 292, 150, 257, 123, 252, 455, 269, 32, 12, 83, 414, 115, 351, 6]
Tree:
None
Fitness on 5000 data:
-8.046607314687579

Fitness:
-7.601781625557806