Generation:
500

Phenotype:
if haircolor == 1 { 
   haircolor = gm([0.6, 0, 0], [0.4, 1, 0], [0.4, 2, 0]); 
 } else { 
   eyecolor = gm([0.9, 0, 0], [0.6, 1, 0], [0.9, 2, 0], [0.6, 3, 0]);
  hairlength = gm([0.4, 0, 0], [0.1, 1, 0]) + gm([0.4, 0, 0], [0.1, 1, 0]);
  eyecolor = gm([0.6, 0, 0], [0.5, 1, 0], [0.6, 2, 0], [0.9, 3, 0]) + gm([0.3, 0, 0], [0.6, 1, 0]);
  eyecolor = gm([0.4, 0, 0], [0.1, 1, 0], [0.5, 2, 0], [0.1, 3, 0]);
  haircolor = gm([0.2, 0, 0], [0.5, 1, 0], [0.1, 2, 0]) + gm([0.8, 0, 0], [0.3, 1, 0], [0.2, 2, 0], [0.1, 3, 0]); 
 } end if;

Genotype:
[114, 390, 93, 358, 313, 212, 66, 33, 108, 255, 31, 478, 136, 66, 220, 32, 210, 138, 347, 136, 485, 225, 276, 66, 119, 311, 224, 185, 467, 464, 156, 240, 440, 185, 248, 97, 66, 66, 9, 384, 170, 459, 138, 90, 434, 66, 79, 51, 499, 186, 26, 152, 320, 220, 32, 296, 210, 378, 66, 407, 365, 210, 317, 303, 420, 164, 37, 314, 327, 486, 121, 369, 438, 358, 191, 487, 207, 104, 6, 409, 271, 94, 378, 438, 6, 266, 7, 389, 370, 117, 287, 239, 438, 358, 191, 487, 207, 104, 6, 409, 486, 94, 378, 438, 6, 266, 7, 389, 370, 117, 287, 454, 172, 194, 105, 319, 390, 70, 340, 357, 251, 400, 210, 159, 28, 456, 102, 314, 130, 498, 241, 176, 150, 66, 390, 70, 340, 357, 251]
Tree:
None
Fitness on 5000 data:
-4.3151170154238105

Fitness:
-4.1466364744731985