Generation:
500

Phenotype:
x = 13  * uniform([28, 3], 2);
x = uniform([25, 3.1], 2)  - 1  * gm([10.5, 6.6, 5]);
sigma = uniform([0, 3], 1);
mu = gm([19, 20, 4]);

Genotype:
[107, 458, 50, 407, 260, 423, 475, 323, 200, 462, 288, 92, 465, 22, 494, 138, 254, 14, 27, 272, 335, 353, 499, 486, 413, 16, 404, 106, 494, 275, 103, 373, 353, 254, 248, 300, 470, 100, 328, 484, 192, 150, 35, 496, 386, 272, 228, 33, 62, 300, 51, 108, 180, 367, 262, 250, 19, 36, 82, 228, 407, 62, 300, 51, 108, 180, 367, 262, 250, 208, 57, 16, 404, 106, 200, 465, 14, 300, 50, 437, 161, 139, 405, 366, 300, 51, 108, 93, 367, 262, 415, 9, 178, 54, 185, 138, 486, 203, 446, 36, 328, 484, 192, 486, 428, 496, 386, 272, 366, 404, 425, 127, 300, 117, 389, 391, 99, 87, 412, 266, 454, 101, 88, 155, 212, 198, 461, 99, 347, 0, 24, 458, 454, 374, 446, 36, 328, 484, 192, 486, 35, 496, 386, 272, 366, 405, 366, 300, 51, 108, 93, 367, 262, 250, 19, 36, 379, 268, 300, 106, 465, 161, 139, 405, 366, 300, 51, 108, 93, 367, 262, 177, 420, 98, 108, 379, 151, 99, 376, 458, 50, 407, 294, 423, 475, 108, 438, 367, 262, 415, 9, 178, 54, 361, 138, 486, 203, 446, 36, 328, 484, 192, 486, 35, 496, 386, 272, 361, 138, 486, 203, 446, 36, 328, 484, 192, 486, 35, 496, 386, 272, 366, 405, 366, 300, 51, 108, 93, 367, 262, 250, 19, 36, 379, 268, 300, 50, 437, 161, 139, 405, 366, 300, 51, 108, 93, 367, 262, 415, 9, 178, 54, 185, 138, 486, 203, 446, 36, 328, 484, 192, 486, 428, 496, 386, 272, 366, 404, 425, 127, 300, 117, 389, 391, 99, 87, 412, 266, 454, 101, 88, 155, 212, 198, 461, 99, 347, 0, 24, 458, 454, 374]
Tree:
None
Fitness on 5000 data:
-7.168271212040306

Fitness:
-6.990213004997414