Generation:
500

Phenotype:
mu = gm([10.4, 18, 4])  - mu; 
sigma = uniform([1, 3], 1); 
x = sigma  - 1  * uniform([1, 7], 4);
x = gm([28.2, 22, 3.1]);;

Genotype:
[162, 17, 468, 262, 18, 195, 227, 246, 222, 390, 328, 66, 489, 243, 468, 18, 195, 14, 280, 180, 119, 328, 161, 489, 225, 466, 268, 311, 104, 280, 464, 195, 227, 180, 460, 297, 161, 489, 498, 466, 268, 311, 431, 280, 148, 177, 319, 468, 18, 319, 468, 18, 311, 14, 280, 148, 177, 319, 14, 280, 148, 177, 319, 468, 161, 319, 5, 89, 18, 195, 14, 280, 180, 460, 328, 161, 489, 225, 466, 225, 466, 268, 255, 262, 45, 195, 14, 280, 195, 14, 280, 180, 460, 328, 161, 489, 180, 466, 268, 89, 54, 308, 108, 88, 272, 137, 259, 243, 427, 18, 311, 14, 280, 148, 177, 32, 409, 339, 84, 67, 455, 416, 287, 179, 44, 141, 90, 382, 256, 12, 111, 80, 180, 260, 328, 161, 489, 180, 466, 268, 244, 287, 409, 403, 29, 330, 429, 340, 87, 122, 490, 460, 43, 175, 227, 126, 276, 238, 163, 427, 442, 166, 86, 478, 479, 16, 492, 378, 210, 392, 111, 39]
Tree:
None
Fitness on 5000 data:
-6.961286064627906

Fitness:
-6.6372331641830895