Generation:
500

Phenotype:
skill1 = gm([27, 20, 4.4])  - 25  * p1wins; 
skill2 = 1  * gm([10.6, 23, 5.5], [19, 19.7, 1.8], [20, 17, 5.4]); 
p1wins = uniform([22, 4.8], 3) + 30;
p1wins = bern(0.2);;

Genotype:
[253, 164, 3, 417, 398, 356, 368, 240, 237, 303, 314, 372, 52, 180, 288, 482, 204, 121, 280, 349, 489, 427, 351, 356, 368, 240, 237, 160, 76, 65, 52, 81, 471, 298, 204, 121, 280, 349, 128, 384, 299, 384, 389, 151, 160, 264, 31, 66, 306, 22, 225, 97, 412, 186, 254, 226, 464, 372, 448, 275, 258, 300, 264, 31, 289, 245, 465, 221, 164, 452, 268, 479, 272, 14, 219, 281, 161, 476, 367, 73, 420, 264, 372, 338, 143, 95, 189, 124, 479, 142, 179, 254, 382, 295, 329, 219, 146, 316, 89, 90, 344, 206, 187, 309, 119, 182, 204, 5, 81, 203, 24, 298]
Tree:
None
Fitness on 5000 data:
-6.329476327767922

Fitness:
-5.898084313731296