Generation:
500

Phenotype:
skill1 = skill2 + gm([26, 20, 3], [0, 24, 26], [0, 22, 6]); 
skill2 = 21; 
p1wins = bern(0.1);
skill2 = uniform([14, 12.7], 1);;

Genotype:
[313, 469, 399, 148, 425, 384, 121, 453, 284, 429, 128, 392, 218, 313, 453, 284, 496, 144, 272, 190, 491, 456, 392, 186, 368, 301, 378, 192, 348, 305, 312, 424, 324, 129, 475, 108, 168, 272, 405, 497, 0, 21, 294, 76, 495, 291, 438, 228, 491, 128, 274, 66, 308, 368, 301, 52, 376, 146, 497, 0, 192, 348, 51, 312, 424, 225, 129, 475, 128, 168, 376, 146, 497, 0, 21, 294, 76, 495, 291, 496, 491, 484, 340, 151, 153, 46, 437, 232, 481, 103, 321, 136, 190, 33, 450, 176, 205, 259, 404, 342]
Tree:
None
Fitness on 5000 data:
-6.291879262628402

Fitness:
-5.737484723854415