Generation:
500

Phenotype:
u = bern(0.9)  - bern(0.7); 
 v = bern(0.9) + w; 
 w = 1 + w; 
 x = bern(0.7); 
 w = bern(0.1);

Genotype:
[436, 44, 446, 149, 242, 8, 363, 285, 58, 340, 227, 44, 276, 10, 410, 103, 345, 419, 58, 276, 10, 330, 212, 327, 384, 292, 276, 497, 102, 27, 370, 179, 414, 149, 242, 8, 363, 276, 10, 410, 103, 345, 419, 58, 362, 248, 330, 212, 327, 384, 292, 107, 220, 327, 339, 317, 248, 212, 327, 434, 292, 276, 497, 102, 27, 370, 295, 97, 42, 492, 271, 480, 447, 132, 324, 216, 294, 215, 426, 188, 249, 271, 31, 361, 496, 112, 311, 174, 466, 192, 378, 380, 284, 156, 120, 450, 468, 238, 177, 199, 485, 241, 261, 156, 375, 14, 159, 20, 201, 207, 417, 144, 87, 431, 194, 13, 343, 163, 322, 215, 336, 388, 190, 63, 500, 191, 164, 434, 166, 347, 64, 342, 292, 276, 16, 164, 32, 168, 394, 290, 230, 388, 113, 29, 378, 263, 492, 397, 331, 352, 300, 375, 14, 395, 196, 434, 329, 224, 320, 108, 301, 279, 41, 243, 70, 235, 345, 299, 82, 401, 412, 298, 145, 486, 378, 279, 55, 45, 198, 92, 58, 168, 329, 284, 124, 7, 192, 342, 305, 467, 290, 381, 121, 220, 249, 191, 340, 370, 295, 8, 42, 356, 475, 246, 225, 430, 343, 411, 30, 453, 238, 282, 349, 397, 198, 210, 233, 48, 256, 39, 445, 323, 96, 499, 12, 162, 99, 22, 6, 338, 341, 291]
Tree:
None
Fitness on 5000 data:
-2.011079283968014

Fitness:
-1.7720785773594094