Generation:
500

Phenotype:
x = x + uniform([14, 13.9], 1);
mu = uniform([12, 12.8], 1)  - mu;
sigma = 18  - gm([30, 16, 1]);

Genotype:
[474, 190, 210, 72, 44, 238, 411, 282, 398, 483, 137, 200, 171, 13, 323, 248, 438, 268, 375, 167, 483, 140, 105, 65, 74, 151, 64, 120, 63, 114, 96, 164, 87, 196, 65, 101, 252, 18, 339, 151, 468, 264, 247, 92, 171, 246, 63, 210, 339, 151, 96, 238, 411, 282, 427, 483, 137, 200, 171, 239, 72, 44, 120, 268, 282, 427, 483, 140, 105, 65, 74, 179, 160, 64, 399, 63, 369, 96, 428, 344, 196, 40, 182, 32, 177, 379, 406, 414, 455, 34, 25, 182, 177, 379, 406, 414, 455, 151, 374, 275, 206, 251, 333, 303, 468, 219, 396, 281, 351, 117, 454, 473, 267, 226, 335, 321, 304, 336, 269, 117, 18, 34, 40, 241, 32, 177, 379, 406, 414, 455, 151, 4, 275, 206, 251, 333, 303, 468, 219, 396, 281]
Tree:
None
Fitness on 5000 data:
-6.91271760186295

Fitness:
-6.63785993160496