Generation:
500

Phenotype:
skill1 = uniform([18, 8], 1)  - uniform([0, 6.8], 1);
skill2 = gm([3.8, 18.1, 4]);
if skill1-skill2 > 0 { 
  p1wins = 1.0;
 } else { 
   p1wins = 0.0; 
 } end if;

Genotype:
[47, 485, 142, 61, 219, 326, 321, 350, 142, 80, 331, 500, 36, 41, 465, 499, 161, 223, 132, 90, 346, 129, 19, 231, 465, 340, 142, 305, 127, 475, 161, 142, 90, 434, 35, 355, 60, 141, 2, 480, 259, 61, 219, 326, 321, 350, 260, 361, 77, 266, 193, 266, 465, 499, 161, 35, 35, 299, 60, 346, 2, 253, 473, 87, 229, 345, 213, 92, 88, 359, 69, 66, 54, 198, 260, 361, 77, 266, 199, 53, 286, 199, 302, 78, 12, 406, 179, 345, 317, 452]
Tree:
None
Fitness on 5000 data:
-6.482136204678371

Fitness:
-5.64648621886059