Generation:
500

Phenotype:
if damage != 3 { 
   preplevel = gm([0.5, 0, 0], [0.7, 1, 0]);
  damage = gm([0.3, 0, 0], [0.5, 1, 0]);
  preplevel = gm([0.8, 0, 0], [0.3, 1, 0], [0.3, 2, 0]); 
 } else { 
   preplevel = 0 + 0; 
 } end if;

Genotype:
[59, 141, 409, 210, 197, 113, 458, 410, 464, 75, 390, 374, 62, 279, 312, 400, 312, 246, 57, 3, 8, 476, 379, 406, 209, 463, 360, 380, 441, 406, 360, 380, 195, 3, 7, 56, 380, 441, 406, 360, 380, 113, 177, 105, 463, 430, 186, 94, 494, 79, 342, 156, 494, 312, 400, 312, 430, 248, 409, 249, 491, 418, 203, 183, 415, 207, 229, 55, 103, 394, 26, 221, 202, 493, 361, 156, 210, 243]
Tree:
None
Fitness on 5000 data:
-1.743163373363857

Fitness:
-1.5249317113632974