Generation:
500

Phenotype:
u = 20;
v = bern(0.6)  - 27  * gm([14, 17, 9.6], [2, 4.7, 10], [23.3, 13.6, 2.1], [20.5, 27, 10.5]);
u = gm([16, 1, 1.1]);
v = gm([26, 10, 2.1], [6.5, 10, 3.2]);
w = bern(0.7) + gm([5.2, 7.9, 4], [28, 5, 2]);;

Genotype:
[266, 298, 346, 101, 102, 297, 437, 416, 454, 248, 109, 178, 95, 411, 87, 50, 28, 461, 357, 351, 4, 355, 346, 234, 351, 257, 248, 109, 386, 188, 411, 407, 375, 28, 351, 265, 91, 333, 416, 57, 292, 77, 249, 250, 495, 248, 249, 144, 346, 234, 461, 357, 351, 238, 355, 346, 234, 351, 357, 351, 5, 204, 250, 357, 248, 249, 355, 218, 198, 498, 165, 67, 351, 357, 97, 95, 46, 57, 358, 196, 249, 250, 495, 248, 371, 471, 346, 234, 351, 357, 220, 73, 114, 172, 235, 311, 100, 219, 419, 411, 300, 165, 67, 351, 222, 208, 265, 379, 485, 358, 97, 6, 46, 493, 462, 67, 264, 250, 495, 248, 249, 64, 416, 493, 97, 95, 46, 57, 358, 196, 249, 250, 495, 248, 45, 471, 346, 234, 351, 357, 220, 73, 114, 172, 235, 311, 100, 123, 419, 411, 300, 165, 67, 351, 222, 208, 333, 249, 250, 495, 248, 45, 471, 167, 234, 351, 357, 220, 73, 114, 172, 235, 311, 275, 123, 419, 411, 300, 165, 67, 351, 222, 208, 333, 166, 493, 358, 97, 408, 46, 493, 462, 67, 264, 250, 495, 248, 249, 64, 416, 493, 358, 97, 207, 46, 493, 358, 67, 249, 250, 495, 248, 249, 64, 416, 472, 360, 124, 180, 249, 355, 346, 234, 351, 357, 351, 73, 114, 464, 235, 311, 62, 83, 104, 18, 351, 357, 351, 73, 114, 464, 235, 351, 249, 97, 249, 250, 495, 248, 249, 64, 416, 245, 47, 226, 166, 472, 360, 259, 180, 218, 249, 250, 495, 248, 249, 64, 416, 245, 47, 226, 166, 249, 185, 421, 87, 54, 147, 234, 184, 249, 250, 495, 248, 249, 64, 416, 245, 47, 464, 111, 362, 30, 495, 234, 237, 495, 234, 237, 380, 122, 67, 421, 87, 358, 134, 234, 184, 401, 433, 398, 376, 10, 224, 449, 67, 442, 135, 441, 176, 22, 399, 402, 249, 433, 372, 156, 228, 360, 259, 347, 218, 278, 426]
Tree:
None
Fitness on 5000 data:
-5.706665526584508

Fitness:
-5.6027807934039755