Generation:
500

Phenotype:
u = bern(0.2) + 6  * u; 
v = uniform([7, 6], 1)  - 4  * v; 
if v < 24 { 
  if 22 * bern(0.3) + 25 * uniform([13, 8.8], 1) + uniform([25, 5.4], 1) >= 3 { 
    w = uniform([3, 6], 1);
   } else { 
     w =  9  - 30; 
   } end if;
 } else { 
   w =  13 + 17 * 8; 
 } end if;

Genotype:
[363, 292, 186, 379, 379, 31, 347, 276, 12, 248, 498, 242, 379, 408, 41, 484, 70, 252, 280, 298, 319, 488, 148, 140, 319, 488, 148, 75, 245, 415, 53, 15, 20, 245, 251, 304, 78, 106, 1, 473, 268, 36, 242, 96, 430, 180, 245, 408, 30, 16, 242, 251, 264, 78, 242, 96, 12, 248, 36, 242, 488, 298, 319, 488, 148, 278, 319, 488, 148, 75, 245, 415, 389, 380, 20, 245, 251, 292, 111, 379, 379, 262, 319, 276, 81, 248, 299, 242, 336, 408, 41, 325, 70, 210, 280, 352, 319, 309, 148, 75, 433, 245, 408, 30, 16, 242, 251, 264, 78, 242, 96, 12, 248, 36, 242, 379, 408, 41, 1, 473, 268, 36, 20, 272, 396, 96, 176, 379, 182, 41, 484, 292, 369, 304, 78, 134, 1, 96, 430, 433, 36, 242, 36, 242, 379, 96, 229, 248, 36, 242, 379, 408, 41, 1, 473, 268, 36, 242, 96, 430, 461, 245, 280, 127, 190, 488, 148, 140, 319, 488, 148, 75, 245, 415, 280, 380, 20, 245, 251, 304, 78, 106, 1, 473, 268, 36, 242, 96, 430, 433, 245, 408, 30, 212, 242, 251, 264, 78, 97, 1, 245, 61, 280, 134, 473, 268, 36, 242, 96, 430, 433, 245, 408, 30, 16, 120, 9, 412, 78, 97, 1, 245, 61, 280, 134, 20, 272, 396, 96, 114, 379, 288, 41, 484, 292, 369, 379, 379, 379, 61, 276, 12, 248, 36, 242, 430, 461, 245, 408, 30, 16, 242, 251, 264, 78, 97, 1, 61, 280, 447, 380, 20, 245, 251, 408, 1, 401, 377, 280, 298, 319, 488, 148, 140, 319, 488, 148, 75, 245, 415, 280, 380, 20, 245, 319, 488, 148, 75, 319, 488, 148, 75, 245, 415, 280, 380, 20, 245, 251, 304, 78, 134, 1, 473, 268, 36, 242, 96, 430, 461, 245, 408, 30, 16, 242, 251, 264, 78, 97, 1, 245, 61, 408, 41, 484, 70, 377, 280, 158, 54, 488, 148, 75, 319, 75, 319, 488, 148, 75, 245, 181, 280, 380, 134, 1, 473, 245, 251, 488, 148, 272, 396, 96, 114, 379, 288, 41, 484, 366, 1, 408, 246, 484, 70, 120, 379, 379, 278, 347, 276, 12, 248, 36, 242, 379, 408, 41, 484, 70, 210, 280, 2, 134, 1, 473, 268, 36, 242, 96, 430, 461, 245, 251, 248, 36, 242, 379, 408, 41, 484, 70, 210, 280, 53, 319, 488, 148, 75, 319, 488, 148, 75, 245, 181, 280, 380, 20, 245, 251, 304, 78, 134, 1, 473, 268, 148, 225, 185, 197, 369, 379, 379, 379, 61, 276, 12, 248, 36, 242, 379, 408, 41, 347, 276, 12, 248, 36, 242, 379, 408, 41, 484, 70, 210, 327, 53, 319, 488, 148, 75, 319, 488, 114, 20, 272, 144, 245, 251, 30, 453, 242, 251, 242, 251, 53, 319, 488, 148, 75, 319, 488, 148, 75, 245, 181, 280, 380, 20, 245, 251, 304, 488, 148, 75, 245, 181, 280, 380, 20, 245, 251, 264, 78, 151, 280, 380, 131, 488, 148, 75, 251, 381, 78, 298, 246, 280, 53, 319, 488, 75, 319, 488, 148, 75, 245, 181, 280, 380, 20, 245, 251, 264, 78, 144, 245, 251, 30, 453, 242, 251, 242, 251, 264, 78, 97, 1, 245, 61, 280, 380, 20, 272, 144, 7, 186, 56, 148, 114, 464, 296, 114, 464, 210, 418, 263, 188, 177, 328, 380, 147, 91, 178, 177, 81, 461, 147, 217, 96, 50, 334, 421, 58, 283, 435, 134, 380, 396, 327, 70, 278, 56, 180, 66, 414, 73, 323, 383, 154, 276, 199, 285, 58, 7, 488, 418, 148, 225, 185, 197, 369, 380, 147, 91, 178, 177, 81, 461, 147, 377, 345, 188, 241, 120, 190, 179, 58, 283, 167, 211, 340, 108, 69, 448, 204, 280, 6, 468, 128, 387, 235, 342, 370, 96, 72, 401, 108, 36, 138, 361, 166, 423, 403, 25, 167, 331, 286, 203, 221, 337, 176, 119, 414, 73, 290, 383, 154, 276, 199, 285, 58, 7, 488, 56, 482, 225, 185, 252, 369, 380, 147, 91, 178, 177, 81, 461, 147, 217, 345, 188, 241, 120, 219, 239, 72, 255, 235, 61, 252, 468, 456, 36, 117, 45, 61, 153, 498, 87, 425, 21, 207, 237, 187, 191, 378, 330, 490, 325, 232, 474, 51, 333]
Tree:
None
Fitness on 5000 data:
28.905692378186362

Fitness:
29.898258989260434