Generation:
500

Phenotype:
a = gm([21, 0.7, 2]) + uniform([0, 1], 2); 
if b != 2 { 
  b = gm([10, 2, 4.9]) + a; 
 } else { 
  b = gm([30, 0.7, 2], [20.1, 9, 2], [18, 16.1, 2]) + uniform([10, 5], 2); 
 } end if;

Genotype:
[307, 124, 297, 52, 480, 228, 300, 27, 310, 222, 194, 219, 141, 20, 465, 94, 387, 25, 448, 87, 457, 95, 4, 90, 241, 126, 122, 134, 16, 157, 389, 159, 233, 423, 348, 288, 124, 216, 52, 373, 228, 309, 25, 310, 222, 194, 219, 141, 31, 237, 423, 348, 288, 122, 498, 316, 108, 111, 159, 233, 495, 164, 498, 126, 122, 134, 16, 157, 389, 159, 233, 423, 348, 288, 124, 297, 52, 480, 228, 309, 457, 95, 4, 90, 241, 431, 122, 87, 141, 20, 37, 136, 387, 25, 448, 87, 457, 95, 4, 90, 241, 431, 122, 87, 16, 157, 389, 159, 233, 495, 494, 288, 416, 229, 107, 232, 0, 122, 498, 316, 108, 175, 275, 87, 16, 157, 389, 159, 233, 495, 494, 288, 416, 229, 233, 367, 354, 164, 498, 316, 108, 175, 275, 293, 295, 201, 315, 374, 176, 87, 457, 95, 4, 219, 141, 20, 465, 136, 217, 25, 448, 87, 457, 95, 126, 393, 89, 43, 178, 229, 432, 4, 13, 66, 308, 167, 43, 122, 91, 316, 108, 175, 275, 315, 116, 142, 396, 168, 128, 24, 433, 277, 467, 43, 122, 498, 388, 56, 444, 252, 234, 15, 261, 213, 201, 411, 424, 436, 412, 88, 328, 260, 479, 58, 248, 27, 398, 251, 253, 185, 419]
Tree:
None
Fitness on 5000 data:
-5.060430772791307

Fitness:
-4.7849133725847715