Generation:
500

Phenotype:
w = uniform([14, 5], 2);
v = 1  * uniform([5, 7], 1) + bern(0.5);
w = 13  * uniform([24, 7], 1)  - uniform([17, 4], 4);
u = 21 * 15  - 20;
u = 23;
u = 15  * gm([8.7, 12, 19]);
w = bern(0.8)  - 5;
u = bern(0.5);
w = gm([6, 7.3, 4.3], [0.3, 16, 4], [19, 5, 2]);;

Genotype:
[145, 2, 178, 401, 404, 105, 24, 146, 45, 348, 13, 425, 278, 368, 88, 106, 70, 322, 280, 102, 129, 488, 249, 404, 177, 327, 499, 125, 162, 18, 185, 425, 439, 106, 70, 24, 146, 195, 244, 348, 162, 110, 322, 471, 411, 106, 70, 322, 258, 221, 398, 223, 362, 294, 128, 364, 237, 368, 411, 393, 189, 188, 128, 364, 47, 446, 345, 114, 144, 391, 232, 129, 488, 67, 8, 258, 348, 105, 456, 391, 124, 250, 180, 431, 143, 75, 315, 115, 416, 102, 129, 488, 475, 234, 177, 327, 499, 490, 162, 70, 237, 368, 411, 393, 189, 177, 364, 223, 345, 162, 398, 223, 345, 398, 223, 345, 403, 128, 364, 47, 370, 345, 114, 116, 391, 102, 129, 488, 188, 322, 258, 221, 398, 171, 60, 245, 162, 226, 132, 4, 395, 312, 168, 425, 109, 140, 261, 339, 358, 419, 273, 409, 102, 129, 488, 188, 189, 177, 327, 499, 125, 162, 18, 278, 368, 411, 106, 70, 24, 146, 195, 69, 348, 162, 110, 278, 368, 411, 106, 70, 322, 258, 221, 398, 223, 345, 188, 128, 364, 47, 446, 345, 114, 144, 391, 102, 129, 488, 188, 322, 258, 221, 398, 171, 60, 245, 162, 226, 132, 4, 395, 312, 168, 425, 109, 140, 261, 339, 358, 419, 273, 409, 102, 129, 395, 188, 189, 177, 327, 499, 125, 162, 18, 278, 368, 411, 106, 70]
Tree:
None
Fitness on 5000 data:
-5.350853121842382

Fitness:
-5.088626208765679