Generation:
500

Phenotype:
u = 0  - 0;
v = u + w;
v = u + bern(0.5);
w = w;
v = x + x;
v = u + bern(0.9);
w = 0;
u = 1;
w = 0 + bern(0.1);
u = bern(0.3); 
  if u == 1 { 
       if w == 1{ 
             x = gm([0.8, 1, 0], [0.2, 0, 0]); 
       } else { 
             x = gm([0.2, 1, 0], [0.8, 0, 0]); 
       } end if; 
 } else { 
       if v == 1{ 
             x = gm([0.8, 1, 0], [0.2, 0, 0]); 
       } else { 
             x = gm([0.2, 1, 0], [0.8, 0, 0]); 
       } end if; 
 } end if;

Genotype:
[218, 18, 346, 240, 212, 134, 369, 36, 121, 278, 36, 469, 481, 382, 246, 54, 180, 140, 352, 362, 78, 42, 488, 481, 373, 320, 36, 212, 134, 469, 481, 382, 246, 54, 180, 140, 352, 362, 78, 42, 488, 481, 373, 320, 36, 251, 352, 166, 119, 372, 399, 89, 181, 354, 106, 112, 276, 249, 350, 3, 166, 150, 362, 399, 89, 424, 220, 251, 120, 228, 447, 121, 320, 36, 346, 238, 481, 356, 246, 35, 180, 140, 352, 362, 296, 318, 182, 385, 182, 385, 203, 292, 288, 337, 25, 371, 166, 89, 389, 354, 102, 354, 406, 136, 429, 121, 58, 36, 87, 238, 481, 26, 294, 386, 382, 376, 31, 203, 11, 288, 337, 25, 121, 58, 36, 100, 238, 481, 356, 246, 54, 180, 140, 352, 166, 150, 264, 399, 89, 424, 354, 106, 204, 276, 249, 465, 3, 166, 150, 362, 399, 89, 424, 220, 251, 120, 228, 447, 121, 320, 36, 346, 238, 31, 356, 246, 35, 180, 140, 352, 362, 296, 318, 182, 385, 417, 292, 288, 337, 25, 371, 36, 346, 238, 481, 356, 246, 35, 180, 140, 352, 362, 296, 318, 182, 323, 182, 385, 203, 292, 288, 337, 25, 371, 166, 89, 389, 354, 102, 354, 406, 136, 429, 121, 58, 36, 87, 238, 481, 26, 294, 386, 382, 376, 31, 203, 11, 288, 337, 25, 121, 58, 36, 100, 238, 481, 356, 246, 54, 180, 140, 352, 166, 150, 264, 399, 89, 424, 354, 106, 204, 276, 249, 465, 3, 166, 150, 362, 399, 89, 424, 220, 251, 120, 228, 447, 121, 320, 36, 346, 238, 31, 356, 246, 35, 180, 140, 352, 95, 296, 318, 182, 385, 417, 292, 288, 337, 25, 371, 166, 89, 389, 354, 16, 227, 356, 425, 40, 229, 393, 383, 306, 183, 334, 430, 227, 294, 386, 382, 376, 31, 54, 347, 442]
Tree:
None
Fitness on 5000 data:
-1.7498492060197233

Fitness:
-1.4424388414113647