Generation:
500

Phenotype:
a = 9 + gm([21.5, 21.2, 27], [16.3, 18, 15], [20, 23, 13]); 
b = 26  * uniform([0, 0.7], 1); 
a = gm([16, 1.4, 2.2]);;

Genotype:
[7, 487, 110, 366, 288, 114, 52, 393, 447, 393, 85, 41, 21, 361, 168, 213, 467, 123, 16, 389, 428, 18, 178, 15, 330, 474, 206, 406, 302, 396, 230, 45, 46, 336, 140, 403, 299, 93, 69, 168, 216, 326, 317, 404, 426, 60, 313, 168, 216, 326, 273, 404, 426, 105, 219, 289, 392, 225, 109, 334, 219, 382, 69, 282, 351, 184, 93, 313, 168, 216, 326, 18, 46, 15, 330, 327, 206, 406, 302, 396, 230, 45, 46, 154, 140, 226, 57, 93, 313, 168, 216, 326, 429, 404, 426, 105, 219, 362, 392, 225, 109, 334, 219, 382, 69, 282, 351, 184, 226, 26, 483, 106, 175, 464, 404, 246, 188, 163, 441, 73, 383, 48, 489, 261, 473, 196, 302, 107, 413, 286, 360, 32, 218, 353, 22, 122, 489, 54, 422, 363, 180, 449, 108, 165, 149, 407, 350, 111, 29]
Tree:
None
Fitness on 5000 data:
-5.825391734160528

Fitness:
-5.22254362586732