Generation:
500

Phenotype:
w = uniform([3, 7.3], 1);
u = bern(0.3) + 20  * u;
v = uniform([5, 9.4], 1) + bern(0.5);;

Genotype:
[260, 464, 352, 16, 329, 141, 264, 70, 344, 309, 472, 470, 184, 497, 390, 59, 390, 367, 207, 271, 272, 145, 51, 128, 444, 213, 68, 465, 475, 340, 102, 194, 439, 483, 102, 390, 232, 390, 59, 472, 179, 184, 497, 390, 218, 495, 472, 179, 338, 497, 390, 59, 390, 59, 207, 271, 272, 145, 51, 475, 381, 102, 86, 284, 413, 282, 36, 189, 98, 56, 314, 444, 340, 102, 145, 53, 376, 213, 262, 465, 475, 381, 102, 280, 12, 413, 282, 36, 189, 98, 56, 314, 214, 130, 213, 262, 465, 475, 340, 102, 31, 64, 213, 480, 132, 222, 112, 464, 12, 212, 282, 36, 189, 98, 56, 314, 214, 130, 136, 69, 463, 410, 472, 215, 433, 251, 87, 463, 319, 472, 21, 462, 432, 23, 141, 392, 348, 289, 293, 50, 53, 228, 142, 14, 404, 259, 305, 427, 1]
Tree:
None
Fitness on 5000 data:
-5.08571964363557

Fitness:
-4.638192963358262