Generation:
500

Phenotype:
a = uniform([26, 4], 3)  - uniform([25, 5.1], 1); 
if b != 6 { 
  b = a + gm([11.7, 4.6, 4]); 
 } else { 
  b = 14  * gm([25, 5.1, 14], [6.8, 11.1, 4], [4, 29.1, 4], [4, 14, 8.1], [4.2, 4, 11.8]) + 16 * 11; 
 } end if;

Genotype:
[6, 260, 405, 23, 491, 234, 57, 22, 177, 68, 304, 169, 129, 144, 304, 76, 203, 73, 316, 169, 129, 135, 304, 345, 46, 76, 279, 73, 465, 471, 345, 194, 304, 345, 496, 169, 169, 46, 177, 68, 304, 169, 129, 144, 304, 76, 203, 73, 316, 169, 129, 135, 135, 304, 345, 135, 304, 345, 169, 463, 135, 304, 345, 135, 304, 345, 204, 76, 169, 349, 135, 316, 169, 345, 433, 304, 345, 455, 135, 304, 401, 169, 233, 135, 304, 345, 135, 304, 345, 204, 76, 169, 349, 135, 316, 169, 345, 135, 304, 345, 455, 135, 304, 171, 168, 76, 279, 73, 316, 429, 345, 135, 304, 345, 22, 177, 68, 452, 201, 483, 289, 73, 316, 169, 345, 135, 304, 345, 121, 135, 304, 171, 46, 76, 279, 135, 304, 171, 46, 76, 279, 73, 316, 169, 345, 135, 73, 316, 169, 345, 135, 304, 345, 121, 135, 304, 345, 391, 364, 173, 15, 390, 48, 390, 259, 434, 130, 12, 371, 425, 304, 345, 121, 252, 451, 345, 266, 201, 483, 97, 199, 406, 171, 25, 373, 420, 76, 203, 124, 407, 483, 289, 139, 345, 258, 128, 483, 312, 129, 92, 132, 109, 434, 130, 12, 46, 76, 279, 73, 316, 169, 129, 135, 304, 345, 121, 252, 451, 345, 153, 110, 432, 391, 364, 173, 15, 390, 48, 390, 259, 434, 130, 12, 463, 28, 371, 425, 217, 345, 121, 252, 451, 345, 266, 201, 483, 97, 199, 406, 171, 25, 373, 420, 76, 203, 124, 201, 483, 289, 139, 345, 258, 128, 483, 312, 129, 92, 132, 109, 434, 130, 12, 46, 76, 279, 73, 316, 169, 129, 135, 304, 345, 121, 252, 451, 345, 266, 201, 483, 132, 199, 406, 171, 25, 373, 420, 483, 97, 199, 406, 171, 252, 451, 259, 22, 177, 371, 22, 177, 68, 124, 201, 483, 431, 304, 47, 406, 2, 30, 182, 467, 256, 299, 457, 162, 147, 38, 112, 37, 352, 231, 107, 148, 81, 186, 347, 458, 410, 219, 474, 99, 13, 318, 318, 319, 414, 372, 61, 446, 406, 142, 351, 198, 89, 349, 435, 344]
Tree:
None
Fitness on 5000 data:
-5.10915569981444

Fitness:
-4.660762381951327