Generation:
500

Phenotype:
a = a + 30  * b; 
b = a  - 3  * gm([19, 26, 5.4], [1, 15, 30]); 
a = a;
b = gm([3, 10, 1.8], [5, 2.4, 5.6]);
a = gm([12, 1.4, 2.4]);;

Genotype:
[219, 205, 96, 186, 472, 10, 495, 78, 57, 374, 36, 3, 374, 367, 96, 445, 367, 374, 422, 216, 367, 213, 36, 57, 374, 318, 249, 36, 232, 318, 216, 1, 120, 193, 10, 495, 78, 57, 374, 80, 216, 443, 120, 276, 445, 375, 78, 96, 186, 196, 493, 435, 304, 392, 120, 36, 57, 374, 318, 249, 36, 374, 318, 216, 1, 120, 276, 225, 289, 304, 80, 229, 205, 249, 84, 57, 374, 318, 1, 120, 276, 225, 289, 304, 80, 229, 205, 249, 84, 57, 374, 318, 216, 367, 96, 445, 367, 374, 318, 216, 367, 213, 495, 78, 96, 41, 196, 493, 233, 445, 367, 120, 36, 57, 374, 318, 216, 235, 120, 276, 225, 470, 253, 35, 216, 289, 259, 80, 242, 205, 496, 407, 416, 189, 22, 421, 445, 367, 96, 367, 96, 36, 12, 374, 318, 216, 187, 309, 22, 277, 131, 324, 96, 36, 140, 95, 190, 450, 317, 313, 423, 75, 291, 155, 495, 356, 448, 96, 215, 313, 48, 384, 242, 205, 249, 66, 172, 477, 312, 324, 51, 140, 412, 217, 137, 142, 340, 189, 295, 326, 390, 129, 216, 96, 54, 378, 375, 120, 76, 78, 347, 70, 462, 249, 294, 188, 166, 187, 236, 363, 157]
Tree:
None
Fitness on 5000 data:
-5.114308899047622

Fitness:
-4.844334379958742