Generation:
500

Phenotype:
skill1 = 6  - 4  * uniform([7, 7.6], 3);
p1wins = skill1  - bern(0.6);
p1wins = 4 * 6  - 19;
p1wins = bern(0.6) + bern(0.8);
p1wins = bern(0.6);
skill1 = 16  - 11  * uniform([14, 6], 3);
skill1 = 13  * bern(0.8) + 2  * gm([8, 3, 4.1], [25.6, 4.4, 1]);
skill2 = uniform([8, 0.4], 1) + uniform([5, 12.9], 1);;

Genotype:
[453, 14, 128, 14, 210, 347, 482, 402, 99, 439, 128, 14, 131, 417, 162, 347, 482, 65, 14, 131, 128, 332, 162, 68, 297, 162, 67, 482, 128, 14, 311, 410, 395, 131, 417, 97, 347, 482, 446, 360, 439, 128, 14, 131, 79, 162, 347, 482, 402, 99, 439, 128, 14, 131, 417, 162, 347, 482, 128, 14, 156, 417, 206, 347, 482, 47, 196, 104, 6, 417, 162, 347, 322, 47, 196, 292, 6, 37, 22, 416, 255, 448, 274, 126, 37, 283, 0, 380, 162, 158, 375, 345, 405, 106, 39, 118, 356, 401, 438, 120, 392, 156, 162, 318, 474, 358, 367, 207, 446, 132, 117, 465, 120, 392, 156, 162, 222, 263, 322, 314, 196, 106, 39, 446, 120, 392, 156, 162, 259, 263, 4, 92, 32, 263, 358, 356, 99, 383, 120, 392, 156, 162, 318, 263, 358, 367, 318, 446, 132, 117, 283, 0, 380, 274, 416, 128, 14, 131, 128, 332, 162, 188, 297, 162, 67, 482, 128, 14, 311, 197, 395, 131, 128, 14, 156, 417, 206, 347, 482, 47, 196, 104, 6, 0, 380, 162, 158, 375, 345, 405, 106, 39, 446, 356, 401, 438, 120, 392, 156, 162, 318, 263, 358, 367, 207, 446, 132, 117, 465, 120, 392, 156, 162, 222, 263, 322, 314, 196, 106, 39, 446, 120, 392, 156, 162, 259, 263, 4, 92, 32, 263, 358, 106, 39, 310, 155, 99, 162, 158, 239, 345, 416, 106, 39, 446, 226, 29, 439, 180, 392, 156, 162, 318, 332, 316, 106, 39, 446, 132, 99, 14, 128, 14, 131, 226, 99, 439, 120, 459, 165, 162, 318, 332, 399, 106, 39, 446, 132, 99, 318, 263, 358, 92, 32, 263, 358, 106, 39, 446, 155, 99, 465, 120, 392, 156, 162, 318, 263, 39, 446, 132, 99, 14, 128, 14, 131, 226, 99, 439, 120, 459, 165, 162, 318, 332, 399, 106, 39, 446, 132, 99, 318, 263, 358, 92, 32, 263, 358, 106, 39, 446, 155, 99, 465, 120, 392, 156, 162, 318, 263, 358, 284, 32, 160, 167, 420, 228, 96, 408, 189, 134, 113, 202, 76, 175, 391, 208, 420, 386, 223, 189, 448, 82, 172, 202, 318, 459, 16, 253, 120, 462, 99, 60, 27, 221, 56, 493, 177, 121, 221, 126, 461, 283, 113, 57, 313, 318, 141, 322, 318, 459, 444, 134, 417, 8, 268, 208, 322, 180, 249, 56, 42, 284, 299, 102, 174, 328, 294, 210, 334, 201, 285, 385, 467, 448, 200, 366, 74]
Tree:
None
Fitness on 5000 data:
-6.841017962312763

Fitness:
-6.379289582643996