Generation:
500

Phenotype:
v = uniform([6, 8], 1) + 17  * v;
u = gm([22, 4.1, 10.7]);
u = bern(0.3);
if u==1 { 
  if v > 12 { 
    w = gm([1,12.,2.]);
   } else { 
    w = gm([1,6.,2.]); 
   } end if;
 } else { 
  w = gm([1,6.,2.]); 
 } end if;

Genotype:
[77, 137, 106, 268, 388, 208, 360, 142, 440, 42, 142, 376, 409, 48, 284, 400, 473, 478, 360, 438, 486, 153, 361, 268, 388, 208, 145, 438, 486, 153, 351, 42, 87, 478, 37, 291, 486, 153, 123, 2, 248, 450, 461, 188, 466, 383, 282, 242, 266, 232, 27, 338, 254, 316, 82, 158, 489, 471, 56, 374, 46, 224, 28, 460, 195, 372, 430, 258, 34, 274, 474, 234, 112, 407, 225, 235, 402, 477, 26, 487, 424, 169, 26, 376, 233, 174, 393, 194, 276, 254, 330, 113, 108, 430]
Tree:
None
Fitness on 5000 data:
-4.792458026888873

Fitness:
-4.648595368605966