Generation:
500

Phenotype:
preplevel = gm([0.9, 0, 0], [0.4, 1, 0], [0.8, 2, 0]); 
  if damage + gm([0.5, 0, 0], [0.1, 1, 0], [0.8, 2, 0]) >= 4 { 
       damage = gm([0.6, 0, 0], [0.9, 1, 0]) + preplevel; 
 } else { 
       if preplevel != 2 { 
             damage = gm([0.2, 0, 0], [0.9, 1, 0]); 
       } else { 
             damage = gm([0.9, 0, 0], [0.4, 1, 0]); 
       } end if; 
 } end if;

Genotype:
[17, 34, 472, 81, 253, 350, 156, 88, 129, 237, 320, 109, 320, 409, 237, 238, 450, 142, 142, 34, 407, 194, 94, 58, 221, 350, 156, 88, 142, 274, 34, 409, 302, 238, 450, 393, 34, 379, 305, 94, 296, 109, 370, 35, 237, 346, 450, 164, 112, 238, 237, 320, 109, 320, 409, 237, 238, 450, 142, 142, 34, 407, 88, 94, 350, 200, 88, 129, 205, 52, 88, 129, 499, 284, 450, 222, 240, 109, 320, 142, 274, 34, 409, 237, 238, 221, 350, 156, 88, 350, 156, 88, 340, 274, 3, 116, 145, 409, 109, 320, 94, 296, 11, 148, 133, 234, 324, 3, 116, 145, 409, 109, 320, 35, 237, 284, 450, 222, 448, 34, 407, 131, 238, 450, 373, 142, 34, 407, 494, 63, 58, 221, 385, 351, 109, 320, 409, 237, 238, 450, 142, 142, 34, 407, 494, 94, 409, 294, 409, 297, 298]
Tree:
None
Fitness on 5000 data:
-1.4273822263416895

Fitness:
-1.3578023072994971