Generation:
500

Phenotype:
contentDifficulty = 16 + uniform([4, 20.7], 1);
questionsAfterLectureLength = gm([5, 25.2, 4], [25.8, 10, 4]);;

Genotype:
[61, 413, 346, 123, 362, 457, 56, 330, 109, 471, 190, 97, 1, 175, 123, 260, 165, 146, 129, 403, 483, 66, 165, 383, 418, 408, 457, 56, 262, 66, 345, 362, 123, 56, 160, 66, 165, 412, 190, 480, 1, 303, 196, 497, 381, 346, 345, 362, 457, 56, 262, 315, 471, 426, 168, 1, 303, 233, 202, 165, 162, 177, 381, 490, 408, 273, 46, 177, 291, 460, 333, 171, 341, 403, 200]
Tree:
None
Fitness on 5000 data:
-6.175334394555969

Fitness:
-6.041659484340904