Generation:
500

Phenotype:
w = u;
v = bern(0.8) + 0;
u = bern(0.3)  - x;
w = bern(0.1) + w; 
  if u == 1 { 
       if w == 1{ 
             x = gm([0.8, 1, 0], [0.2, 0, 0]); 
       } else { 
             x = gm([0.2, 1, 0], [0.8, 0, 0]); 
       } end if; 
 } else { 
       if v == 1{ 
             x = gm([0.8, 1, 0], [0.2, 0, 0]); 
       } else { 
             x = gm([0.2, 1, 0], [0.8, 0, 0]); 
       } end if; 
 } end if;

Genotype:
[22, 455, 436, 350, 498, 438, 288, 252, 148, 438, 306, 401, 196, 72, 109, 16, 459, 212, 188, 258, 80, 347, 476, 163, 200, 76, 252, 259, 224, 126, 320, 282, 1, 166, 437, 369, 118, 288, 134, 148, 438, 306, 401, 196, 72, 109, 16, 459, 212, 188, 258, 80, 347, 476, 163, 273, 76, 436, 350, 498, 438, 288, 455, 436, 350, 498, 438, 288, 134, 217, 318, 264, 111, 75, 330, 196, 72, 109, 482, 109, 16, 459, 212, 188, 164, 80, 347, 444, 320, 282, 188, 258, 80, 347, 444, 163, 183, 76, 252, 259, 224, 126, 320, 282, 1, 166, 437, 164, 495, 316, 446, 289, 260, 114, 88, 182, 40, 123, 9, 384, 16, 64, 448, 313, 335, 449, 354, 425, 78, 247, 86, 263, 395, 195, 87, 198, 31, 216, 14, 142, 448, 346, 447, 155, 491, 404, 78, 43, 80, 59, 434, 311, 421]
Tree:
None
Fitness on 5000 data:
-1.7257249547581888

Fitness:
-1.5881378386689797