Generation:
500

Phenotype:
preplevel = preplevel + gm([0.6, 0, 0], [0.1, 1, 0], [0.2, 2, 0]);
damage = gm([0.5, 0, 0], [0.7, 1, 0]);

Genotype:
[494, 70, 86, 204, 152, 243, 108, 340, 68, 70, 335, 95, 302, 225, 334, 78, 212, 140, 243, 108, 340, 87, 264, 310, 177, 166, 428, 456, 204, 140, 353, 108, 340, 87, 140, 345, 356, 90, 345, 356, 444, 334, 78, 465, 62, 243, 108, 340, 87, 264, 310, 432, 243, 108, 204, 140, 243, 108, 340, 87, 81, 310, 177, 166, 428, 456, 334, 140, 353, 108, 340, 392, 140, 345, 259, 90, 338, 212, 368, 100, 351, 246, 364, 378, 110, 16, 399, 144, 384, 289, 431, 440, 212, 368, 177, 108, 340, 87, 264, 310, 323, 140, 345, 356, 90, 338, 212, 368, 304, 351, 246, 364, 378, 110, 16, 138, 144, 384, 289, 83, 338, 212, 368, 100, 38, 246, 364, 378, 110, 34, 11, 0, 300, 400, 147, 325, 68, 174, 423, 499, 416, 262, 475, 485, 306]
Tree:
None
Fitness on 5000 data:
-1.6930452758046415

Fitness:
-1.564173505382796