Generation:
500

Phenotype:
w = uniform([4, 5], 1);
v = bern(0.9)  - gm([11, 30, 7]);
u = bern(0.8)  - bern(0.5);
v = gm([13.2, 1.1, 6.7])  - 13  * v;
v = gm([28, 4, 2]) + 5;;

Genotype:
[463, 286, 340, 265, 257, 228, 414, 454, 35, 368, 265, 84, 224, 372, 259, 17, 126, 427, 35, 96, 265, 194, 432, 414, 454, 154, 368, 224, 98, 224, 372, 336, 17, 453, 427, 394, 96, 479, 256, 122, 42, 323, 256, 35, 261, 161, 96, 277, 137, 235, 51, 342, 342, 321, 254, 384, 223, 478, 276, 28, 432, 84, 473, 55, 478, 249, 93, 94, 388, 245, 376, 159, 140, 126, 341, 224, 98, 224, 372, 375, 32, 17, 93, 320, 469, 440, 255, 461, 350, 480, 96, 293, 137, 235, 51, 342, 321, 254, 384, 55, 478, 354, 93, 432, 228, 245, 376, 348, 43, 339, 150, 375, 164, 53, 346, 305, 29, 468, 43, 84, 342, 262, 70, 167, 16, 310, 480, 478, 22, 407, 91, 379, 240, 30, 468, 5, 136, 228, 307, 454, 418, 61, 87, 32, 17, 271, 490, 410, 167, 185, 30, 444, 485, 123, 151, 464, 299, 368, 17, 480, 258, 273, 354, 256, 122, 83, 470, 221, 252, 108, 438, 350, 35, 261, 161, 93, 432, 414, 454, 35, 463, 440, 255, 461, 350, 480, 96, 293, 137, 235, 51, 342, 321, 254, 384, 55, 478, 335, 28, 432, 228, 459, 55, 478, 354, 66, 432, 228, 245, 376, 159, 43, 470, 150, 375, 32, 17, 93, 320]
Tree:
None
Fitness on 5000 data:
-5.3735691054366495

Fitness:
-5.156945278954236