Generation:
500

Phenotype:
eyecolor = eyecolor; 
 haircolor = gm([0.7, 0, 0], [0.1, 1, 0]) + gm([0.8, 0, 0], [0.1, 1, 0], [0.1, 2, 0], [0.3, 3, 0]); 
 hairlength = gm([0.6, 0, 0], [0.1, 1, 0], [0.2, 2, 0]); 
 eyecolor = gm([0.8, 0, 0], [0.2, 1, 0], [0.2, 2, 0]);

Genotype:
[471, 132, 120, 420, 465, 19, 170, 197, 30, 447, 405, 36, 163, 464, 295, 333, 324, 497, 354, 42, 135, 421, 167, 63, 370, 120, 8, 246, 246, 246, 182, 375, 391, 394, 406, 334, 225, 484, 193, 325, 456, 85, 163, 40, 295, 333, 42, 497, 467, 471, 484, 473, 65, 200, 1, 352, 456, 296, 362, 79, 289, 120, 480, 311, 420, 472, 205, 411, 392, 196, 330, 297, 349, 309, 251, 187, 106, 408, 199, 457, 225, 69, 216, 161, 21, 36, 413, 237, 85, 185, 218, 192, 235, 197, 74, 443, 304, 348, 286, 377, 235, 445, 266, 197, 74, 443, 304, 348, 286, 377]
Tree:
None
Fitness on 5000 data:
-inf

Fitness:
-2.5372310418815966