Generation:
500

Phenotype:
skill1 = 7  * p1wins  - 6; 
skill2 = 8; 
p1wins = uniform([15, 14.2], 4)  - 15  * uniform([21, 2], 2);
skill2 = 19 * 0  - 23 * 9;
skill1 = skill1  - 8  * p1wins;
skill2 = uniform([14, 14.2], 1);
p1wins = gm([1, 8.2, 19.8])  - 4  * gm([14, 14, 20.3]);
p1wins = 14 * 6  - gm([1, 8.2, 12.6]);
skill1 = uniform([14, 14.5], 1);
p1wins = gm([1, 8.2, 9.6])  - 8  * p1wins;
p1wins = 2  - uniform([0, 3], 4);;

Genotype:
[433, 83, 76, 193, 100, 116, 443, 386, 68, 3, 485, 422, 39, 185, 39, 254, 449, 57, 45, 19, 39, 16, 449, 142, 207, 210, 487, 453, 208, 38, 74, 34, 485, 38, 41, 112, 310, 35, 389, 116, 443, 386, 68, 492, 485, 54, 320, 435, 19, 39, 208, 449, 229, 266, 36, 160, 432, 426, 254, 324, 83, 76, 127, 100, 112, 443, 386, 68, 402, 485, 54, 320, 435, 19, 39, 208, 449, 236, 277, 400, 128, 405, 426, 42, 324, 38, 76, 193, 485, 38, 41, 112, 310, 35, 191, 116, 443, 386, 68, 402, 485, 54, 320, 435, 19, 39, 208, 449, 229, 266, 400, 128, 432, 426, 42, 324, 86, 324, 83, 76, 193, 416, 98, 443, 80, 68, 402, 485, 54, 290, 435, 19, 39, 208, 415, 474, 266, 19, 39, 16, 449, 57, 220, 197, 140, 23, 260, 440, 64, 243, 142, 434, 434, 56, 487, 68, 267, 369, 184, 320, 435, 19, 39, 208, 449, 229, 266, 400, 128, 432, 426, 42, 324, 38, 76, 193, 485, 23, 260, 440, 64, 243, 142, 434, 210, 487, 320, 242, 19, 2, 200, 449, 40, 220, 197, 19, 39, 288, 449, 57, 220, 197, 140, 23, 260, 440, 64, 243, 142, 434, 210, 487, 320, 242, 19, 2, 208, 449, 40, 220, 197, 140, 23, 387, 440, 310, 243, 142, 434, 210, 487, 453, 93, 101, 127, 224, 379, 29, 240, 78, 216, 112, 108, 245, 389, 134, 402, 485, 298, 320, 260, 440, 64, 243, 142, 434, 210, 487, 453, 93, 108, 245, 389, 134, 133, 61, 297, 206, 236, 372, 6, 131, 12, 433, 405, 285, 347, 482, 493, 95, 23, 267, 440, 120, 267, 266, 402, 363, 342, 280, 389, 12, 268, 332, 274, 1, 400, 470, 159, 376, 200, 65, 239, 25, 205]
Tree:
None
Fitness on 5000 data:
-6.585154129840044

Fitness:
-6.39323890125376