Generation:
500

Phenotype:
skill1 = bern(0.4);
p1wins = bern(0.1) + skill1;
skill1 = gm([19, 6, 15]) + 27  * bern(0.7);
skill2 = gm([20.1, 19, 5]) + skill2;
skill1 = uniform([15, 12.9], 1);;

Genotype:
[57, 436, 128, 439, 324, 120, 108, 127, 120, 108, 353, 422, 19, 198, 207, 216, 444, 120, 108, 46, 418, 17, 129, 58, 24, 189, 458, 344, 19, 274, 440, 120, 108, 127, 120, 299, 204, 268, 466, 322, 319, 468, 457, 446, 385, 392, 72, 344, 19, 198, 160, 216, 444, 376, 108, 46, 142, 207, 216, 444, 306, 108, 457, 446, 242, 392, 72, 344, 19, 198, 160, 216, 249, 46, 108, 46, 120, 108, 204, 189, 50, 344, 19, 274, 324, 120, 108, 127, 325, 386, 412, 14, 316, 92, 221, 429, 34, 468, 75, 268, 7, 161, 101, 144, 425, 198, 160, 216, 444, 376, 108, 46, 120, 108, 204, 268, 466, 322, 319, 253, 457, 446, 385, 392, 72, 344, 19, 198, 160, 216, 444, 376, 108, 46, 142, 207, 216, 444, 117, 108, 207, 216, 444, 117, 108, 46, 418, 34, 325, 69, 412, 14, 316, 92, 221, 429, 34, 468, 75, 268, 7, 161, 101, 144, 425, 113, 159, 50, 125, 83, 49, 184, 48, 200, 304, 467, 38, 425, 396, 425, 120, 77, 427, 268, 467, 196, 370, 329, 472, 234, 82, 342, 304, 97, 496, 428, 383, 26, 48, 316, 462, 492, 27, 213]
Tree:
None
Fitness on 5000 data:
-6.5471743660528805

Fitness:
-6.30916373001462