Generation:
500

Phenotype:
contentDifficulty = 3;
contentDifficulty = gm([8, 9.9, 6]) + 4 * 5;
questionsAfterLectureLength = gm([16, 10.9, 3], [5, 17, 11]);;

Genotype:
[382, 319, 284, 312, 250, 36, 284, 178, 3, 306, 165, 414, 334, 183, 165, 408, 312, 442, 471, 381, 485, 114, 471, 293, 95, 376, 129, 495, 408, 459, 471, 345, 408, 357, 133, 414, 295, 55, 165, 350, 150, 375, 250, 36, 284, 178, 451, 266, 414, 36, 284, 178, 451, 133, 414, 334, 183, 165, 381, 261, 469, 142, 375, 250, 36, 284, 178, 184, 493, 88, 142, 375, 3, 371, 492, 133, 276, 334, 183, 293, 471, 376, 129, 495, 408, 459, 471, 402, 408, 183, 165, 381, 261, 469, 142, 183, 250, 446, 315, 353, 408, 284, 178, 184, 371, 492, 323, 414, 108, 183, 165, 381, 261, 469, 142, 183, 250, 446, 315, 353, 390, 8, 178, 184, 371, 492, 301, 284, 178, 184, 492, 56, 414, 334, 241, 381, 485, 114, 371, 492, 280, 284, 178, 184, 492, 56, 7, 376, 129, 495, 408, 459, 471, 402, 408, 183, 165, 381, 261, 469, 142, 183, 250, 446, 315, 353, 408, 284, 178, 184, 371, 492, 323, 414, 108, 183, 165, 381, 261, 469, 142, 183, 250, 446, 315, 353, 390, 8, 178, 184, 371, 492, 301, 284, 178, 184, 492, 56, 414, 334, 183, 165, 284, 381, 184, 63, 56, 451, 381, 178, 471, 148, 408, 284, 178, 184, 371, 492, 56, 414, 74, 183, 79, 381, 261, 469, 142, 375, 492, 56, 414, 74, 183, 165, 381, 261, 469, 142, 375, 315, 353, 183, 165, 381, 48, 469, 208, 389, 263, 211, 138, 328, 452, 232, 480]
Tree:
None
Fitness on 5000 data:
-6.226349129018287

Fitness:
-5.996236610751693