Generation:
500

Phenotype:
skill1 = 2  * gm([27.9, 16, 2])  - 12; 
skill2 = gm([10, 19.1, 3]) + bern(0.6); 
if 13 * uniform([16, 25.8], 3) + 2 * uniform([10, 8], 1) + uniform([10, 19.1], 1) + bern(0.6) <= 0 { 
  p1wins = 24  * gm([27.9, 25, 2], [12, 4, 27.6]);
 } else { 
  p1wins = bern(0.4); 
 } end if;

Genotype:
[322, 143, 406, 498, 121, 6, 5, 27, 242, 246, 47, 128, 95, 14, 196, 384, 394, 252, 77, 430, 14, 196, 237, 360, 477, 60, 344, 36, 295, 284, 193, 93, 177, 385, 210, 233, 279, 366, 331, 138, 239, 339, 95, 14, 196, 384, 394, 252, 77, 430, 14, 196, 237, 360, 477, 60, 344, 36, 295, 284, 193, 93, 177, 385, 210, 233, 279, 5, 27, 242, 246, 56, 128, 95, 14, 196, 384, 322, 252, 77, 430, 14, 306, 138, 239, 381, 171, 306, 138, 239, 29, 171, 53, 116, 419, 196, 237, 360, 477, 280, 70, 36, 422, 273, 468, 193, 93, 377, 450, 318, 375, 468, 193, 93, 377, 450, 318, 375, 29, 363, 232, 248, 384, 394, 252, 336, 296, 109, 182, 306, 267, 205, 208, 459, 201, 410, 306, 138, 239, 381, 171, 53, 116, 419, 307, 490, 149, 212, 26, 174, 231, 309, 220, 106, 327, 341, 366, 465, 246, 282, 452, 20, 253, 389, 29, 343, 481, 218, 66, 127, 246, 383, 123, 472, 251, 266, 7, 277, 121, 498, 344, 252, 89, 430, 210, 29, 279, 128, 317, 279, 247, 451, 471, 201, 125, 436, 483, 201, 241, 62, 221, 55, 336, 498, 117, 65, 104, 487, 441, 96, 355, 401, 384, 174, 480, 17, 422, 207, 118, 342, 428, 110, 44, 472, 196, 75, 297, 263, 416, 303, 152, 490, 100, 499, 269, 364, 288, 146, 204, 68, 389, 412, 362, 317, 18, 221, 91, 72, 83, 401, 418, 369, 399, 222, 242, 283, 394, 73]
Tree:
None
Fitness on 5000 data:
-6.250070145590792

Fitness:
-6.129801236449559