Generation:
500

Phenotype:
u = bern(0.1) + x; 
 v = bern(0.8); 
 w = x + bern(0.1); 
 x = w + 1; 
 x = bern(0.7) + 0;

Genotype:
[61, 202, 242, 479, 486, 204, 46, 171, 465, 490, 227, 232, 499, 388, 240, 163, 120, 455, 450, 364, 32, 38, 494, 489, 499, 492, 196, 405, 411, 163, 120, 455, 240, 57, 106, 17, 6, 158, 229, 298, 119, 97, 9, 152, 395, 329, 416, 111, 266, 32, 220, 339, 239, 143, 29, 48, 207, 172, 407, 287, 8, 173, 223, 439, 290, 148, 364, 124, 81, 64, 443, 135, 93, 23, 455, 226, 419, 370, 276, 343, 175, 54, 382, 435, 123, 427, 118, 239, 341, 347, 435, 94]
Tree:
None
Fitness on 5000 data:
-2.2359579501885274

Fitness:
-1.7530571123767975