Generation:
500

Phenotype:
w = 22  * uniform([30, 19.6], 1);
w = gm([17.9, 7, 5.2]);
v = 9  * uniform([0, 2], 1);
u = 25  * uniform([2, 5], 2) + 1  * u;
u = bern(0.3)  - 0  * gm([5, 3, 18]);;

Genotype:
[437, 256, 72, 455, 140, 432, 346, 53, 30, 247, 167, 360, 95, 44, 476, 419, 164, 114, 75, 217, 372, 447, 451, 17, 398, 38, 195, 129, 361, 328, 152, 466, 463, 156, 106, 102, 306, 124, 56, 37, 148, 194, 68, 435, 313, 100, 118, 130, 281, 488, 328, 469, 430, 435, 196, 39, 171, 348, 59, 114, 290, 252, 163, 38, 256, 248, 201, 36, 432, 346, 124, 313, 100, 452, 130, 357, 488, 328, 469, 430, 435, 196, 113, 171, 348, 59, 114, 290, 252, 163, 38, 256, 20, 201, 117, 432, 346, 124, 327, 398, 208, 257, 68, 435, 488, 100, 481, 130, 59, 488, 328, 42, 430, 435, 196, 39, 39, 171, 348, 59, 114, 290, 252, 163, 38, 256, 248, 201, 117, 432, 346, 124, 313, 100, 452, 130, 357, 488, 328, 469, 430, 435, 196, 39, 171, 348, 59, 114, 290, 252, 163, 38, 256, 248, 201, 117, 432, 346, 124, 313, 100, 452, 130, 357, 488, 328, 469, 430, 73, 196, 39, 171, 348, 59, 114, 290, 252, 163, 38, 256, 248, 201, 117, 432, 346, 124, 327, 398, 208, 257, 68, 249, 488, 100, 481, 130, 217, 488, 328, 42, 313, 100, 185, 212, 88, 75, 306, 43, 483, 75, 217, 372, 493, 451, 17, 398, 38, 85, 17, 311, 307, 152, 358, 463, 156, 358, 463, 156, 116, 11, 306, 306, 56, 184, 406, 223, 68, 435, 313, 178, 481, 256, 357, 488, 328, 80, 10, 105, 480, 208, 477, 348, 59, 114, 290, 252, 74, 224, 15, 185, 212, 88, 75, 306, 306, 451, 17, 398, 38, 85, 340, 311, 307, 152, 358, 463, 156, 116, 11, 481, 256, 357, 488, 328, 80, 430, 105, 196, 208, 477, 348, 59, 114, 290, 252, 74, 224, 15, 185, 192, 88, 75, 217, 306, 338, 106, 17, 143, 38, 85, 306, 311, 140, 152, 358, 463, 156, 116, 11, 306, 306, 24, 184, 323, 223, 68, 435, 313, 178, 481, 256, 357, 488, 328, 80, 430, 105, 196, 208, 477, 348, 134, 114, 31, 252, 74, 224, 15, 185, 84, 376, 333, 364, 190, 238, 432, 44, 139, 458, 283, 293, 153, 159, 367, 308, 357, 150, 42, 70, 217, 129, 210, 358, 295, 104, 72, 455, 117, 432, 44, 139, 252, 195, 111, 144, 32, 274, 396, 369, 194, 138, 446, 315]
Tree:
None
Fitness on 5000 data:
-5.960184181580527

Fitness:
-5.881177145515086