Generation:
500

Phenotype:
a = gm([28.2, 0.8, 1.8]); 
if b != 7 { 
  b = gm([20, 4.7, 7], [26, 7, 0.7], [23.7, 9, 2])  - b; 
 } else { 
  b = gm([23.2, 28.3, 27.7], [8, 7, 25], [23.2, 26, 9], [28.2, 19.2, 12]) + 4 * 2; 
 } end if;

Genotype:
[247, 57, 114, 493, 488, 57, 183, 379, 147, 496, 142, 433, 466, 475, 146, 415, 395, 100, 344, 381, 4, 33, 492, 51, 499, 190, 132, 88, 379, 493, 488, 57, 66, 379, 147, 496, 384, 344, 383, 395, 384, 58, 381, 4, 33, 492, 51, 289, 190, 132, 88, 379, 493, 488, 487, 379, 493, 488, 135, 492, 51, 499, 190, 132, 88, 379, 132, 490, 379, 493, 488, 487, 384, 57, 344, 381, 4, 33, 493, 190, 57, 360, 415, 244, 384, 344, 381, 4, 281, 492, 51, 499, 415, 132, 88, 114, 493, 488, 57, 183, 379, 147, 496, 142, 433, 466, 475, 312, 415, 395, 384, 344, 384, 344, 381, 393, 33, 492, 51, 499, 190, 132, 88, 379, 493, 488, 57, 66, 379, 147, 496, 384, 344, 383, 395, 384, 178, 298, 4, 339, 78, 239, 162, 492, 51, 493, 190, 57, 360, 379, 234, 421, 395, 147, 496, 115, 3, 468, 179, 422, 421, 420, 409, 369, 199, 99, 364, 472, 451, 106, 244, 108, 484, 233, 1, 187, 321, 392, 486, 4, 124, 460, 149, 6, 297, 396, 93, 495, 4, 261, 284, 33, 393, 175, 271, 420, 109, 22, 418, 44, 372, 226, 148, 424, 174, 368, 158, 35, 164, 93, 71, 309, 16, 142, 104, 117, 421, 144, 135, 154, 206, 459, 115, 7, 349, 190, 473, 409, 461, 306, 255, 455, 193, 19, 262, 226, 91, 150, 417, 194, 226, 324, 40, 151, 459, 335, 466, 43, 278, 470, 249, 256, 413, 347, 476]
Tree:
None
Fitness on 5000 data:
-4.974480005784133

Fitness:
-4.3267238705730255