Generation:
500

Phenotype:
u = u + bern(0.3); 
v = 8 * 1 + 18; 
w = 16  - 14  * bern(0.5);
w = gm([4, 6.4, 1.8]);
v = gm([1, 9.3, 2.4]) + u;;

Genotype:
[378, 67, 351, 236, 435, 156, 443, 65, 226, 74, 323, 39, 218, 35, 260, 235, 476, 137, 270, 16, 202, 138, 155, 445, 56, 42, 178, 74, 306, 420, 57, 276, 50, 438, 5, 440, 3, 449, 280, 349, 393, 142, 335, 139, 397, 33, 341, 28, 60, 280, 349, 288, 353, 383, 188, 3, 120, 28, 60, 280, 138, 155, 445, 56, 16, 202, 138, 155, 445, 98, 56, 42, 152, 74, 306, 420, 57, 283, 1, 443, 65, 239, 189, 97, 368, 36, 461, 260, 109, 497, 139, 39, 155, 447, 277, 60, 455, 393, 68, 158, 221, 375, 230, 15, 312, 35, 349, 406, 393, 424, 78, 139, 237, 365, 359, 346, 136, 268, 235, 16, 454, 497, 424, 260, 24, 78, 207, 303, 70, 120, 371, 470, 186, 416, 135, 329, 228, 222, 389, 294, 267]
Tree:
None
Fitness on 5000 data:
-5.053379725297758

Fitness:
-4.745494887620003