Generation:
500

Phenotype:
v = bern(0.9) + gm([6, 6.9, 6]);
w = gm([4, 13.6, 6], [7, 20.3, 17], [26, 19, 1])  - gm([17, 14, 3]);
u = bern(0.5) + u;;

Genotype:
[193, 478, 368, 80, 271, 262, 147, 371, 215, 351, 181, 470, 188, 254, 415, 161, 125, 40, 6, 174, 241, 254, 80, 48, 441, 411, 110, 500, 137, 168, 140, 106, 347, 181, 220, 379, 219, 144, 200, 372, 358, 380, 178, 367, 80, 174, 362, 187, 117, 433, 110, 316, 389, 306, 293, 316, 65, 90, 286, 152, 417, 1, 366, 131, 355, 231, 396, 339, 163, 62, 176, 272, 434, 457, 307, 295, 272, 191, 188]
Tree:
None
Fitness on 5000 data:
-6.139213582787591

Fitness:
-6.174809184097868