Generation:
500

Phenotype:
skill1 = 25  * skill2 + gm([2, 21.7, 4]);
p1wins = 25 * 12;
p1wins = uniform([17, 1], 1)  - 10 * 15;
if skill2 != 14 { 
   p1wins = 2  * uniform([1, 4.6], 3)  - skill1; 
 } else { 
   skill2 = p1wins;
  skill1 = 2  * uniform([20, 7], 4); 
 } end if;
p1wins = skill1  - 1  * gm([7.1, 8, 12.6], [20.4, 24, 16]);
skill2 = gm([15, 12.5, 12]) + 15  * p1wins;;

Genotype:
[148, 262, 486, 385, 72, 238, 46, 335, 105, 67, 300, 76, 304, 108, 312, 173, 362, 15, 460, 438, 386, 331, 80, 411, 230, 241, 180, 384, 286, 250, 476, 113, 458, 267, 113, 420, 292, 450, 236, 92, 453, 444, 201, 361, 342, 28, 265, 45, 255, 252, 395, 380, 362, 58, 405, 230, 311, 487, 252, 185, 230, 285, 108, 312, 173, 362, 15, 460, 438, 3, 441, 80, 411, 230, 241, 180, 384, 286, 250, 476, 113, 458, 267, 179, 386, 292, 450, 236, 92, 453, 444, 201, 361, 342, 28, 251, 45, 255, 252, 176, 473, 95, 260, 113, 250, 283, 113, 219, 342, 179, 386, 357, 450, 236, 14, 415, 466, 201, 28, 72, 238, 46, 335, 105, 67, 300, 136, 304, 108, 312, 173, 362, 15, 137, 438, 386, 441, 80, 411, 230, 241, 180, 384, 286, 250, 476, 113, 458, 267, 179, 386, 292, 450, 236, 92, 453, 444, 201, 361, 342, 28, 251, 45, 255, 252, 395, 380, 362, 58, 405, 230, 311, 487, 399, 185, 230, 285, 77, 350, 259, 314, 201, 118, 132, 255, 252, 395, 380, 362, 58, 405, 230, 311, 487, 399, 185, 101, 230, 149, 487, 399, 193, 230, 285, 77, 493, 259, 268, 201, 118, 420, 42, 237, 358, 473, 316, 447, 113, 22, 67, 144, 251, 403, 72, 207, 384, 444, 268, 362, 22, 108, 246, 460, 462, 402, 446, 80, 411, 113, 286, 140, 482, 286, 250, 314, 182, 471, 20, 446, 237, 201, 237, 201, 69, 408, 384, 444, 268, 364, 464, 452, 238, 386, 292, 450, 236, 14, 453, 2, 201, 361, 342, 10, 251, 45, 255, 252, 395, 350, 362, 58, 283, 230, 311, 487, 399, 193, 230, 285, 77, 493, 259, 314, 201, 118, 420, 42, 237, 358, 473, 316, 447, 113, 22, 67, 144, 251, 403, 72, 207, 384, 444, 268, 364, 22, 108, 246, 460, 462, 402, 446, 80, 411, 113, 286, 140, 482, 286, 250, 314, 182, 471, 20, 446, 237, 201, 237, 201, 69, 408, 384, 444, 268, 364, 464, 452, 238, 332, 90]
Tree:
None
Fitness on 5000 data:
-9.303411634726046

Fitness:
-9.256179892872009