Generation:
500

Phenotype:
skill1 = uniform([7, 30.6], 3); 
skill2 = 22  * uniform([7, 30.8], 2) + gm([1, 3, 0.7]); 
p1wins = skill1  - 11  * p1wins;
skill2 = 7 + uniform([3, 16.2], 1);
skill1 = uniform([11, 16.1], 1);
p1wins = bern(0.6);;

Genotype:
[136, 3, 252, 374, 193, 9, 402, 221, 142, 145, 340, 146, 126, 410, 21, 402, 34, 45, 456, 73, 240, 106, 156, 118, 34, 261, 0, 87, 395, 246, 132, 132, 79, 414, 272, 305, 106, 156, 142, 145, 340, 146, 126, 410, 9, 402, 34, 421, 419, 73, 240, 152, 92, 102, 429, 93, 438, 11, 165, 388, 414, 400, 108, 272, 350, 383, 33, 270, 83, 32, 96, 429, 93, 45, 11, 165, 336, 44, 193, 34, 261, 0, 11, 165, 270, 269, 411, 108, 272, 350, 272, 387, 106, 58, 156, 145, 340, 146, 167, 62, 273, 139, 128, 235, 91, 107, 180, 89, 98, 335, 330, 46, 118, 387, 86, 319, 494, 83, 165, 91, 232, 64, 408, 346, 417, 82, 29, 321, 340, 100, 398, 5, 154, 344, 329, 107, 322, 383, 384, 163, 5, 154, 344, 329]
Tree:
None
Fitness on 5000 data:
-6.502571227288421

Fitness:
-6.1518263702033895