Generation:
500

Phenotype:
a = uniform([13, 9.9], 4); 
b = gm([13, 8, 10.7], [19.1, 7.4, 2.1]); 
a = gm([29.7, 4.6, 2.2])  - 3;;

Genotype:
[330, 123, 474, 365, 354, 17, 443, 197, 267, 378, 267, 244, 89, 270, 199, 140, 442, 231, 258, 186, 142, 233, 329, 468, 371, 255, 39, 175, 219, 162, 360, 130, 45, 310, 44, 270, 184, 282, 379, 246, 474, 181, 252, 338, 191, 188, 1, 236, 82, 313, 112, 242, 120, 285, 440, 200, 66, 366, 147, 292, 42, 180, 16, 88, 51, 59, 262, 283, 114, 340, 2, 310, 304, 398, 275, 130, 96, 320, 216, 378, 251, 375, 61, 117, 301, 32, 344, 348, 147, 129, 282, 187, 20, 376, 260, 390, 291, 138, 470, 392, 101, 477, 126, 469, 76, 130, 226, 318, 163, 91, 258, 150, 424, 461, 408, 399, 193, 95, 179, 425, 479, 377, 379, 477, 100, 471, 291, 57, 109, 33, 303, 202, 202, 276, 228, 220, 268, 28, 445, 300, 212, 446, 336, 428, 244, 420, 52, 74, 287, 460, 406, 311, 447, 395, 7, 329, 226, 382, 238, 64, 257, 173, 8, 394, 170, 173, 343, 8, 289, 376, 260, 390, 291, 138, 470, 392, 101, 477, 126, 469, 76, 130, 226, 318, 163, 91, 258, 150, 424, 461, 408, 399, 193, 95, 179, 425, 479, 377, 379, 477, 100, 471, 291, 57, 109, 33, 303, 202, 202, 276, 228, 220, 268, 28, 445, 300, 212, 446, 336, 428, 244, 420, 52, 74, 287, 460, 406, 311, 447, 395, 7, 329, 226, 382, 238, 64, 257, 173, 8, 394, 170, 173, 343, 8, 289, 191, 321, 229, 148, 382, 282, 318, 383, 171, 338, 311, 188, 1, 387, 183, 261, 182, 93, 72, 95, 124, 457, 429, 390, 306, 252, 303, 254, 492, 249, 499, 31, 391, 410, 171, 466, 427, 409, 292, 130, 8, 398, 264, 63, 62, 268, 39, 160, 234, 67, 455, 292, 422, 495, 132, 169, 399, 374, 154, 275, 145, 135, 79, 407, 32, 359]
Tree:
None
Fitness on 5000 data:
-5.044128646905493

Fitness:
-4.6729421093019194