Generation:
500

Phenotype:
mu = gm([24, 10, 3]) + uniform([8, 1], 4); 
sigma = 27 * 9 + uniform([22, 8.7], 2); 
x = uniform([11, 19.8], 1);
sigma = uniform([0, 4], 1);;

Genotype:
[168, 337, 459, 430, 320, 336, 86, 430, 320, 120, 189, 483, 173, 225, 134, 189, 227, 319, 236, 33, 492, 164, 423, 359, 456, 319, 39, 33, 305, 288, 423, 359, 414, 409, 453, 475, 296, 165, 276, 382, 124, 93, 132, 80, 31, 320, 453, 4, 48, 345, 358, 311, 456, 143, 49, 297, 12, 331, 153, 98, 280, 460, 317, 246, 183, 260, 428, 336, 33, 171, 462, 489, 105, 45, 334, 256, 78, 245, 31, 485, 63, 413, 217, 374, 368, 444, 215, 307, 238, 323, 240, 312, 222, 158, 422, 397, 190, 466, 332, 436]
Tree:
None
Fitness on 5000 data:
-7.144187235604477

Fitness:
-6.638905463150686