Generation:
500

Phenotype:
contentDifficulty = uniform([23, 15.6], 1) + contentDifficulty;
questionsAfterLectureLength = gm([15.2, 10, 2.3], [18, 12, 4], [12, 12.1, 9]);;

Genotype:
[123, 188, 260, 451, 132, 451, 132, 194, 333, 61, 77, 464, 424, 258, 88, 464, 390, 160, 113, 47, 72, 150, 329, 329, 367, 449, 199, 0, 258, 367, 312, 137, 451, 14, 142, 286, 12, 136, 35, 60, 14, 12, 225, 12, 225, 74, 288, 160, 113, 47, 72, 150, 329, 329, 367, 449, 199, 140, 61, 77, 464, 83, 77, 464, 88, 379, 390, 160, 113, 47, 72, 150, 329, 329, 367, 449, 199, 0, 258, 340, 312, 260, 451, 14, 451, 486, 12, 21, 349, 12, 74, 35, 451, 132, 50, 333, 61, 77, 464, 424, 258, 88, 464, 390, 160, 113, 47, 72, 150, 329, 329, 367, 449, 199, 0, 258, 367, 312, 260, 451, 225, 12, 225, 286, 225, 132, 451, 132, 69, 321, 61, 400, 396, 53, 54, 132, 451, 132, 69, 321, 61, 370, 451, 132, 451, 132, 60, 202, 147, 74, 293, 60, 388, 318, 225, 126, 190, 431, 358, 38, 292, 35, 165, 462, 47, 72, 150, 329, 151, 343, 433, 83, 333, 244, 334]
Tree:
None
Fitness on 5000 data:
-6.165884544999458

Fitness:
-5.970438439027509