Generation:
500

Phenotype:
skill1 = gm([15.1, 20.4, 4], [5, 20.2, 4.2], [10.7, 23.2, 5]) + skill2;
skill2 = gm([29, 20.3, 4], [5, 20.8, 4.2], [10.7, 17.2, 5]);
p1wins = bern(0.2);;

Genotype:
[266, 355, 346, 274, 351, 67, 351, 357, 97, 371, 46, 162, 29, 20, 201, 432, 314, 311, 366, 67, 351, 144, 145, 333, 97, 190, 46, 325, 351, 357, 97, 333, 262, 346, 36, 495, 104, 433, 140, 409, 67, 351, 357, 97, 333, 46, 29, 29, 20, 434, 56, 314, 311, 46, 67, 351, 144, 97, 333, 97, 235, 46, 29, 351, 357, 97, 110, 262, 346, 36, 495, 234, 237, 380, 105, 156, 351, 73, 114, 381, 235, 311, 62, 123, 46, 29, 20, 114, 47, 464, 15, 346, 285, 495, 234, 237, 380, 105, 78, 285, 495, 234, 237, 380, 105, 78, 351, 73, 114, 381, 235, 311, 62, 123, 104, 411, 498, 386, 67, 351, 357, 97, 333, 46, 493, 358, 67, 249, 487, 495, 248, 105, 64, 416, 245, 47, 464, 111, 362, 30, 495, 234, 237, 380, 122, 67, 171, 421, 87, 358, 134, 234, 184, 401, 401, 433, 398, 376, 10, 224, 449, 67, 442, 135, 279, 176, 22, 399, 402, 249, 433, 372, 156, 228, 360, 259, 347, 218, 278, 426]
Tree:
None
Fitness on 5000 data:
-6.199323764746289

Fitness:
-5.879391857743457