Generation:
500

Phenotype:
u = 1  * gm([7, 0, 1.1]); 
v = uniform([4, 8.5], 2); 
if v + gm([2.9, 0.7, 25], [18.5, 25.1, 24.1], [21.5, 30.4, 1]) + gm([18.5, 10, 24.4], [10.5, 30.9, 7]) >= 0 { 
  if bern(0.4) >= 4 { 
    w = 0  * v  - gm([12.1, 10.7, 21], [19.8, 4, 16.2], [19, 10.7, 21.6], [12, 22.8, 21.3], [12, 30, 25], [0.7, 0, 4.1]);
   } else { 
     w =  uniform([1, 8.3], 1); 
   } end if;
 } else { 
   w =  gm([3.5, 12, 13], [30, 5, 0.9])  - 23  * gm([4, 10.4, 18.5], [24.4, 19, 10], [18.6, 19.8, 8], [9, 22.4, 4], [7, 27, 30], [30, 27, 30]); 
 } end if;

Genotype:
[222, 246, 85, 1, 185, 8, 4, 38, 322, 186, 199, 218, 360, 495, 246, 470, 97, 31, 8, 4, 85, 53, 185, 8, 4, 133, 103, 408, 49, 49, 103, 95, 233, 117, 372, 240, 360, 366, 103, 321, 49, 49, 257, 335, 360, 43, 334, 225, 476, 45, 486, 85, 1, 185, 228, 178, 1, 322, 360, 133, 103, 321, 49, 49, 100, 444, 233, 117, 372, 168, 55, 289, 85, 1, 185, 8, 4, 38, 322, 186, 247, 438, 360, 423, 246, 470, 97, 470, 97, 31, 176, 4, 84, 357, 235, 1, 322, 360, 133, 103, 321, 330, 300, 257, 335, 360, 43, 176, 4, 153, 357, 235, 1, 0, 360, 133, 103, 321, 415, 300, 257, 335, 360, 43, 365, 22, 70, 45, 486, 434, 351, 246, 43, 256, 247, 360, 273, 334, 399, 186, 231, 438, 186, 247, 438, 360, 213, 246, 470, 342, 185, 8, 470, 248, 185, 246, 85, 1, 185, 468, 4, 38, 322, 186, 199, 218, 360, 495, 246, 470, 97, 31, 8, 4, 85, 1, 185, 8, 4, 133, 103, 408, 49, 49, 103, 95, 233, 117, 372, 240, 360, 366, 103, 321, 49, 49, 257, 335, 360, 43, 334, 225, 131, 194, 443, 335, 208, 246, 470, 97, 31, 8, 131, 334, 399, 186, 247, 438, 186, 247, 334, 399, 186, 247, 438, 257, 213, 74, 369, 43, 256, 247, 360, 131, 4, 399, 213, 246, 470, 97, 185, 360, 131, 334, 399, 186, 247, 438, 186, 247, 438, 213, 120, 470, 97, 185, 8, 470, 97, 185, 8, 4, 84, 371, 178, 140, 382, 103, 486, 233, 117, 383, 168, 55, 45, 486, 474, 218, 7, 334, 225, 476, 45, 247, 438, 360, 495, 246, 470, 97, 185, 8, 280, 185, 8, 4, 97, 185, 8, 4, 38, 371, 178, 1, 5, 322, 439, 1, 435, 360, 495, 158, 470, 97, 185, 8, 4, 38, 371, 178, 1, 322, 360, 133, 89, 321, 49, 49, 257, 335, 360, 49, 35, 189, 439, 1, 246, 43, 256, 374, 360, 131, 334, 399, 242, 392, 242, 185, 8, 4, 38, 439, 1, 242, 392, 242, 185, 8, 4, 38, 161, 34, 383, 168, 218, 156, 11, 203, 213, 74, 246, 7, 8, 185, 8, 4, 38, 371, 178, 374, 376, 192, 245, 172, 295, 297, 156, 264, 238, 116, 492, 441, 362, 233, 370, 204, 395, 19, 421, 353, 152, 51, 342, 472, 356, 403, 444, 226, 292, 46, 374, 166, 192, 326, 252, 196, 310, 51, 342, 472, 356, 403, 444, 387, 260, 153, 73, 410, 137, 119, 440, 3, 425, 274, 265, 118, 461, 472, 257, 53, 418, 377, 449, 298, 220, 407, 102, 168, 57, 477, 177, 386, 238, 81, 469, 380, 18, 17, 155, 340, 120, 491, 401, 289, 329, 143, 112, 444, 492, 331, 257, 268, 403, 177, 346, 404, 356, 403, 27, 357, 381, 453, 289, 334, 336, 58, 293, 22, 11, 84, 289, 132, 443, 270, 40, 420, 322, 299, 443, 220, 98, 123, 250, 278, 219, 466, 271, 86, 362, 496, 463, 91, 269, 10, 268, 121, 431, 162, 27, 242, 256, 493, 436, 81]
Tree:
None
Fitness on 5000 data:
-5.991902849048039

Fitness:
-5.5594993792723315