Generation:
500

Phenotype:
mu = 24  * uniform([15, 1.6], 1);
mu = uniform([17, 9], 1);
sigma = 12 + gm([1, 7, 26], [1.4, 16, 18]);
sigma = uniform([0, 4.4], 1);
x = gm([27, 21, 4.3]);

Genotype:
[36, 314, 148, 440, 81, 57, 85, 427, 311, 325, 131, 435, 428, 352, 493, 172, 75, 360, 306, 288, 269, 265, 500, 116, 208, 176, 312, 238, 361, 317, 150, 12, 177, 223, 233, 140, 497, 38, 100, 350, 243, 28, 61, 311, 399, 126, 140, 88, 328, 485, 406, 47, 412, 276, 330, 140, 248, 255, 97, 426, 320, 243, 276, 140, 107, 357, 453, 472, 498, 360, 306, 418, 269, 235, 500, 2, 208, 176, 312, 238, 361, 426, 131, 96, 428, 352, 493, 172, 434, 311, 306, 288, 269, 235, 500, 366, 328, 131, 96, 428, 352, 243, 440, 202, 192, 85, 284, 311, 178, 131, 96, 428, 311, 328, 255, 226, 426, 474, 304, 177, 376, 377, 284, 105, 469, 275, 130, 59, 243, 276, 140, 233, 467, 453, 472, 132, 80, 282, 243, 334, 333, 492, 288, 276, 330, 140, 497, 255, 226, 426, 474, 304, 177, 376, 208, 288, 449, 432, 430, 488, 80, 450, 295, 175, 435, 285, 481, 333, 492, 288, 276, 330, 350, 59, 243, 276, 140, 233, 467, 453, 472, 132, 80, 454, 243, 334, 333, 492, 288, 276, 330, 140, 497, 255, 226, 426, 474, 304, 177, 376, 208, 455, 449, 432, 430, 488, 80, 450, 295, 175, 435, 285, 481, 369, 475, 140, 233, 312, 83, 258, 410, 35, 474, 170, 267, 136, 92, 124, 176, 366, 285, 481, 369, 234, 5, 82, 160, 103, 159, 448, 200, 188, 89, 455, 82, 456, 347, 375, 461, 467, 122, 361, 426, 474, 170, 435, 285, 205, 369, 475, 140, 233, 312, 83, 337, 298, 37, 51, 233, 399, 50, 237, 339, 9, 337, 295, 359, 317, 485, 475, 140, 208, 455, 82, 232, 347, 352, 367, 387, 497, 361, 226, 160, 48, 369, 393, 455, 376, 11, 4, 114, 295, 175, 435, 285, 481, 369, 475, 140, 233, 312, 83, 258, 410, 35, 474, 170, 267, 136, 92, 124, 176, 366, 285, 481, 369, 234, 5, 82, 160, 103, 159, 448, 200]
Tree:
None
Fitness on 5000 data:
-6.966521195195767

Fitness:
-6.826886297282988