Generation:
500

Phenotype:
b = gm([11.6, 3.4, 5]);
a = a + gm([1, 1.3, 2]);;

Genotype:
[435, 101, 182, 114, 271, 42, 96, 274, 34, 41, 42, 140, 455, 34, 21, 42, 160, 126, 314, 160, 126, 34, 21, 42, 154, 12, 415, 468, 22, 497, 333, 249, 74, 42, 188, 12, 21, 468, 22, 362, 333, 249, 74, 42, 188, 12, 21, 42, 96, 274, 34, 441, 350, 108, 380, 168, 93, 34, 21, 42, 160, 126, 34, 21, 42, 154, 69, 467, 82, 401, 486, 71, 352, 220, 288]
Tree:
None
Fitness on 5000 data:
-5.312549130692338

Fitness:
-5.154949268110506