Generation:
500

Phenotype:
skill1 = gm([22.5, 20.3, 3], [11, 22, 8.1])  - 0  * uniform([14, 14.4], 3); 
skill2 = gm([15, 15.7, 5]) + 5; 
if gm([5, 19.1, 2]) + p1wins + 22 * p1wins + 10 * uniform([29, 19.9], 3) < 26 { 
  p1wins = 24  * gm([6.9, 20.3, 3], [11, 22, 18.1])  - 0  * uniform([18, 11.4], 2);
 } else { 
  p1wins = bern(0.6); 
 } end if;

Genotype:
[37, 221, 216, 377, 69, 81, 332, 49, 131, 51, 65, 152, 65, 152, 438, 135, 130, 146, 255, 225, 72, 49, 93, 270, 200, 97, 324, 372, 42, 22, 378, 177, 114, 60, 356, 221, 139, 312, 440, 470, 434, 218, 315, 367, 353, 408, 429, 150, 18, 222, 59, 298, 324, 474, 95, 193, 366, 24, 275, 305, 347, 53, 332, 419, 490, 479, 351, 414, 339, 319, 236, 386, 402, 372, 150, 149, 55, 179, 221, 69, 81, 68, 440, 131, 51, 65, 152, 65, 152, 438, 135, 130, 146, 319, 390, 72, 49, 93, 270, 359, 467, 11, 318, 429, 150, 18, 99, 86, 188, 72, 315, 367, 183, 289, 249, 165, 456, 16, 132, 60, 179, 115, 214, 384, 380, 435, 468, 421, 266, 73, 134, 121, 249, 344, 102, 57, 242, 42, 450, 338, 169, 256, 183, 211, 49, 435, 19, 406, 318, 331, 365, 391, 484, 430, 25, 30, 259, 399, 105, 389, 449, 186, 110, 123, 318, 451, 202, 80, 219, 74, 279, 236, 350, 411, 433, 311, 468, 248, 285, 210, 381, 228, 412, 176, 295, 58, 148, 126, 347, 374, 408, 488, 339, 159, 470, 335, 170, 303, 339, 154, 323, 142, 135, 335, 481, 165, 50, 58, 175, 395, 126, 107, 37, 459, 274, 365, 8, 350, 368, 462, 461, 319, 151, 475, 399, 113, 141, 12, 404, 325, 48, 350, 382, 201, 167, 35, 227, 306, 455, 424, 81, 179, 296, 401, 428, 242, 455, 134, 173, 18, 226, 121, 439, 148, 127, 370]
Tree:
None
Fitness on 5000 data:
-6.449327694071935

Fitness:
-6.214703248135728