Generation:
500

Phenotype:
if bern(0.6) + burglary >= 1 { 
   earthquake = 0  - burglary;
  alarm = alarm;
  johncalls = burglary;
  alarm = 0; 
 } else { 
   alarm = alarm  - 0; 
 } end if;

Genotype:
[117, 412, 117, 407, 87, 471, 419, 432, 204, 312, 50, 467, 154, 414, 334, 149, 482, 97, 270, 170, 210, 216, 48, 407, 434, 24, 154, 412, 334, 177, 136, 198, 87, 471, 178, 432, 204, 312, 50, 467, 154, 87, 471, 178, 432, 204, 312, 50, 467, 154, 414, 334, 149, 482, 405, 270, 472, 210, 216, 48, 270, 170, 210, 216, 48, 407, 434, 264, 204, 312, 50, 467, 154, 334, 149, 482, 405, 270, 472, 210, 216, 48, 270, 170, 154, 414, 334, 149, 482, 482, 312, 50, 467, 154, 414, 334, 149, 482, 97, 270, 472, 471, 178, 432, 204, 312, 50, 467, 154, 414, 334, 149, 482, 97, 270, 472, 210, 216, 48, 407, 7, 264, 154, 188, 334, 348, 106, 214, 230, 267, 238, 262, 344, 176, 108, 288, 227, 431, 348, 106, 214, 230, 267, 472, 210, 216, 48, 407, 434, 264, 154, 412, 154, 412, 334, 348, 106, 214, 154, 414, 334, 149, 414, 334, 149, 251, 97, 270, 472, 247, 216, 48, 5, 434, 264, 48, 407, 434, 176, 108, 319, 312, 97, 270, 472, 210, 216, 48, 407, 434, 264, 330, 412, 334, 348, 106, 214, 230, 267, 472, 210, 216, 48, 407, 434, 264, 154, 412, 334, 348, 106, 214, 230, 467, 154, 414, 52, 118, 482, 97, 270, 472, 289, 216, 48, 407, 434, 264, 330, 412, 334, 348, 48, 5, 434, 264, 154, 412, 266, 348, 106, 214, 230, 267, 238, 251, 344, 176, 108, 288, 227, 431, 399, 410, 245]
Tree:
None
Fitness on 5000 data:
-inf

Fitness:
0.0