Generation:
500

Phenotype:
a = 24 * 17; 
b = 2  * gm([12, 2.4, 3]) + 0  * a; 
a = gm([6.2, 3, 0])  - uniform([0, 5.1], 1);;

Genotype:
[464, 132, 377, 439, 55, 172, 430, 439, 374, 160, 184, 372, 384, 303, 374, 471, 338, 65, 304, 372, 45, 338, 204, 372, 344, 378, 488, 288, 193, 36, 431, 471, 307, 372, 344, 486, 279, 372, 344, 372, 75, 160, 207, 372, 486, 303, 439, 374, 160, 184, 372, 39, 303, 374, 426, 338, 160, 304, 372, 45, 356, 204, 372, 344, 486, 488, 288, 330, 217, 189, 232, 181, 282, 160, 304, 372, 486, 430, 430, 374, 160, 304, 372, 486, 193, 130, 232, 181, 105, 346, 217, 189, 232, 181, 282, 160, 304, 372, 486, 430, 430, 374, 160, 304, 372, 486, 193, 130, 232, 181, 105, 4, 182, 21, 35, 359, 184, 124, 110, 339, 367, 311, 322, 440, 232, 185, 153, 326, 90, 196, 237, 193, 345, 160, 304, 372, 45, 356, 204, 372, 344, 486, 430, 439, 374, 160, 304, 372, 486, 303, 374, 426, 138, 160, 304, 372, 45, 356, 204, 372, 344, 486, 488, 288, 193, 193, 130, 232, 160, 304, 372, 486, 303, 374, 160, 298, 12, 112, 55, 172, 430, 430, 374, 160, 304, 372, 486, 303, 374, 160, 298, 160, 304, 372, 264, 356, 204, 372, 344, 486, 488, 288, 193, 345, 22, 464, 231, 405, 490, 11, 341, 193, 130, 57, 181, 290, 4, 373, 40, 328, 443, 393, 398, 445, 44, 86, 394, 292, 370, 83, 484, 497, 341, 11, 292, 492, 283, 347, 295, 136, 202, 19, 473, 292, 377, 178, 202, 471, 232, 90, 321, 82, 74, 296, 166, 60, 304, 362, 44, 500, 69, 106, 487, 111, 56, 468, 487, 320, 456, 244, 99, 123, 305, 68, 107, 201]
Tree:
None
Fitness on 5000 data:
-5.082984232002986

Fitness:
-5.075590621712051