Generation:
500

Phenotype:
skill1 = gm([13.6, 13.6, 3.8], [30, 21.2, 3.2]); 
skill2 = uniform([26, 6], 4)  - uniform([2, 14.7], 4); 
if bern(0.3) <= 20 { 
  p1wins = bern(0.6);
 } else { 
  p1wins = uniform([28, 22.9], 4); 
 } end if;

Genotype:
[408, 63, 366, 365, 201, 11, 106, 482, 127, 261, 221, 225, 499, 403, 354, 252, 30, 245, 21, 298, 323, 375, 46, 14, 0, 46, 57, 6, 212, 395, 153, 170, 498, 325, 386, 132, 427, 269, 366, 200, 411, 380, 141, 206, 78, 153, 415, 221, 225, 252, 30, 245, 21, 270, 323, 375, 46, 14, 0, 46, 57, 6, 212, 395, 153, 170, 498, 325, 386, 132, 165, 269, 127, 261, 221, 225, 499, 403, 330, 225, 462, 155, 375, 348, 14, 0, 46, 57, 270, 323, 206, 78, 153, 234, 165, 323, 191, 46, 14, 0, 46, 165, 325, 68, 49, 320, 358, 256, 460, 301, 225, 462, 272, 206, 78, 153, 234, 165, 495, 93, 132, 427, 269, 366, 200, 377, 44, 415, 49, 54, 160, 157, 286, 238, 71, 320, 358, 55, 460, 278, 180, 278, 14, 395, 46, 55, 276, 194, 16, 360, 199, 414, 356, 10, 150, 329, 218, 18, 160, 71, 78, 153, 234, 165, 129, 160, 377, 44, 415, 49, 320, 358, 256, 380, 278, 272, 278, 363, 218, 18, 160, 462, 272, 206, 78, 153, 234, 165, 495, 93, 132, 427, 269, 366, 200, 377, 44, 415, 49, 54, 160, 157, 286, 238, 71, 320, 358, 55, 460, 278, 180, 278, 363, 363, 179, 160, 485, 272, 53, 78, 153, 234, 165, 325, 93, 132, 427, 269, 366, 200, 377, 44, 415, 49, 54, 160, 157, 286, 238, 71, 465, 465, 368, 464]
Tree:
None
Fitness on 5000 data:
-6.603615474763096

Fitness:
-6.245237454756493