Generation:
500

Phenotype:
skill2 = 3  * cond + uniform([15, 13.7], 1);
skill1 = uniform([13, 13.4], 1)  - skill1;
 cond = 1.3*skill2; 
cond = skill1 - cond; 
if cond > 0 { 
  p1wins = 1.0;
 } else { 
   p1wins = 0.0; 
 } end if;

Genotype:
[157, 359, 230, 257, 213, 70, 157, 251, 352, 395, 342, 18, 170, 275, 230, 492, 460, 207, 484, 251, 352, 281, 342, 18, 13, 275, 230, 453, 460, 207, 484, 368, 44, 130, 130, 281, 342, 18, 444, 410, 137, 207, 145, 130, 445, 378, 440, 258, 430, 252, 287, 312, 243, 64, 365, 181, 410, 393, 251, 171, 32, 137, 207, 251, 352, 281, 392, 18, 171, 97, 456, 109, 201, 130, 105, 80, 106, 153, 113, 361, 420, 474, 430, 430, 391, 186, 148, 493, 70, 207, 170, 310, 86, 331, 436]
Tree:
None
Fitness on 5000 data:
-5.943166189235805

Fitness:
-5.464655549885769