Generation:
500

Phenotype:
u = 1  - u; 
 v = bern(0.9); 
 w = bern(0.2)  - 0; 
 x = bern(0.8); 
 u = bern(0.2);

Genotype:
[342, 404, 43, 327, 20, 180, 492, 267, 288, 413, 476, 17, 198, 25, 280, 115, 492, 36, 288, 413, 52, 16, 198, 393, 152, 453, 164, 451, 271, 260, 377, 52, 340, 198, 393, 118, 420, 152, 404, 330, 450, 184, 332, 332, 167, 364, 143, 0, 388, 111, 192, 249, 0, 96, 483, 378, 362, 395, 398, 102, 237, 347, 187, 455, 382, 461, 402, 451, 26, 142, 3, 255, 140, 163, 130, 339, 468, 399, 317, 101, 451, 197, 459, 376, 261, 156, 419, 295, 344, 411, 360, 93, 60, 17]
Tree:
None
Fitness on 5000 data:
-2.115056399128061

Fitness:
-1.7153866951164205