Generation:
500

Phenotype:
skill1 = 2  * gm([17.1, 17, 2])  - 15; 
skill2 = bern(0.6) + gm([2, 20.5, 5]); 
if 24 * uniform([23, 20.8], 3) > 4 { 
  p1wins = bern(0.4);
 } else { 
  p1wins = 7 * 21  - uniform([22, 9], 4); 
 } end if;

Genotype:
[355, 248, 52, 33, 289, 232, 297, 358, 324, 64, 203, 346, 126, 332, 32, 15, 379, 414, 23, 293, 471, 473, 468, 350, 157, 389, 113, 130, 414, 346, 309, 52, 353, 241, 402, 271, 231, 392, 259, 102, 51, 252, 369, 174, 371, 390, 332, 32, 15, 379, 52, 33, 126, 332, 32, 233, 379, 414, 23, 293, 471, 473, 468, 350, 157, 389, 113, 130, 141, 346, 126, 332, 32, 233, 379, 414, 23, 293, 471, 473, 468, 350, 157, 389, 113, 130, 414, 346, 157, 342, 61, 141, 346, 491, 473, 468, 379, 206, 23, 293, 233, 130, 3, 51, 14, 39, 233, 130, 414, 346, 157, 342, 467, 243, 402, 271, 195, 392, 332, 3, 141, 346, 345, 137, 306, 233, 379, 414, 23, 379, 414, 346, 157, 342, 39, 233, 130, 414, 346, 157, 342, 467, 243, 402, 271, 195, 392, 332, 3, 141, 346, 345, 137, 306, 233, 379, 414, 23, 233, 379, 414, 346, 157, 342, 39, 472, 402, 271, 195, 402, 489, 3, 51, 166, 366, 33, 148, 232, 297, 492, 261, 14, 141, 321, 345, 332, 306, 233, 379, 414, 23, 183, 370, 33, 157, 438, 345, 14, 369, 63, 371, 70, 233, 473, 468, 350, 61, 389, 233, 379, 414, 23, 183, 370, 33, 157, 438, 345, 489, 420, 233, 414, 23, 293, 423, 473, 468, 350, 61, 346, 233, 379, 414, 183, 370, 33, 289, 232, 232, 297, 492, 353, 125, 441, 139, 163, 443, 129, 299, 435, 288, 339, 411, 388, 361, 177, 37, 134, 275, 102]
Tree:
None
Fitness on 5000 data:
-6.5324739448213744

Fitness:
-6.096491079753001