Generation:
500

Phenotype:
if bern(0.9) + uniform([1, 8], 1) <= 23 { 
   v = gm([14.6, 15.1, 6], [19, 11.7, 3], [2.3, 27, 10.4]) + 5  * v;
  u = bern(0.3)  - 17  * bern(0.1);
  w = gm([18.6, 8, 0.3], [6.6, 11, 4.5])  - gm([8.5, 2, 2]); 
 } else { 
   w = 6 * 5; 
 } end if;;

Genotype:
[269, 150, 497, 197, 55, 72, 207, 44, 98, 96, 54, 187, 380, 232, 152, 313, 116, 286, 242, 120, 313, 13, 420, 461, 117, 115, 386, 59, 367, 418, 396, 408, 316, 291, 342, 484, 35, 42, 150, 408, 437, 152, 217, 498, 389, 486, 399, 413, 227, 264, 46, 315, 288, 265, 496, 6, 222, 83, 408, 399, 344, 115, 48, 11, 18, 366, 138, 469, 17, 227, 222, 389, 239, 399, 297, 320, 160, 194, 175, 496, 2, 366, 343, 471, 158, 116, 104, 305, 314, 13, 399, 413, 320, 441, 194, 175, 496, 2, 322, 343, 471, 158, 9, 104, 75, 314, 99, 285, 408, 399, 48, 196, 399, 413, 213, 424, 439, 166, 472, 360, 142, 448, 175, 496, 104, 487, 143, 467, 113, 147, 496, 6, 206, 178, 498, 117, 115, 399, 48, 196, 48, 35, 199, 366, 90, 469, 152, 261, 57, 389, 404, 399, 413, 320, 441, 288, 175, 48, 239, 6, 222, 301, 288, 117, 115, 361, 281, 379, 251, 213, 424, 439, 166, 472, 360, 142, 448, 175, 496, 104, 487, 143, 467, 113, 147, 197, 207, 278, 259, 222, 332, 57, 83, 98, 441, 275, 473, 327, 251, 271]
Tree:
None
Fitness on 5000 data:
-5.8231683063224

Fitness:
-5.478355131581582