Generation:
500

Phenotype:
skill2 = gm([25, 23, 5.3], [29, 21.1, 6.1]);
skill1 = bern(0.9);
skill1 = gm([12, 23.7, 4.3])  - 4;
p1wins = bern(0.4);;

Genotype:
[87, 244, 328, 263, 67, 192, 309, 437, 185, 188, 25, 476, 240, 305, 36, 164, 206, 364, 60, 223, 331, 54, 39, 378, 333, 140, 18, 21, 108, 162, 267, 350, 362, 420, 173, 387, 140, 18, 221, 114, 230, 136, 355, 426, 78, 123, 4, 335, 140, 18, 221, 108, 168, 267, 353, 249, 399, 123, 102, 192, 309, 33, 25, 410, 355, 452, 43, 471, 484, 122, 206, 349, 0, 102, 63, 206, 349, 438, 429, 35, 471, 394, 230, 203, 369, 159, 25, 410, 355, 312, 410, 314, 452, 496, 192, 355, 99, 43, 471, 329, 122, 452, 100, 410, 355, 43, 471, 484, 122, 206, 270, 444, 471, 394, 328, 198, 496, 351, 309, 309, 33, 131, 269, 139, 226, 280, 258, 243, 413, 110, 138, 102, 63, 206, 97, 0, 429, 35, 471, 394, 230, 203, 369, 159, 47, 356, 399, 234, 367, 287, 349, 452, 471, 484, 25, 43, 106, 468, 185, 188, 63, 476, 240, 312, 210, 208, 78, 198, 134, 225, 270, 420, 39, 387, 140, 18, 221, 108, 168, 267, 355, 426, 78, 123, 131, 269, 139, 226, 280, 258, 243, 413, 110, 138, 102, 63, 206, 97, 0, 429, 35, 471, 394, 230, 203, 369, 159, 47, 356, 399, 234, 367, 287, 349, 0, 429, 35, 338, 482, 483, 198, 140, 215, 483, 198, 140, 215, 83, 310, 432, 142, 60, 452, 281, 294, 220, 472, 357, 356, 92, 388, 347]
Tree:
None
Fitness on 5000 data:
-6.479287491291505

Fitness:
-6.291284692102269