Generation:
500

Phenotype:
skill1 = gm([3, 18, 11], [26, 20, 6.6], [28, 19, 2.4]); 
skill2 = 7  - 28 * 8; 
p1wins = bern(0.5);
skill2 = 1;
skill2 = gm([17, 19, 4.2])  - bern(0.9);;

Genotype:
[4, 441, 480, 409, 197, 74, 34, 498, 359, 34, 352, 399, 86, 367, 406, 299, 465, 471, 86, 86, 402, 121, 224, 112, 451, 95, 48, 281, 332, 446, 131, 320, 355, 121, 163, 432, 228, 323, 13, 425, 474, 54, 409, 111, 164, 442, 404, 93, 206, 460, 241, 32, 486, 369, 406, 488, 265, 414, 298, 349, 4, 127, 228, 323, 134, 3, 289, 216, 79, 281, 332, 446, 264, 52, 12, 471, 440, 86, 369, 406, 129, 449, 201, 345, 292, 217, 403, 145, 313, 390, 388, 218, 122, 213, 397, 437, 355, 19, 180, 109, 407, 222, 288, 451, 134, 3, 289, 216, 79, 281, 332, 446, 264, 52, 12, 471, 440, 86, 369, 406, 129, 449, 201, 345, 292, 217, 403, 145, 313, 390, 388, 218, 122, 213, 397, 437, 355, 19, 151, 386, 128, 218, 456, 289, 216, 472, 476, 34, 182, 429, 271, 72, 432, 480, 450, 320, 406, 12, 6, 460, 86, 101, 406, 12, 98, 399, 298, 349, 4, 340, 291, 196, 171, 432, 138, 240, 355, 202, 150, 473, 74, 21, 363, 413, 485, 401, 473, 411, 460, 458, 191, 138, 475, 183, 208, 202, 150, 473, 244, 21, 363, 413, 485, 401, 473, 411, 460, 458, 191, 138, 475, 183, 208, 217, 153, 457, 139, 219, 484, 395, 38, 450, 487, 357, 220, 281, 400]
Tree:
None
Fitness on 5000 data:
-6.400160201877828

Fitness:
-6.20172847438384