Generation:
500

Phenotype:
b = a  - 9  * gm([13.6, 21, 20], [14, 25, 14.7], [12, 15, 30.1], [23.4, 10.4, 11.1], [5, 6, 18], [0.5, 15, 26]);
a = uniform([0, 9], 1)  - uniform([0, 0.8], 4);
a = 15  * uniform([25, 3.8], 4)  - 21;
a = uniform([22, 8.2], 1)  - gm([28.9, 25, 0]);
b = gm([8.7, 5, 6.3]);;

Genotype:
[190, 319, 6, 434, 113, 269, 291, 0, 126, 172, 474, 325, 385, 173, 75, 347, 416, 424, 434, 113, 269, 8, 448, 416, 490, 305, 107, 15, 305, 300, 291, 126, 108, 15, 92, 225, 99, 245, 457, 300, 225, 351, 21, 301, 42, 369, 157, 104, 439, 216, 347, 378, 80, 202, 401, 217, 310, 416, 170, 300, 243, 110, 217, 280, 74, 228, 389, 310, 416, 170, 300, 243, 110, 217, 301, 434, 124, 455, 347, 378, 121, 272, 410, 439, 263, 425, 459, 59, 3, 16, 291, 434, 96, 455, 347, 378, 80, 272, 410, 330, 281, 425, 459, 318, 262, 16, 291, 292, 318, 447, 493, 170, 438, 180, 416, 0, 126, 468, 15, 305, 330, 321, 385, 388, 141, 287, 285, 8, 439, 319, 254, 92, 225, 99, 245, 457, 300, 225, 351, 21, 301, 42, 369, 157, 104, 439, 216, 347, 378, 80, 202, 401, 217, 83, 56, 280, 74, 228, 389, 310, 281, 170, 300, 243, 110, 217, 301, 434, 124, 225, 99, 53, 20, 439, 215, 85, 183, 3, 439, 444, 480, 439, 444, 480, 57, 207, 380, 306, 73, 174, 170, 243, 266, 369, 382, 219, 298, 248, 292, 353, 457, 93, 299, 407, 463, 152, 161, 300, 243, 266, 369, 285, 262, 252, 22, 248, 292, 187, 42, 369, 157, 104, 300, 61, 347, 378, 80, 272, 182, 330, 143, 118, 461, 443, 98, 135, 261, 272, 29, 481, 280, 353, 463, 389, 28, 281, 161, 300, 243, 110, 217, 301, 434, 96, 383, 347, 190, 80, 272, 362, 330, 281, 204, 11, 132, 178, 126, 291, 292, 318, 326, 493, 42, 494, 183, 3, 439, 444, 480, 439, 444, 480, 57, 207, 380, 306, 73, 174, 170, 243, 266, 369, 382, 219, 298, 248, 292, 353, 457, 93, 299, 407, 463, 152, 161, 300, 243, 266, 369, 285, 262, 252, 22, 248, 292, 187, 42, 369, 157, 104, 300, 61, 347, 378, 80, 272, 182, 330, 143, 118, 461, 443, 98, 135, 261, 272, 29, 481, 280, 353, 463, 389, 28, 281, 161, 300, 243, 110, 217, 301, 434, 96, 383, 347, 378, 80, 272, 362, 330, 281, 204, 11, 132, 178, 126, 291, 292, 318, 447, 493, 42, 494, 180, 416, 129, 126, 108, 436, 305, 330, 321, 385, 388, 42, 369, 157, 87, 300, 61, 347, 378, 80, 272, 362, 330, 281, 204, 11, 132, 29, 126, 291, 292, 318, 447, 493, 42, 494, 148, 416, 75, 126, 244, 306, 305, 153, 321, 385, 388, 142, 53, 20, 439, 106, 85, 183, 3, 59, 444, 480, 439, 444, 480, 57, 207, 380, 306, 73, 174, 170, 490, 347, 462, 376, 158, 378, 136, 482, 39, 419, 189, 474, 180, 26, 457, 47, 217, 186, 135, 363]
Tree:
None
Fitness on 5000 data:
-5.282312937808072

Fitness:
-5.216849433104006