Generation:
500

Phenotype:
skill2 = gm([28.2, 19.1, 4.4], [2, 22.6, 22.6])  - 20  * skill2;
skill1 = gm([23.4, 19.5, 3.5])  - 1  * bern(0.6);
if skill1-skill2 > 0 { 
  p1wins = 1.0;
 } else { 
   p1wins = 0.0; 
 } end if;

Genotype:
[341, 200, 310, 131, 400, 491, 444, 73, 413, 259, 369, 424, 343, 19, 99, 99, 314, 129, 326, 250, 436, 111, 177, 41, 111, 177, 41, 400, 237, 136, 283, 186, 316, 136, 99, 203, 354, 485, 164, 117, 395, 57, 59, 298, 256, 301, 468, 346, 388, 218, 119, 437, 86, 207, 343, 155, 259, 251, 163, 117, 43, 82, 401, 177, 352, 89, 174, 12]
Tree:
None
Fitness on 5000 data:
-6.076581969676095

Fitness:
-5.586940969772581