Generation:
500

Phenotype:
skill1 = bern(0.4);
skill2 = uniform([15, 12.5], 2);
p1wins = 3  * gm([10.9, 0, 9], [18.6, 16.9, 7]);
p1wins = bern(0.3);
skill1 = 19  * uniform([1, 1], 1)  - 9;;

Genotype:
[422, 317, 400, 379, 150, 108, 66, 135, 57, 317, 400, 51, 367, 156, 108, 66, 294, 57, 12, 418, 405, 259, 22, 482, 131, 144, 352, 437, 137, 195, 69, 41, 305, 396, 155, 360, 40, 180, 481, 359, 383, 381, 202, 62, 164, 379, 40, 152, 254, 342, 201, 367, 173, 108, 66, 452, 57, 326, 100, 174, 358, 342, 206, 423, 96, 359, 336, 381, 259, 442, 209, 66, 418, 381, 202, 130, 164, 358, 360, 352, 180, 359, 165, 387, 110, 227, 29, 22, 36, 474, 201, 367, 331, 75, 176, 417, 463, 41, 198, 415, 384, 336, 428, 477, 336, 474, 202, 468, 338, 148, 41, 441, 111, 259, 137, 195, 426, 36, 474, 201, 367, 331, 75, 176, 417, 463, 41, 198, 415, 384, 336, 428, 477, 336, 474, 202, 468, 398, 204, 399, 281, 458, 198, 110, 259, 155, 155, 360, 352, 180, 359, 165, 387, 110, 227, 29, 396, 155, 360, 72, 180, 481, 359, 336, 381, 202, 130, 164, 379, 180, 152, 254, 342, 201, 367, 173, 108, 423, 96, 108, 373, 452, 57, 445, 418, 154, 259, 442, 195, 404, 144, 352, 88, 137, 195, 250, 41, 305, 155, 155, 360, 352, 180, 359, 165, 387, 110, 227, 29, 22, 36, 474, 201, 367, 331, 75, 176, 417, 463, 41, 198, 415, 384, 336, 428, 477, 336, 474, 202, 468, 338, 148, 41, 441, 111, 259, 137, 195, 426, 36, 474, 201, 367, 331, 75, 176, 417, 463, 41, 198, 415, 384, 336, 428, 477, 336, 474, 202, 468, 398, 204, 399, 281, 458, 198, 423, 259, 409, 426, 285, 299, 63, 38, 24, 374, 361, 445]
Tree:
None
Fitness on 5000 data:
-6.6831498321209715

Fitness:
-6.297537655802796