Generation:
500

Phenotype:
if v == 22 { 
   w = 3  - 11 * 7; 
 } else { 
   v = 19  * u;
  w = uniform([2, 9.3], 1)  - 8  * u;
  v = gm([14, 11, 2]);
  u = bern(0.2); 
 } end if;;

Genotype:
[157, 132, 489, 224, 31, 414, 363, 219, 500, 202, 350, 17, 95, 92, 96, 218, 81, 228, 224, 224, 480, 96, 448, 432, 217, 329, 440, 426, 448, 432, 228, 254, 224, 51, 90, 405, 261, 319, 209, 148, 334, 318, 480, 96, 348, 424, 448, 432, 228, 329, 480, 96, 448, 432, 414, 224, 219, 51, 350, 155, 261, 108, 93, 139, 469, 440, 472, 461, 22, 480, 96, 293, 317, 235, 352, 342, 321, 254, 35, 55, 67, 228, 245, 22, 459, 461, 329, 480, 96, 448, 346, 228, 224, 3, 440, 96, 348, 137, 124, 67, 342, 440, 255, 420, 329, 480, 96, 448, 432, 415, 224, 224, 51, 350, 155, 261, 108, 93, 219, 469, 440, 472, 461, 22, 480, 96, 293, 317, 235, 352, 342, 321, 254, 35, 55, 478, 424, 448, 432, 228, 245, 22, 480, 96, 293, 137, 235, 286, 368, 151, 257, 432, 318, 480, 96, 348, 424, 448, 432, 228, 245, 255, 461, 22, 480, 96, 293, 137, 235, 352, 342, 321, 254, 35, 55, 290, 424, 448, 432, 228, 245, 22, 480, 96, 338, 216, 235, 67, 342, 321, 254, 35, 55, 440, 414, 105, 219, 469, 440, 255, 461, 22, 480, 96, 293, 137, 235, 147, 342, 321, 254, 35, 55, 478, 399, 448, 432, 228, 245, 22, 480, 96, 293, 137, 235, 67, 342, 321, 254, 35, 55, 478, 399, 448, 432, 228, 368, 376, 348, 454, 418, 61, 87, 181, 312, 255, 461, 22, 480, 96, 293, 381, 235, 51, 375, 40, 16, 346, 305, 29, 468, 43, 84, 342, 262, 461, 167, 16, 310, 480, 123, 151, 464, 299, 368, 17, 480, 258, 273, 23, 453, 140, 61, 75, 480, 25, 97, 74, 225, 367, 43, 402]
Tree:
None
Fitness on 5000 data:
-5.304275957401512

Fitness:
-5.074555484552479