Generation:
500

Phenotype:
x = uniform([18, 11.1], 1);
sigma = uniform([1, 2.9], 1);
mu = uniform([15, 9], 1) + 0 * 30;

Genotype:
[87, 422, 352, 113, 446, 204, 282, 182, 173, 215, 197, 441, 500, 110, 226, 279, 427, 390, 309, 470, 373, 129, 281, 314, 440, 216, 468, 119, 93, 253, 216, 422, 325, 106, 440, 216, 422, 119, 93, 216, 422, 119, 93, 253, 182, 422, 325, 40, 397, 121, 317, 180, 465, 82, 390, 309, 119, 373, 115, 277, 93, 41, 216, 422, 325, 129, 469, 60, 500, 422, 378, 129, 23, 349, 134, 329, 345, 390, 309, 119, 373, 115, 281, 93, 41, 216, 422, 325, 129, 485, 317, 378, 66, 115, 419, 93, 471, 216, 422, 325, 129, 285, 349, 378, 281, 260, 82, 20, 20, 422, 455, 137, 42, 237]
Tree:
None
Fitness on 5000 data:
-7.131384307611868

Fitness:
-6.610577230230265