Generation:
500

Phenotype:
a = uniform([17, 11.1], 1);
b = uniform([26, 2], 2)  - uniform([15, 18.3], 2);
a = uniform([15, 17.3], 3);
a = gm([23, 29.2, 16])  - gm([12, 28, 25]);
a = gm([17.5, 0.7, 1.7]);;

Genotype:
[433, 47, 126, 172, 274, 258, 477, 104, 327, 209, 414, 27, 276, 161, 350, 168, 143, 179, 339, 101, 119, 116, 46, 489, 204, 35, 480, 209, 297, 380, 417, 56, 438, 71, 280, 159, 42, 404, 356, 209, 358, 443, 154, 161, 190, 71, 238, 116, 411, 103, 254, 192, 457, 203, 60, 352, 234, 47, 126, 430, 402, 414, 477, 104, 28, 204, 211, 84, 468, 124, 204, 123, 168, 481, 380, 301, 234, 319, 449, 403, 438, 71, 280, 294, 42, 404, 356, 209, 358, 327, 209, 414, 27, 276, 161, 350, 168, 143, 179, 339, 101, 119, 116, 46, 5, 204, 35, 480, 209, 297, 380, 417, 56, 438, 71, 280, 159, 42, 404, 356, 209, 358, 443, 154, 161, 254, 71, 238, 116, 411, 103, 254, 192, 457, 203, 60, 352, 234, 47, 126, 430, 252, 414, 477, 104, 28, 204, 211, 84, 468, 124, 204, 123, 168, 481, 380, 301, 234, 319, 449, 403, 488, 486, 468, 124, 204, 35, 276, 209, 358, 104, 204, 56, 438, 71, 280, 159, 42, 404, 206, 209, 358, 317, 204, 56, 438, 71, 280, 159, 42, 404, 206, 239, 147, 12, 480, 382, 223, 42, 404, 206, 239, 238, 315, 258, 477, 104, 327, 209, 414, 27, 276, 169, 350, 168, 143, 179, 339, 101, 119, 116, 46, 5, 204, 47, 209, 297]
Tree:
None
Fitness on 5000 data:
-5.226343596245447

Fitness:
-5.050829366999266