Generation:
500

Phenotype:
mu = 7; 
sigma = uniform([0, 4], 1) + 5 * 0; 
x = 18 * 15;
mu = gm([14, 21, 1], [18.6, 25, 11.6], [19.1, 22.2, 10]);
x = gm([12, 28, 5], [19, 22.4, 5], [0, 29, 17], [6, 15, 29.1], [12, 30.4, 5])  - uniform([0, 5], 3);;

Genotype:
[399, 45, 494, 268, 224, 274, 249, 65, 310, 38, 165, 236, 74, 433, 315, 434, 159, 71, 151, 173, 77, 452, 242, 257, 60, 306, 18, 259, 387, 270, 448, 208, 424, 388, 373, 195, 37, 173, 77, 452, 242, 65, 135, 410, 18, 331, 391, 279, 199, 208, 424, 388, 134, 438, 240, 161, 392, 287, 294, 316, 25, 146, 322, 172, 121, 22, 377, 373, 484, 329, 277, 270, 390, 164, 160, 249, 116, 310, 74, 463, 322, 172, 121, 22, 316, 194, 232, 329, 277, 270, 390, 126, 74, 463, 371, 390, 164, 160, 249, 116, 310, 74, 463, 322, 172, 121, 22, 316, 194, 232, 329, 277, 270, 390, 126, 74, 463, 371, 173, 253, 452, 454, 354, 335, 426, 206, 225, 300, 280, 166, 261, 235, 354, 386, 9, 440, 293, 417, 122, 500, 151, 368, 393, 136, 451, 14, 249, 2, 60, 91, 225, 3, 27, 11, 457, 112, 450, 460, 347, 378, 301, 102, 274, 479, 474, 450, 412, 265, 418, 159, 238, 351, 329, 277, 270, 377, 194, 232, 329, 277, 270, 390, 164, 160, 249, 65, 310, 74, 463, 322, 172, 121, 22, 316, 194, 232, 329, 277, 270, 390, 126, 74, 463, 371, 351, 258, 293, 72, 117, 484, 385, 6, 453, 303, 277, 244, 133, 454, 354, 335, 426, 206, 225, 300, 280, 166, 261, 235, 354, 386, 9, 440, 293, 417, 122, 500, 151, 368, 393, 136, 451, 14, 249, 2, 60, 91, 225, 3, 27, 11, 457, 112, 450, 460, 347, 378, 301, 102, 274, 479, 474, 450, 412, 265, 418, 159, 238, 351]
Tree:
None
Fitness on 5000 data:
-7.546702158499389

Fitness:
-7.270308552374445