Generation:
500

Phenotype:
mu = uniform([15, 8], 1) + 24  * x; 
sigma = 1  * gm([29.7, 2, 1]);
x = 16  * mu + x;
x = mu + gm([12, 2, 3]);

Genotype:
[34, 406, 447, 356, 356, 208, 403, 388, 214, 427, 441, 140, 384, 274, 435, 400, 282, 151, 153, 384, 274, 405, 400, 404, 151, 61, 419, 144, 315, 144, 315, 35, 64, 396, 78, 81, 432, 214, 432, 246, 384, 182, 405, 192, 282, 151, 207, 441, 81, 10, 274, 441, 81, 156, 274, 316, 151, 207, 144, 315, 35, 130, 350, 471, 128, 471, 462, 113, 201, 71, 216, 442, 290, 325, 294, 7, 117, 120, 171, 376, 397, 26, 265, 452, 376, 405, 106, 474, 179, 219, 44, 362, 161, 199, 446, 257, 451, 331, 281, 379, 113, 231, 24, 43, 218, 291, 378, 190, 60, 230, 207, 136, 283, 126, 87, 413, 389, 223, 395, 116, 85, 179, 467, 307, 436, 205, 294, 355, 452, 448, 311, 422, 368, 163, 477, 277, 392, 293, 323, 207, 188, 486, 431, 280, 257, 173, 182, 105, 196, 48, 305, 423, 374, 47, 486, 138, 277, 261, 305, 49, 272, 368, 1, 358, 152, 286, 110, 249, 331, 224, 125, 361]
Tree:
None
Fitness on 5000 data:
-6.388840790976115

Fitness:
-6.00075156198784