Generation:
500

Phenotype:
a = 1  * gm([7.7, 10, 26], [21.4, 0, 1], [12.4, 2.3, 1], [27, 5, 4.2]) + a; 
b = gm([11.8, 5, 23])  - 11; 
b = gm([21.9, 8, 1], [18, 2, 4.9]);;

Genotype:
[231, 382, 142, 342, 436, 293, 469, 224, 402, 8, 444, 10, 336, 393, 197, 52, 30, 136, 310, 388, 373, 37, 27, 198, 129, 191, 436, 272, 30, 466, 248, 316, 27, 198, 129, 191, 500, 64, 444, 297, 436, 101, 30, 418, 248, 393, 197, 52, 30, 67, 60, 85, 197, 52, 104, 240, 310, 286, 27, 375, 138, 280, 211, 7, 207, 305, 436, 101, 30, 466, 248, 342, 142, 24, 436, 101, 469, 224, 345, 25, 237, 52, 194, 458, 2, 304, 27, 198, 129, 191, 500, 64, 444, 297, 336, 393, 373, 375, 138, 280, 211, 7, 198, 342, 436, 101, 30, 466, 248, 381, 290, 133, 500, 64, 444, 196, 336, 393, 197, 363, 273, 444, 210, 342, 393, 197, 52, 30, 240, 414, 336, 393, 197, 363, 273, 444, 210, 342, 393, 197, 52, 30, 240, 60, 342, 118, 99, 322, 364, 172, 220, 381, 217, 52, 194, 458, 174, 304, 27, 442, 129, 133, 363, 273, 444, 126, 342, 393, 197, 52, 30, 240, 6, 463, 373, 375, 458, 174, 229, 308, 486, 364, 230, 386, 307, 300, 404, 415, 266, 118, 99, 129, 133, 363, 64, 444, 210, 356, 393, 197, 52, 30, 240, 6, 463, 373, 375, 138, 317, 445, 458, 174]
Tree:
None
Fitness on 5000 data:
-4.952151062161179

Fitness:
-4.513422216396365