Generation:
500

Phenotype:
u = bern(0.9)  - bern(0.2); 
 v = bern(0.9) + x; 
 w = bern(0.1); 
 x = bern(0.4) + x; 
 u = 0 + bern(0.2);

Genotype:
[42, 164, 446, 353, 242, 8, 87, 127, 58, 304, 353, 242, 486, 116, 399, 180, 240, 23, 486, 319, 466, 339, 102, 486, 242, 255, 484, 64, 288, 140, 310, 47, 18, 198, 287, 379, 353, 242, 8, 409, 70, 58, 80, 466, 103, 462, 340, 240, 392, 18, 492, 271, 478, 317, 144, 330, 274, 2, 479, 454, 179, 484, 64, 342, 12, 310, 47]
Tree:
None
Fitness on 5000 data:
-2.1906979036832883

Fitness:
-1.7532229992515656