Generation:
500

Phenotype:
skill1 = 3  * gm([19, 8, 2], [9, 4.9, 1.5])  - 0 * 15; 
skill2 = p1wins; 
p1wins = 0 * 0 + bern(0.6);
skill2 = uniform([12, 15.5], 1) + skill2;;

Genotype:
[466, 188, 397, 96, 493, 461, 238, 143, 498, 194, 74, 219, 480, 148, 412, 171, 500, 278, 69, 404, 247, 2, 233, 403, 387, 339, 12, 228, 248, 352, 365, 409, 217, 310, 147, 159, 41, 459, 270, 434, 238, 91, 498, 194, 74, 219, 480, 247, 412, 171, 500, 301, 69, 404, 23, 64, 233, 403, 387, 339, 12, 99, 165, 352, 365, 409, 217, 310, 147, 159, 41, 459, 270, 233, 43, 254, 354, 349, 248, 352, 365, 409, 217, 500, 278, 341, 329, 22, 267, 6, 428, 488, 339, 12, 171, 248, 352, 332, 409, 365, 409, 414, 412, 171, 500, 278, 69, 404, 387, 339, 12, 99, 23, 352, 365, 409, 217, 310, 147, 159, 24, 459, 270, 233, 43, 404, 318, 159, 41, 459, 270, 233, 43, 254, 459, 270, 99, 248, 185, 459, 270, 233, 43, 333, 354, 349, 393, 6, 493, 445, 160, 232, 341, 329, 69, 404, 253, 236, 233, 403, 302, 339, 12, 99, 248, 352, 365, 409, 217, 310, 147, 159, 24, 459, 270, 233, 43, 403, 488, 339, 12, 171, 248, 352, 365, 409, 217, 23, 400, 348, 352, 225, 409, 217, 310, 147, 159, 414, 459, 12, 148, 412, 171, 59, 321, 456, 208, 372, 47, 5, 69, 404, 253, 236, 233, 403, 387, 148, 412, 171, 238, 278, 69, 404, 253, 236, 233, 403, 488, 339, 12, 99, 248, 352, 365, 409, 217, 49, 147, 254, 274, 349, 393, 422, 279, 140, 219, 224, 400, 168, 401, 177, 252, 335, 213, 468, 38, 280, 363, 423, 75, 329, 309, 34, 337, 70, 113, 191, 134, 176, 107, 215, 40, 233, 46, 118, 324, 76, 251, 202, 162, 110, 266, 371, 19, 106, 11, 53, 182, 49, 484, 6, 376, 5, 8, 113, 350, 197, 316, 50, 82, 368, 373, 458, 87, 446, 230, 243, 126, 106, 10, 1, 318, 347, 2, 103, 99, 13, 446, 49, 210, 438, 99, 298, 433, 371, 9, 327, 210, 438, 99, 298, 433, 371, 9, 327, 469, 90, 384, 422, 19, 140, 219, 224, 400, 168, 401, 177, 252, 335, 213, 468, 38, 280, 363, 423, 75, 329, 309, 34, 337, 70, 113, 191, 134]
Tree:
None
Fitness on 5000 data:
-6.6163515729765106

Fitness:
-6.433308230836911