Generation:
500

Phenotype:
mu = sigma + uniform([17, 8], 1); 
sigma = x + 1  * gm([3, 20.6, 24], [14.2, 1.2, 1]);
x = 7  * gm([9.4, 11.1, 29]) + 3;
x = uniform([10, 7.6], 1) + 8;

Genotype:
[119, 94, 12, 339, 106, 267, 2, 482, 268, 430, 44, 145, 78, 432, 287, 412, 187, 403, 337, 242, 499, 81, 113, 275, 212, 365, 344, 163, 231, 199, 479, 404, 262, 136, 94, 325, 328, 193, 16, 244, 423, 443, 246, 257, 414, 288, 78, 432, 287, 412, 34, 403, 321, 242, 10, 81, 38, 275, 212, 29, 344, 163, 231, 199, 133, 2, 482, 268, 4, 68, 27, 99, 412, 128, 279, 500, 183, 211, 290, 437, 404, 262, 136, 94, 325, 468, 57, 52, 290, 310, 283, 13, 40, 16, 244, 52, 359, 310, 283, 13, 40, 443, 244, 454, 329, 224, 102, 204, 470, 290, 437, 404, 262, 136, 94, 325, 468, 57, 52, 359, 310, 283, 13, 40, 16, 244, 454, 329, 224, 102, 204, 470, 264, 134, 274, 487, 253, 349, 347, 473, 13, 22, 345, 302, 459, 464, 485, 324, 288, 119, 125, 409, 282, 308, 107, 263, 318, 291, 264, 232, 380, 302, 232, 460, 6, 490, 493, 120, 396, 198, 430, 22, 334, 385, 333, 54, 300, 193, 268, 156, 329, 369, 371, 16, 241, 420, 323, 467, 20, 106, 428, 223, 170, 443, 229, 178, 339, 142, 167, 1, 234, 341, 182, 93, 111, 153, 22, 499, 257, 285, 412, 356, 480, 253, 477, 94, 450, 339, 109, 312, 444, 376, 309, 26, 232, 113, 458, 480, 356, 479, 330, 349, 401, 18, 74, 292, 470, 23, 17, 165, 351, 329, 122]
Tree:
None
Fitness on 5000 data:
-7.458171307699023

Fitness:
-6.585960372618031