Generation:
500

Phenotype:
earthquake = 0  - alarm; 
  burglary = 0  - 0; 
    if bern(0.2) >= 1 { 
        if burglary == 0 { 
              alarm = burglary; 
        } else { 
              alarm = earthquake + bern(0.6); 
        } end if; 
  } else { 
        if johncalls == 1 { 
              alarm = burglary  - 1; 
        } else { 
              alarm = 0 + 0; 
        } end if; 
  } end if; 
    if bern(0.3) <= 1 { 
        johncalls = 0; 
  } else { 
        johncalls = bern(0.4)  - bern(0.9); 
  } end if;

Genotype:
[327, 257, 261, 162, 448, 416, 38, 392, 77, 418, 113, 306, 339, 398, 333, 91, 366, 463, 420, 212, 366, 174, 420, 212, 306, 408, 286, 404, 196, 1, 150, 31, 50, 68, 275, 216, 431, 47, 174, 430, 244, 113, 375, 469, 29, 92, 115, 68, 113, 306, 339, 398, 333, 415, 366, 463, 420, 212, 306, 137, 192, 128, 7, 44, 241, 312, 469, 29, 183, 167, 68, 137, 192, 128, 7, 44, 241, 312, 209, 29, 149, 167, 68, 329, 216, 431, 47, 174, 106, 209, 29, 183, 167, 68, 275, 216, 431, 47, 174, 328, 137, 192, 128, 7, 44, 211, 470, 422, 196, 1, 150, 31, 30, 349, 210, 129, 400, 135, 363, 156, 209, 24, 332, 429, 426, 484, 389, 243, 365, 404, 322, 332, 164, 426, 113, 434, 244, 170, 410, 249, 50, 158, 222, 435, 194, 241, 312, 469, 83, 281, 97, 68, 125, 216, 431, 443, 408, 478, 190, 22, 426, 394, 386, 351, 66, 24, 476, 293, 268, 19, 116, 174, 464, 300, 71, 163, 167, 393, 45, 79, 103, 237, 177, 431, 398, 121, 484, 485, 463, 499, 360, 11, 95, 97, 465, 328, 185, 42, 488, 440, 29, 494, 265, 482, 161, 80, 69, 27, 185, 241, 123, 437, 453, 312, 470, 329, 363, 21, 422, 17, 7, 478, 498, 244, 458, 234, 418, 239, 393, 219, 124, 207, 90, 53, 124]
Tree:
None
Fitness on 5000 data:
-inf

Fitness:
0.0