Generation:
500

Phenotype:
b = gm([22, 4, 5.7], [12.6, 7, 3.2]);
a = gm([19.5, 1.9, 2]);;

Genotype:
[415, 101, 22, 336, 21, 42, 96, 376, 7, 260, 239, 154, 283, 1, 5, 96, 146, 7, 260, 239, 494, 410, 413, 65, 415, 468, 22, 462, 268, 108, 42, 13, 18, 387, 50, 472, 31, 125, 413, 408, 33, 274, 7, 260, 239, 476, 48, 413, 269, 415, 310, 283, 413, 5, 395, 180, 128, 472, 192, 441, 34, 480, 112, 255, 69, 209, 22, 462, 444, 128, 412, 192, 441, 350, 108, 380, 94, 69, 467, 21, 42, 96, 205, 273, 385, 239, 154, 352, 21, 42, 96, 205, 7, 260, 239, 154, 283, 413, 5, 96, 274, 7, 260, 239, 154, 362, 380, 114, 69, 467, 445, 401, 486, 71, 352, 220, 288]
Tree:
None
Fitness on 5000 data:
-5.4381728225796655

Fitness:
-4.8683968410288045