Generation:
500

Phenotype:
u = bern(0.4)  - v; 
 v = 0 + bern(0.8); 
 w = bern(0.1)  - w; 
  if v + w + bern(0.3) + bern(0.8) + x + bern(0.3) > 1 { 
       if u != 0{ 
             x = bern(0.4); 
       } else { 
             x = 1; 
       } end if; 
 } else { 
       if w != 0{ 
             x = 1 + 0; 
       } else { 
             x = 0 + x; 
       } end if; 
 } end if;

Genotype:
[497, 53, 312, 101, 192, 376, 350, 397, 229, 11, 136, 18, 485, 448, 20, 290, 169, 315, 68, 56, 186, 7, 41, 486, 397, 139, 118, 154, 3, 133, 137, 163, 433, 475, 371, 208, 11, 136, 223, 101, 203, 479, 344, 400, 391, 80, 486, 152, 11, 111, 18, 293, 479, 20, 290, 169, 136, 223, 101, 203, 479, 344, 400, 391, 80, 486, 152, 11, 111, 18, 481, 479, 20, 290, 169, 18, 485, 18, 3, 344, 18, 485, 442, 20, 290, 169, 181, 68, 56, 186, 56, 186, 7, 41, 486, 397, 433, 118, 18, 3, 344, 137, 307, 433, 15, 371, 208, 11, 136, 30, 101, 203, 479, 344, 400, 391, 305, 486, 152, 11, 111, 18, 137, 479, 20, 486, 152, 11, 3, 344, 329, 48, 176, 229, 130, 294, 163, 433, 15, 397, 208, 11, 136, 30, 101, 203, 479, 208, 181, 68, 56, 430, 7, 41, 486, 397, 433, 118, 486, 3, 344, 137, 163, 433, 53, 30, 101, 229, 130, 137, 163, 433, 32, 397, 208, 11, 136, 30, 101, 203, 479, 208, 11, 136, 18, 481, 448, 20, 290, 169, 181, 68, 145, 370, 13, 217, 282, 162, 134, 7, 53, 173, 221, 305, 326, 330, 163, 317, 110, 100, 84, 271, 56, 437, 324, 141, 254, 350, 161, 2, 256, 490, 32, 67, 151, 178, 460, 169, 344, 360, 18, 163, 255, 377, 57, 132, 432, 405, 470, 203, 80, 452, 318]
Tree:
None
Fitness on 5000 data:
-inf

Fitness:
-1.5297925410626005