Generation:
500

Phenotype:
skill1 = uniform([7, 3], 1); 
skill2 = uniform([14, 6], 2) + gm([14, 3, 7.9]);
cond = 25  * skill1;
skill1 = 1 * 29  - gm([27.2, 3, 7.3], [12.7, 11, 1.2], [11, 13, 7], [11, 13.2, 7], [22.1, 7, 1], [12.2, 13.3, 5]); 
if skill2 + 10 * bern(0.7) <= 13 { 
  p1wins = 1;
 } else { 
   p1wins = 0; 
 } end if;

Genotype:
[451, 420, 354, 226, 131, 436, 470, 280, 10, 342, 414, 262, 120, 230, 237, 204, 21, 174, 164, 293, 280, 189, 89, 441, 35, 8, 466, 114, 327, 153, 490, 25, 92, 140, 420, 428, 419, 360, 443, 437, 365, 32, 91, 57, 485, 385, 479, 213, 379, 420, 96, 419, 317, 443, 461, 455, 74, 168, 226, 445, 469, 342, 460, 489, 148, 259, 400, 230, 258, 7, 55, 322, 197, 205, 292, 10, 66, 131, 487, 19, 332, 423, 68, 286, 320, 311, 94, 403, 415, 370, 347, 199, 335, 230, 253, 35, 399, 264, 152, 41, 194, 251, 382, 151, 123, 381, 385, 369, 340, 122, 392, 482, 206, 311, 164, 289, 219, 454, 364, 465, 180, 97, 356, 314, 122, 422, 474, 121, 450, 56, 490, 137, 350, 294, 166, 430, 285, 134, 258]
Tree:
None
Fitness on 5000 data:
-6.721718111459227

Fitness:
-6.330282136567489