Generation:
500

Phenotype:
u = uniform([9, 2], 1)  - uniform([9, 1], 3); 
v = uniform([5, 8.3], 1); 
if 4 * uniform([6, 4], 3) > 10 { 
  if 7 * uniform([9, 9], 3) + 7 * uniform([9, 9], 3) >= 17 { 
    w = 30;
   } else { 
     w =  10 + 17  * bern(0.3); 
   } end if;
 } else { 
   w =  24  - uniform([14, 7], 1); 
 } end if;

Genotype:
[460, 209, 402, 322, 474, 296, 100, 268, 93, 46, 71, 434, 441, 266, 114, 414, 346, 67, 491, 256, 209, 376, 475, 440, 85, 376, 470, 440, 464, 93, 50, 71, 41, 25, 17, 311, 38, 86, 102, 114, 107, 102, 322, 311, 38, 86, 102, 114, 107, 102, 114, 296, 360, 470, 440, 464, 352, 50, 200, 41, 25, 17, 311, 38, 17, 311, 38, 86, 102, 114, 107, 102, 114, 360, 470, 440, 464, 93, 50, 71, 464, 93, 50, 360, 470, 440, 464, 93, 430, 107, 102, 376, 470, 440, 464, 93, 50, 71, 41, 25, 17, 354, 38, 86, 102, 114, 107, 434, 376, 470, 440, 464, 93, 17, 311, 376, 470, 440, 464, 93, 50, 46, 71, 434, 334, 266, 114, 360, 102, 334, 182, 114, 360, 346, 67, 491, 201, 209, 73, 328, 440, 422, 93, 71, 41, 25, 17, 311, 38, 86, 102, 114, 107, 102, 114, 360, 46, 71, 434, 334, 182, 114, 360, 346, 67, 491, 201, 209, 73, 328, 440, 422, 93, 50, 71, 41, 25, 17, 311, 38, 86, 146, 73, 470, 93, 50, 71, 41, 25, 25, 17, 50, 71, 41, 170, 17, 311, 38, 86, 102, 114, 107, 102, 27, 486, 185, 131, 256, 163, 491, 201, 209, 73, 470, 440, 311, 38, 86, 102, 114, 107, 102, 114, 360, 346, 67, 440, 422, 93, 50, 71, 41, 25, 17, 311, 38, 86, 102, 114, 107, 434, 86, 102, 114, 360, 346, 67, 491, 201, 209, 73, 470, 440, 422, 93, 50, 71, 41, 25, 17, 311, 38, 86, 102, 114, 107, 102, 114, 360, 346, 67, 107, 491, 201, 296, 403, 102, 114, 360, 346, 281, 486, 160, 402, 322, 474, 296, 281, 268, 302, 360, 421, 93, 245, 71, 264, 490, 114, 360, 346, 67, 17, 311, 38, 86, 102, 114, 107, 102, 114, 360, 346, 67, 107, 491, 201, 296, 403, 102, 114, 360, 346, 281, 486, 160, 402, 322, 474, 296, 281, 268, 302, 360, 421, 93, 245, 71, 264, 490, 114, 360, 346, 67, 107, 491, 201, 310, 71, 338, 440, 422, 93, 310, 71, 338, 120, 422, 93, 492, 101, 296, 101, 224, 102, 114, 360, 346, 93, 245, 81, 424, 132, 41, 25, 17, 311, 91, 92, 434, 13, 360, 397, 38, 170, 17, 111, 101, 114, 360, 346, 67, 47, 155, 211, 71, 408, 265, 393, 310, 38, 469, 473, 305, 459, 179, 47, 155, 211, 186, 272, 71, 338, 440, 422, 93, 492, 474, 292, 346, 67, 107, 491, 15, 339, 403, 339, 179, 41, 166, 240, 237, 155, 211, 186, 272, 71, 338, 440, 91, 93, 492, 474, 296, 120, 268, 434, 86, 63, 52, 166, 207, 47, 247, 318, 17, 111, 101, 265, 383, 393, 169, 269, 111, 423, 316, 97, 373, 204, 271, 318, 17, 111, 101, 265, 383, 393, 211, 186, 272, 71, 338, 440, 422, 93, 150, 474, 296, 120, 268, 434, 86, 63, 97, 373, 204, 288, 154, 349, 80, 220, 126, 107, 339, 233, 187, 104, 296, 3, 191, 250, 24, 433]
Tree:
None
Fitness on 5000 data:
-5.387788828899054

Fitness:
-4.949478557269436