Generation:
500

Phenotype:
eyecolor = gm([0.7, 0, 0], [0.1, 1, 0]) + gm([0.9, 0, 0], [0.1, 1, 0]); 
 haircolor = gm([0.7, 0, 0], [0.1, 1, 0], [0.1, 2, 0], [0.2, 3, 0]) + eyecolor; 
 hairlength = gm([0.9, 0, 0], [0.5, 1, 0], [0.6, 2, 0]); 
 eyecolor = gm([0.7, 0, 0], [0.1, 1, 0]) + gm([0.9, 0, 0], [0.1, 1, 0]);

Genotype:
[264, 429, 24, 399, 219, 357, 36, 64, 147, 408, 422, 54, 459, 140, 78, 101, 141, 198, 0, 217, 132, 480, 369, 164, 422, 417, 1, 494, 31, 356, 462, 100, 493, 276, 429, 24, 399, 114, 357, 36, 64, 147, 408, 422, 54, 459, 140, 335, 101, 141, 198, 0, 219, 132, 480, 369, 164, 422, 417, 1, 494, 31, 356, 462, 100, 493, 276, 429, 86, 399, 114, 184, 36, 64, 147, 408, 36, 64, 147, 408, 422, 54, 459, 140, 335, 101, 141, 198, 0, 280, 132, 480, 369, 164, 422, 25, 1, 494, 31, 356, 462, 100, 493, 219, 429, 86, 54, 485, 44, 454, 252, 145, 485, 405, 413, 262, 245, 112, 136, 305, 467, 427, 168, 333, 87, 203, 53, 137, 284, 262, 307, 95, 272, 487, 98, 376, 489, 36, 372, 289, 35, 115, 294, 377, 142, 328, 115]
Tree:
None
Fitness on 5000 data:
-inf

Fitness:
-2.6010915605409077