Generation:
500

Phenotype:
x = 14 * 6;
x = sigma  - sigma;
x = x  - x;
mu = 13  * uniform([1, 2.4], 1);
x = sigma  - sigma;
mu = 6 * 24 + gm([24, 6.4, 26]);
x = 16 * 20;
mu = 1  * uniform([16, 22.9], 1)  - 9;
sigma = uniform([1, 2.6], 1);
 x = sigma * gm([1,1,1]);
x = x + mu;

Genotype:
[132, 53, 298, 192, 161, 342, 419, 281, 138, 192, 161, 438, 234, 137, 266, 411, 447, 148, 231, 231, 298, 82, 168, 218, 419, 281, 138, 192, 161, 438, 234, 137, 266, 411, 234, 150, 88, 168, 218, 342, 419, 281, 138, 192, 161, 438, 234, 137, 266, 411, 447, 148, 231, 231, 298, 82, 168, 218, 231, 268, 92, 327, 161, 210, 234, 481, 32, 314, 241, 219, 161, 210, 234, 57, 82, 168, 218, 342, 419, 281, 450, 454, 32, 314, 465, 219, 161, 166, 218, 419, 295, 81, 425, 368, 192, 137, 266, 102, 363, 24, 29, 418, 486, 150, 200, 218, 419, 281, 365, 28, 342, 419, 161, 438, 234, 187, 342, 419, 281, 138, 192, 161, 438, 234, 137, 266, 411, 447, 365, 192, 161, 438, 234, 137, 266, 102, 234, 318, 266, 102, 447, 148, 216, 267, 102, 161, 210, 234, 150, 216, 232, 62, 216, 232, 102, 161, 210, 234, 150, 82, 168, 218, 342, 419, 378, 337, 280, 29, 418, 486, 150, 101, 250, 147, 411, 307, 325, 197, 90, 107, 310, 408, 426, 240, 459, 363, 151, 291, 406]
Tree:
None
Fitness on 5000 data:
-6.90381199135181

Fitness:
-6.3100845584060155