Generation:
500

Phenotype:
burglary=0; 
 earthquake=0; 
 alarm=0  - burglary; 
 johncalls=0 + 0; 
 earthquake = 0;

Genotype:
[474, 171, 389, 356, 465, 119, 498, 224, 387, 200, 410, 288, 136, 205, 441, 252, 83, 478, 248, 274, 405, 441, 252, 427, 404, 360, 122, 21, 151, 212, 140, 75, 90, 12, 312, 85, 389, 319, 14, 167, 201, 305, 110, 161, 41, 404, 360, 122, 21, 238, 171, 140, 436, 90, 86, 340, 81, 0, 394, 36, 318, 272, 393, 318, 484, 428, 438, 236, 250, 372, 492, 90, 74, 294, 195, 230, 54, 296, 212, 458, 287, 164, 284, 193, 51, 376, 450, 57, 372, 9, 28, 97, 456, 121, 30, 114, 427, 479, 105, 239, 153, 79, 131, 191, 352, 126, 10, 492, 90, 74, 294, 195, 230, 54, 296, 212, 458, 287, 164, 284, 193, 51, 376, 450, 57, 372, 9, 28, 97, 456, 121, 30, 114, 427, 479, 105, 239, 153, 79, 131, 191, 352, 126, 10, 320, 431, 282, 289, 478, 243, 187, 213, 294, 339, 464, 84, 411, 56, 468, 6, 107, 42, 251, 490, 106, 259, 119, 96, 491, 291, 67, 195, 219, 433, 32, 489, 142, 273, 423, 432, 5, 308, 496, 443, 405, 347, 437, 440, 338, 110, 264, 444, 466, 155, 353, 360, 429, 258, 5, 496, 227, 435, 117, 78, 136, 138, 66, 361, 388, 488, 226, 260, 116, 227, 262, 1, 229, 278, 116, 232, 20, 182, 361, 308, 277]
Tree:
None
Fitness on 5000 data:
-inf

Fitness:
0.0