Generation:
500

Phenotype:
sigma = 8;
sigma = 25  - gm([2, 27, 9.3], [25, 25, 2.2]);
x = x + 25  * x;
x = uniform([1, 9.5], 1) + 16;
mu = uniform([27, 6.5], 4)  - uniform([2, 15.6], 1);

Genotype:
[343, 269, 428, 338, 145, 135, 161, 274, 380, 44, 436, 135, 46, 20, 431, 348, 118, 390, 118, 113, 50, 343, 44, 461, 91, 288, 20, 368, 156, 118, 390, 118, 113, 157, 397, 37, 490, 399, 335, 424, 411, 30, 287, 121, 490, 174, 17, 392, 489, 59, 280, 75, 83, 94, 399, 381, 67, 44, 425, 366, 78, 60, 32, 316, 372, 269, 408, 338, 213, 357, 161, 274, 207, 312, 44, 436, 135, 46, 221, 368, 348, 118, 390, 118, 113, 32, 377, 44, 436, 135, 46, 20, 368, 348, 118, 390, 118, 113, 32, 431, 37, 490, 399, 335, 424, 411, 30, 287, 37, 490, 174, 17, 120, 436, 135, 46, 86, 417, 142, 19]
Tree:
None
Fitness on 5000 data:
-7.884121737957398

Fitness:
-7.454070054917775