Generation:
500

Phenotype:
mu = gm([16, 21, 3]); 
sigma = uniform([18, 1.2], 4)  - uniform([14, 5], 1);
x = 19 * 26 + 23  * uniform([9, 5], 1);
x = gm([4, 1.7, 2]) + mu;

Genotype:
[330, 60, 273, 73, 178, 494, 233, 262, 145, 94, 375, 119, 213, 137, 421, 235, 249, 136, 23, 132, 230, 107, 212, 148, 136, 112, 500, 159, 174, 243, 217, 178, 494, 257, 262, 310, 184, 466, 249, 136, 476, 226, 221, 235, 249, 483, 368, 188, 438, 408, 144, 203, 438, 387, 153, 459, 379, 158, 267, 29, 4, 178, 45, 73, 178, 494, 249, 156, 330, 132, 224, 107, 212, 430, 284, 394, 422, 330, 414, 373, 242, 270, 31, 156, 330, 401, 224, 107, 242, 45, 73, 178, 494, 282, 400, 131, 99, 203, 438, 99, 153, 459, 379, 158, 267, 29, 4, 238, 253, 142, 380, 248, 158, 48, 48, 160, 117, 276, 252, 375, 496, 230, 388, 253, 365, 41, 410, 124, 334, 271, 327, 81, 334, 16, 337, 284, 284, 328, 206, 124, 232, 323, 480, 150, 40, 63, 484, 212, 430, 239, 97, 456, 270, 374, 138, 29, 455, 263, 386, 273, 205, 96, 497, 118, 169, 19, 409, 462, 362, 269, 206, 132, 254, 137, 440, 262, 53, 200, 346, 188, 89, 199, 64, 343, 489, 100, 54, 72, 488, 249, 264, 281, 251, 160, 343, 94, 261, 157, 138, 291, 133]
Tree:
None
Fitness on 5000 data:
-6.698368332755186

Fitness:
-6.0772461960811155