Generation:
500

Phenotype:
a = 28  - gm([11, 27.2, 2]); 
if 2 * gm([16, 13, 6]) + gm([27, 22.2, 6]) + 27 * a < 21 { 
  b = 3  * uniform([2, 8], 3)  - gm([6, 27.6, 18]); 
 } else { 
  b = 12  - uniform([2, 4], 1); 
 } end if;

Genotype:
[43, 8, 236, 262, 400, 309, 208, 230, 130, 445, 191, 306, 1, 162, 436, 21, 441, 487, 436, 340, 358, 400, 140, 208, 230, 130, 254, 191, 306, 1, 162, 436, 89, 441, 487, 208, 230, 130, 254, 191, 306, 201, 162, 436, 21, 479, 232, 158, 383, 436, 124, 358, 466, 309, 208, 230, 130, 254, 191, 306, 23, 338, 142, 344, 185, 36, 353, 441, 383, 436, 400, 309, 208, 130, 422, 191, 306, 1, 162, 436, 21, 441, 400, 309, 208, 230, 130, 254, 191, 230, 130, 377, 216, 36, 353, 322, 199, 436, 400, 309, 208, 458, 130, 494, 351, 306, 1, 475, 436, 390, 441, 383, 353, 441, 383, 436, 124, 353, 331, 308, 424, 495, 247, 342, 8, 236, 262, 424, 438, 475, 38, 142, 130, 7, 366, 234, 415, 364, 402, 66, 262, 472, 305, 237, 280, 344, 185, 331, 79, 424, 495, 18, 342, 154, 432, 351, 334, 456, 57, 428, 358, 348, 168, 342, 415, 351, 153, 314, 415, 498, 179, 313, 48, 440, 463, 91, 396, 289, 428, 315, 4, 358, 23, 448, 331, 274, 462, 433, 112, 451, 6, 185, 160, 66]
Tree:
None
Fitness on 5000 data:
-4.667449175778644

Fitness:
-4.025441087000183