Generation:
500

Phenotype:
damage = gm([0.3, 0, 0], [0.7, 1, 0]);
if gm([0.1, 0, 0], [0.6, 1, 0]) >= 3 { 
   preplevel = preplevel; 
 } else { 
   preplevel = gm([0.5, 0, 0], [0.1, 1, 0], [0.3, 2, 0]); 
 } end if;

Genotype:
[448, 292, 336, 41, 15, 36, 168, 479, 422, 56, 96, 183, 459, 201, 396, 243, 428, 450, 122, 154, 148, 228, 450, 118, 154, 304, 228, 36, 244, 243, 380, 284, 300, 80, 26, 362, 85, 94, 243, 380, 450, 300, 80, 26, 362]
Tree:
None
Fitness on 5000 data:
-1.705123570739324

Fitness:
-1.5567048712052922