Generation:
500

Phenotype:
preplevel = gm([0.5, 0, 0], [0.1, 1, 0], [0.4, 2, 0]);
preplevel = gm([0.5, 0, 0], [0.2, 1, 0], [0.1, 2, 0]);
damage = gm([0.1, 0, 0], [0.4, 1, 0]);

Genotype:
[302, 446, 486, 500, 104, 116, 212, 254, 167, 139, 477, 336, 320, 242, 8, 106, 250, 150, 17, 301, 226, 495, 465, 318, 81, 85, 362, 254, 167, 56, 477, 336, 440, 242, 8, 106, 250, 462, 17, 301, 226, 495, 465, 318, 81, 85, 362, 218, 397, 256, 491, 51, 472, 314, 124, 479, 84, 82, 448, 105, 9, 121, 104, 116, 212, 254, 426, 352, 319, 211, 174, 392, 388, 470, 123, 252, 322, 358, 374, 153, 442]
Tree:
None
Fitness on 5000 data:
-1.8696970135000506

Fitness:
-1.5381721931621426