Generation:
500

Phenotype:
skill2 = 10 + gm([15, 11, 4], [5, 10.4, 2.6]);
p1wins = 23  - 1  * uniform([21, 3], 1);
skill1 = 10 + gm([15, 11, 4], [5, 10.4, 2.4]);;

Genotype:
[139, 5, 246, 328, 157, 472, 152, 90, 258, 273, 177, 177, 478, 108, 292, 321, 98, 469, 406, 354, 470, 435, 41, 48, 425, 33, 365, 74, 102, 234, 308, 137, 290, 204, 395, 127, 373, 238, 486, 236, 137, 188, 315, 98, 344, 303, 472, 152, 90, 258, 171, 177, 177, 478, 108, 292, 321, 98, 469, 406, 354, 470, 435, 41, 48, 425, 33, 480, 74, 102, 234, 308, 321, 292, 321, 98, 469, 406, 354, 470, 435, 41, 48, 425, 33, 355, 74, 102, 234, 308, 137, 290, 204, 395, 127, 373, 435, 41, 48, 425, 33, 355, 74, 102, 234, 308, 137, 290, 204, 141, 127, 373, 238, 486, 236, 137, 188, 315, 98, 393, 159, 140, 96, 177, 206, 452, 441, 115, 207, 96, 49, 436, 18, 126, 78, 103, 272, 473, 250, 404, 303, 209, 189, 214, 67, 228, 101, 216, 435, 393, 435, 330, 28, 353, 143, 462, 266, 177, 408, 63, 18, 156, 175, 390, 408, 63, 18, 156, 175, 390, 247, 424, 252, 359, 106, 26, 131, 347, 159, 484]
Tree:
None
Fitness on 5000 data:
-6.654116874668305

Fitness:
-6.46524269609697