Generation:
500

Phenotype:
a = gm([17.7, 1, 3]);
b = gm([12.4, 3, 4.3]) + a;;

Genotype:
[469, 38, 384, 306, 336, 234, 186, 241, 242, 423, 203, 402, 122, 156, 36, 251, 36, 282, 126, 3, 445, 306, 340, 36, 251, 167, 399, 444, 3, 247, 159, 38, 336, 426, 174, 306, 241, 242, 336, 423, 256, 391, 36, 75, 3, 301, 48, 402, 418, 436, 233, 36, 297, 36, 282, 75, 3, 301, 48, 402, 418, 6, 205, 430, 175, 398, 462, 256, 405, 418, 6, 205, 430, 101, 398, 462, 256, 405, 444, 36, 376, 75, 31, 301, 291, 402, 6]
Tree:
None
Fitness on 5000 data:
-5.125117829280263

Fitness:
-5.053460232641056