Generation:
500

Phenotype:
skill1 = uniform([11, 18.2], 1);
skill2 = uniform([0, 5], 2) + gm([3.4, 17.5, 3]);
if skill1-skill2 > 0 { 
  p1wins = 1.0;
 } else { 
   p1wins = 0.0; 
 } end if;

Genotype:
[488, 221, 494, 0, 240, 12, 0, 54, 445, 305, 359, 1, 320, 276, 252, 83, 421, 82, 240, 122, 0, 54, 445, 305, 327, 1, 22, 305, 34, 435, 55, 327, 112, 0, 468, 12, 0, 54, 445, 305, 327, 193, 52, 216, 252, 83, 421, 464, 219, 54, 0, 213, 262, 1, 0, 54, 445, 305, 216, 32, 98, 328, 1, 459, 13, 32, 83, 421, 82, 305, 427, 1, 52, 216, 32, 289, 276, 52, 216, 276, 83, 34, 305, 327, 1, 52, 216, 252, 273, 219, 54, 445, 305, 276, 52, 216, 276, 83, 219, 54, 445, 305, 34, 435, 55, 327, 262, 0, 468, 12, 0, 54, 445, 305, 327, 193, 52, 216, 252, 83, 421, 464, 219, 54, 0, 213, 262, 1, 0, 54, 445, 305, 216, 32, 98, 328, 1, 459, 13, 32, 83, 421, 82, 305, 427, 1, 52, 216, 32, 289, 276, 52, 216, 276, 83, 34, 305, 327, 1, 52, 216, 252, 273, 219, 54, 445, 305, 34, 1, 0, 54, 445, 305, 427, 88, 216, 32, 98, 328, 1, 459, 216, 32, 83, 421, 82, 305, 427, 1, 52, 216, 32, 289, 276, 52, 216, 276, 83, 34, 305, 327, 1, 52, 216, 252, 273, 219, 54, 445, 305, 34, 1, 0, 54, 445, 305, 427, 1, 88, 216, 32, 98, 328, 1, 459, 137, 32, 83, 421, 82, 305, 427, 1, 52, 216, 32, 289, 276, 52, 216, 276, 83, 34, 83, 421, 354, 460, 198, 474, 439, 182, 289, 276, 312, 370, 312, 370, 38, 427, 1, 52, 216, 32, 83, 421, 82, 276, 198, 474, 439, 182, 289, 276, 347, 375, 218, 312, 54, 444, 47, 259, 388, 53, 410, 470, 61, 323, 476, 152, 174, 183, 118, 64, 366, 134, 426, 246, 98, 343, 105, 104, 385, 250, 325]
Tree:
None
Fitness on 5000 data:
-5.879746251352165

Fitness:
-5.670859271142786