Generation:
500

Phenotype:
skill1 = 23; 
skill2 = gm([26.2, 22, 6], [23.4, 16.9, 7], [10, 19.4, 4]);
skill1 = uniform([3, 18.1], 1) + 7; 
if bern(0.1) > 0 { 
  p1wins = 1;
 } else { 
   p1wins = 0; 
 } end if;

Genotype:
[474, 432, 194, 82, 395, 279, 147, 377, 323, 265, 26, 433, 356, 239, 416, 37, 315, 91, 488, 300, 387, 481, 440, 240, 472, 408, 22, 165, 279, 298, 219, 102, 190, 36, 416, 184, 264, 100, 351, 254, 375, 265, 297, 63, 156, 224, 264, 100, 161, 254, 224, 263, 297, 187, 403, 416, 37, 315, 408, 492, 226, 52, 10, 135, 91, 488, 300, 387, 481, 440, 36, 472, 200, 430, 399, 488, 300, 387, 481, 440, 36, 472, 240, 472, 200, 22, 165, 279, 298, 440, 102, 190, 36, 416, 95, 82, 392, 279, 383, 108, 416, 37, 315, 408, 492, 226, 52, 10, 135, 91, 488, 300, 387, 481, 440, 263, 297, 63, 403, 210, 137, 397, 139, 2, 435, 224, 115, 372, 129, 37, 94, 348, 247, 285, 472, 26, 282, 165, 75, 298, 440, 102, 155, 91, 488, 300, 387, 481, 440, 36, 472, 200, 22, 165, 472, 323, 265, 26, 433, 356, 239, 416, 37, 315, 408, 492, 226, 52, 10, 135, 91, 488, 300, 387, 481, 299, 36, 472, 200, 430, 165, 104, 298, 440, 102, 44, 36, 416, 475, 22, 165, 279, 298, 440, 102, 155, 36, 416, 184, 264, 418, 351, 254, 224, 263, 297, 63, 224, 115, 372, 129, 37, 94, 348, 247, 285, 472, 26, 282, 165, 75, 298, 440, 102, 155, 36, 470, 184, 264, 418, 351, 374, 82, 392, 279, 383, 375, 342, 261, 125, 488, 31, 226, 331, 386, 185, 125, 290, 405, 41, 400, 331, 377, 185, 143, 372, 363, 282, 192, 129, 37, 429, 348, 247, 285, 290, 360, 41, 226, 331, 186, 185, 143, 372, 363, 282, 192, 129, 451, 429, 348, 247, 285, 472, 306, 183, 282, 192, 129, 37, 429, 348, 247, 285, 290, 360, 41, 226, 331, 186, 185, 143, 372, 363, 282, 192, 129, 37, 429, 348, 247, 285, 472, 306, 183, 100, 204, 323, 60, 233, 133, 290, 140, 416, 355, 276, 444, 63, 425, 386, 142, 170, 26, 433, 356, 239, 416, 37, 315, 408, 492, 226, 52, 10, 135, 91, 151, 300, 387, 481, 440, 102, 155, 36, 416, 184, 136, 236, 289, 338, 482, 451, 23, 297, 462, 337, 101, 248, 327, 470, 357, 155, 265, 441, 448, 174, 386, 102, 122, 48, 209, 296, 348, 248, 327, 470, 357, 155, 265, 441, 448, 174, 410, 102, 122, 48, 209, 296, 348, 136, 380, 464, 91, 241, 378, 463, 109, 374, 475, 307, 149, 376, 106, 68, 175, 429, 113, 485, 290, 251, 120, 155, 84, 178, 69]
Tree:
None
Fitness on 5000 data:
-6.33724197297072

Fitness:
-6.063926867097257