Generation:
500

Phenotype:
sigma = gm([1.1, 6.2, 4], [24.2, 1.5, 2.1])  - 2 * 0;
x = 14 * 8  - 7  * uniform([10, 4.5], 1);
mu = 0  * uniform([12, 26.9], 3) + gm([29.7, 19.9, 4]);

Genotype:
[302, 484, 360, 402, 478, 161, 360, 166, 27, 163, 435, 72, 269, 409, 217, 172, 469, 414, 141, 427, 289, 169, 94, 103, 157, 436, 135, 161, 179, 33, 217, 264, 36, 287, 248, 23, 139, 448, 256, 43, 255, 143, 382, 489, 314, 112, 84, 387, 60, 183, 69, 190, 169, 248, 23, 415, 103, 274, 161, 30, 357, 217, 418, 163, 91, 267, 269, 19, 197, 172, 469, 480, 141, 437, 190, 169, 471, 295, 157, 436, 479, 161, 153, 33, 217, 264, 36, 287, 248, 23, 139, 33, 217, 264, 36, 287, 248, 23, 139, 448, 169, 248, 140, 157, 163, 274, 73, 325, 343, 169, 248, 103, 157, 163, 274, 161, 153, 357, 217, 264, 14, 287, 248, 23, 139, 448, 256, 274, 161, 58, 357, 217, 27, 163, 215, 164, 414, 141, 437, 190, 169, 248, 154, 157, 163, 274, 73, 153, 343, 217, 264, 14, 287, 248, 23, 139, 448, 256, 43, 255, 143, 130, 359, 417, 20, 192, 387, 60, 183, 450, 190, 169, 248, 23, 415, 163, 274, 161, 153, 357, 217, 27, 163, 435, 267, 47, 428, 13, 286, 478, 222, 163, 26, 199, 441, 458, 163, 274, 161, 163, 274, 161, 153, 172, 217, 172, 217, 414, 14, 437, 190, 169, 248, 23, 415, 163, 274, 161, 153, 357, 217, 414, 14, 437, 190, 169, 248, 23, 139, 448, 256, 448, 256, 43, 255, 143, 130, 359, 417, 20, 192, 387, 60, 183, 441, 372, 439, 189, 379, 211, 44, 30, 29, 25, 323, 163, 137, 96, 217, 274, 161, 153, 357, 217, 414, 14, 437, 190, 169, 248, 23, 139, 194, 256, 43, 255, 143, 379, 211, 27, 30, 29, 25, 323, 163, 137, 96, 217, 274, 161, 153, 357, 217, 414, 14, 437, 190, 72, 248, 23, 139, 194, 256, 43, 255, 143, 251, 163, 137, 172, 217, 414, 229, 26, 199, 248, 141, 147, 274, 117, 359, 417, 20, 192, 387, 60, 311, 441, 372, 49, 189, 23, 339, 356, 100, 448, 256, 43, 255, 143, 130, 300, 137, 311, 227, 74, 320, 441, 130, 300, 467, 311, 233, 14, 177, 465, 27, 61, 382, 44, 30, 29, 25, 323]
Tree:
None
Fitness on 5000 data:
-7.795306967374893

Fitness:
-7.626064112129734