Generation:
500

Phenotype:
skill1 = gm([27, 20, 4]) + skill2;
skill2 = 27;
p1wins = 5 + skill2;
skill2 = 27;
p1wins = 4 + skill2;
skill2 = 27;
p1wins = 4 + skill2;
skill2 = bern(0.2) + gm([23, 20, 4]);
p1wins = 8  * bern(0.2);
if skill1-skill2 > 0 { 
  p1wins = 1.0;
 } else { 
   p1wins = 0.0; 
 } end if;

Genotype:
[452, 259, 478, 0, 87, 10, 150, 281, 30, 32, 368, 94, 20, 480, 128, 456, 376, 442, 492, 190, 136, 213, 128, 32, 368, 97, 20, 480, 32, 94, 20, 480, 5, 456, 376, 442, 402, 190, 136, 213, 128, 32, 368, 97, 20, 480, 32, 94, 20, 480, 128, 456, 376, 442, 488, 442, 136, 480, 128, 32, 368, 97, 20, 480, 32, 94, 20, 480, 128, 456, 376, 442, 402, 442, 136, 478, 0, 87, 10, 150, 281, 30, 32, 116, 94, 20, 480, 128, 456, 20, 480, 128, 381, 376, 442, 23, 442, 194, 478, 0, 87, 10, 150, 281, 30, 32, 42, 80, 442, 402, 442, 136, 478, 0, 87, 10, 150, 281, 30, 32, 116, 94, 20, 20, 480, 128, 456, 376, 442, 402, 442, 136, 478, 0, 87, 10, 150, 281, 30, 272, 116, 94, 20, 480, 128, 456, 20, 480, 480, 128, 381, 376, 442, 232, 442, 194, 478, 0, 87, 10, 150, 281, 30, 32, 42, 80, 175, 480, 128, 405, 20, 20, 81, 17, 84, 442, 136, 478, 0, 444, 373, 438, 281, 30, 482, 410, 405, 376, 200, 479, 320, 344, 396, 218, 479, 84, 407, 402, 442, 136, 478, 202, 13, 223, 442, 110, 482, 56, 490, 442, 97, 32, 168, 202, 13, 223, 442, 110, 320, 436, 359, 442, 110, 32, 405, 90, 319, 223, 380, 165, 405, 90, 150, 410, 142, 94, 268, 246, 222, 102, 119, 370, 222, 89, 461, 320, 168, 84, 168, 444, 295, 120, 89, 268, 352, 94, 300, 319, 84, 10, 150, 281, 480, 32, 405, 90, 410, 120, 89, 268, 142, 94, 268, 246, 222, 102, 332, 338, 320, 168, 444, 295, 120, 89, 268, 352, 94, 300, 319, 23, 369, 404, 14, 336, 248, 100, 380, 62, 405, 90, 150, 256, 480, 32, 482, 90, 38, 242, 414, 37, 232, 414, 419, 269, 48, 54, 348, 352, 405, 90, 150, 20, 480, 32, 405, 90, 38, 242, 414, 37, 62, 242, 414, 29, 462, 46, 348]
Tree:
None
Fitness on 5000 data:
-5.845140486786269

Fitness:
-5.507698319629998