Generation:
500

Phenotype:
a = uniform([28, 5], 1)  - 29; 
if gm([28, 7, 9], [13.7, 27, 3], [14.5, 22, 23.1], [27.8, 23.1, 14], [22, 23, 27], [27.5, 19.9, 13], [19.5, 28, 27.5]) + 26 * a + 24 * gm([7.1, 3, 13.9]) + 15 * b >= 16 { 
  b = uniform([2, 10.1], 4); 
 } else { 
  b = gm([10.2, 6, 17]); 
 } end if;

Genotype:
[301, 47, 261, 227, 28, 500, 148, 100, 296, 474, 153, 203, 199, 186, 259, 395, 352, 369, 84, 100, 296, 474, 153, 115, 199, 186, 40, 27, 96, 96, 115, 487, 293, 481, 436, 394, 419, 395, 297, 27, 197, 399, 394, 97, 395, 297, 26, 293, 481, 272, 394, 98, 395, 210, 27, 143, 159, 275, 436, 203, 50, 26, 186, 416, 390, 217, 174, 436, 146, 152, 397, 275, 436, 203, 21, 26, 135, 426, 293, 481, 272, 166, 98, 395, 224, 27, 96, 96, 115, 199, 26, 202, 153, 77, 399, 81, 434, 264, 21, 417, 419, 281, 143, 444, 261, 135, 27, 96, 115, 296, 293, 227, 28, 500, 223, 100, 296, 474, 153, 115, 199, 186, 40, 481, 436, 394, 98, 452, 352, 27, 96, 96, 115, 487, 293, 481, 436, 394, 3, 395, 297, 27, 197, 399, 384, 457, 27, 96, 115, 181, 324, 200, 223, 232, 421, 190, 400, 122, 265, 395, 135, 27, 96, 27, 96, 115, 426, 293, 436, 26, 427, 474, 394, 97, 395, 297, 26, 40, 67, 390, 369, 351, 207, 429, 462, 390, 338, 146, 390, 338, 399, 81, 434, 264, 21, 417, 419, 281, 143, 444, 395, 47, 261, 227, 28, 310, 223, 100, 296, 474, 153, 203, 199, 26, 40, 67, 419, 281, 143, 444, 275, 436, 146, 143, 111, 275, 436, 203, 199, 26, 40, 67, 390, 369, 351, 207, 429, 462, 390, 338, 146, 390, 338, 399, 81, 434, 264, 21, 417, 419, 281, 143, 444, 395, 135, 27, 394, 98, 395, 297, 27, 96, 47, 426, 293, 202, 373, 293, 202, 446, 384, 455, 98, 273, 143, 487, 57, 484, 31, 158, 105, 445, 60, 79, 87, 189, 61, 181, 324, 200, 379, 232, 421, 190, 400, 122, 265, 46, 383, 399, 384, 457, 410, 112, 368, 356, 281, 262, 298, 458, 279, 359, 49, 218, 113, 449, 29, 171, 285, 344, 53, 232, 78, 286, 406, 168, 391, 472, 166, 153, 181, 95, 294, 208, 64, 249, 197, 216, 453, 135, 35, 103, 369, 156, 384, 229, 462, 5, 152, 474, 66, 214, 497, 19, 397, 13, 201, 321, 472, 450, 168, 363]
Tree:
None
Fitness on 5000 data:
-5.594299316479716

Fitness:
-4.71758467647883