Generation:
500

Phenotype:
b = gm([29.3, 0, 4], [22.1, 9, 2], [24, 7.4, 0.8]) + b;
a = 7  * b  - b;
a = uniform([10, 3], 3)  - uniform([7, 6], 3);;

Genotype:
[28, 400, 158, 80, 31, 355, 258, 454, 239, 459, 122, 74, 302, 31, 256, 252, 55, 331, 53, 153, 362, 9, 72, 405, 482, 254, 24, 175, 69, 408, 25, 434, 124, 183, 39, 337, 204, 241, 482, 122, 256, 286, 192, 67, 183, 39, 271, 204, 4, 156, 78, 488, 162, 407, 72, 384, 497, 482, 78, 488, 162, 492, 473, 482, 254, 24, 175, 69, 403, 16, 157, 67, 183, 39, 337, 204, 241, 482, 122, 256, 400, 192, 67, 183, 39, 337, 204, 4, 482, 78, 488, 162, 407, 72, 384, 384, 267, 231, 454, 485, 364, 431, 4, 84, 403, 16, 157, 67, 183, 39, 362, 204, 4, 482, 78, 53, 162, 407, 72, 384, 50, 328, 260, 459, 484, 383, 10, 31, 256, 78, 488, 96, 407, 72, 384, 50, 69, 403, 166, 157, 67, 183, 162, 407, 72, 384, 50, 192, 260, 459, 121, 383, 91, 31]
Tree:
None
Fitness on 5000 data:
-5.145644072347936

Fitness:
-4.429972777718149