Generation:
500

Phenotype:
skill1 = uniform([11, 18.5], 4);
skill2 = 27 * 22;
skill2 = uniform([9, 6], 1) + uniform([4, 9], 3);
if skill1-skill2 > 0 { 
  p1wins = 1.0;
 } else { 
   p1wins = 0.0; 
 } end if;

Genotype:
[221, 301, 438, 389, 114, 471, 291, 198, 197, 291, 18, 256, 375, 170, 53, 55, 54, 197, 427, 337, 53, 375, 170, 53, 55, 142, 195, 382, 71, 368, 86, 264, 180, 278, 35, 308, 440, 454, 375, 170, 53, 266, 142, 195, 382, 71, 368, 86, 264, 180, 278, 35, 471, 291, 198, 197, 237, 18, 256, 375, 170, 53, 325, 142, 195, 382, 46, 419, 250, 86, 445, 197, 427, 135, 53, 375, 170, 53, 55, 142, 195, 382, 462, 65, 385, 392, 306, 71, 228, 476, 228, 462, 297, 424, 242, 403, 268, 94, 21, 138, 180, 494, 388, 332, 294, 242, 298, 110, 170, 104, 188, 417, 163, 435, 341, 216, 221]
Tree:
None
Fitness on 5000 data:
-6.276712917448777

Fitness:
-5.6852381300684804