Generation:
500

Phenotype:
v = gm([9.9, 10, 2]);
u = w + bern(0.2);
w = 3 + gm([29.5, 3.3, 3.1]);;

Genotype:
[396, 244, 328, 198, 448, 192, 444, 305, 208, 197, 257, 89, 100, 10, 122, 312, 270, 246, 480, 499, 90, 188, 227, 375, 499, 19, 168, 92, 471, 254, 217, 233, 106, 499, 471, 221, 366, 355, 246, 472, 233, 3, 74, 109, 3, 90, 198, 28, 10, 28, 127, 18, 366, 399, 233, 369, 159, 47, 356, 399, 234, 367, 287, 349, 0, 429, 35, 338, 482, 483, 198, 140, 215, 483, 198, 140, 215, 83, 310, 432, 142, 60, 452, 281, 294, 220, 472, 357, 356, 92, 388, 347]
Tree:
None
Fitness on 5000 data:
-5.1521166761451855

Fitness:
-4.998434810601664