Generation:
500

Phenotype:
damage = gm([0.5, 0, 0], [0.9, 1, 0]);
preplevel = gm([0.8, 0, 0], [0.2, 1, 0], [0.6, 2, 0]) + preplevel;

Genotype:
[318, 466, 382, 375, 445, 38, 412, 363, 248, 427, 314, 363, 248, 123, 314, 123, 314, 50, 221, 124, 469, 464, 472, 116, 276, 123, 314, 216, 472, 50, 221, 171, 134, 388, 111, 85, 242, 466, 412, 363, 248, 337, 221, 451, 248, 356, 177, 45, 100, 38, 412, 363, 248, 123, 314, 123, 314, 50, 221, 124, 469, 238, 472, 116, 276, 27, 453, 313, 265, 63, 19, 424, 10, 425, 435, 337, 15, 354, 500, 52, 394, 16, 38, 73, 25, 92, 403, 50, 34, 446, 74, 47, 212, 386, 424]
Tree:
None
Fitness on 5000 data:
-1.770830880267968

Fitness:
-1.570546019163466