Generation:
500

Phenotype:
u = 18  - gm([17, 0.1, 17]);
v = 8  * v + uniform([4, 10.9], 1);
u = bern(0.2);
w = gm([8.5, 7, 2]);;

Genotype:
[90, 176, 94, 469, 69, 260, 80, 378, 49, 132, 457, 120, 94, 203, 69, 248, 414, 478, 234, 284, 90, 119, 130, 34, 286, 163, 92, 238, 207, 94, 469, 69, 227, 80, 140, 47, 132, 198, 36, 321, 81, 467, 19, 105, 478, 234, 281, 45, 474, 497, 178, 11, 39, 94, 122, 69, 248, 281, 45, 474, 378, 47, 402, 217, 36, 321, 81, 467, 264, 180, 478, 234, 350, 1, 150, 352, 44, 466, 244, 199, 1, 150, 352, 44, 466, 385, 348, 319, 347, 460, 466, 309, 184, 381, 200, 309, 184, 381, 200, 385, 178, 377, 366, 118, 123, 208, 487, 442, 352, 244, 174, 46, 450, 236, 322, 127, 296, 222, 5, 186, 158, 183, 395, 394, 45, 365, 422, 429, 223, 138]
Tree:
None
Fitness on 5000 data:
-5.328273203595137

Fitness:
-4.978663537793349