Generation:
500

Phenotype:
w = bern(0.7);
w = gm([11, 3, 11], [21.8, 6, 1], [3.1, 14.4, 29.4]);
u = gm([2.4, 19.2, 16], [20.2, 10.8, 3], [2.4, 24.3, 11], [18.4, 17.5, 22.1]);
v = u  - 10  * bern(0.2);
u = bern(0.1);;

Genotype:
[214, 298, 358, 278, 362, 372, 273, 379, 204, 352, 292, 395, 399, 36, 261, 409, 484, 352, 488, 313, 484, 352, 267, 115, 21, 115, 352, 68, 426, 435, 442, 465, 96, 108, 457, 355, 57, 445, 91, 426, 259, 64, 195, 165, 144, 441, 313, 137, 195, 250, 93, 305, 360, 352, 180, 481, 359, 165, 423, 64, 195, 165, 43, 264, 313, 137, 195, 250, 93, 305, 396, 155, 360, 352, 180, 481, 359, 165, 423, 110, 274, 29, 22, 36, 474, 201, 367, 449, 75, 176, 366, 463, 41, 287, 415, 0, 336, 428, 36, 474, 399, 367, 99, 126, 352, 350, 426, 71, 442, 307, 96, 108, 457, 355, 57, 445, 418, 426, 259, 64, 195, 176, 417, 477, 41, 398, 204, 399, 281, 458, 198, 110, 259, 409, 273, 379, 204, 352, 336, 395, 324, 36, 259, 409, 426, 285, 299, 63, 38, 24, 374, 361, 445]
Tree:
None
Fitness on 5000 data:
-6.361507889963741

Fitness:
-6.174894677607782