Generation:
500

Phenotype:
skill1 = gm([2.6, 19, 7]);
p1wins = bern(0.5);
skill2 = 22  - gm([10.9, 2, 4]);;

Genotype:
[93, 139, 44, 383, 189, 396, 3, 405, 8, 295, 343, 302, 62, 360, 362, 348, 326, 252, 383, 189, 396, 3, 499, 399, 338, 215, 361, 224, 161, 118, 239, 396, 489, 396, 465, 289, 8, 228, 343, 42, 376, 407, 436, 259, 336, 295, 343, 62, 148, 372, 418, 68, 394, 341, 45, 469, 77, 464, 96, 497, 305, 492, 441, 184, 24, 121, 428, 301, 60, 122, 474, 451, 479, 60, 122, 474, 451, 479, 73, 311, 482, 203, 399, 212, 386, 236, 78, 492, 46, 295, 343, 62, 148, 362, 418, 188, 442, 430, 45, 469, 77, 464, 96, 61, 215, 492, 441, 184, 24, 121, 428, 301, 60, 122, 474, 451, 479, 433, 311, 482, 203, 399, 212, 386, 361, 224, 243, 118, 404, 126, 144, 286, 191, 212, 384, 70, 109, 392, 263, 207, 392, 52, 213, 448, 315, 361, 344, 485, 464]
Tree:
None
Fitness on 5000 data:
-6.450344051915547

Fitness:
-6.32329135830396