Generation:
500

Phenotype:
skill1 = uniform([15, 9], 1);
skill2 = 3 * 17  - gm([22.3, 29.3, 3.5]);
if skill1-skill2 > 0 { 
  p1wins = 1.0;
 } else { 
   p1wins = 0.0; 
 } end if;

Genotype:
[165, 125, 438, 342, 204, 426, 483, 138, 418, 6, 242, 324, 135, 154, 361, 187, 122, 2, 287, 499, 265, 162, 177, 324, 135, 208, 209, 187, 122, 2, 389, 499, 265, 118, 193, 301, 43, 384, 385, 123, 90, 440, 119, 354, 303, 438, 265, 269, 308, 10, 381, 190, 131, 377, 374, 77, 262, 481, 303, 234, 215, 459, 290, 6, 351, 369, 171, 309, 205, 326, 277, 173]
Tree:
None
Fitness on 5000 data:
-6.5772556974448255

Fitness:
-5.77735411115842