Generation:
500

Phenotype:
mu = gm([0.6, 17.8, 5.2]); 
sigma = x + gm([0.6, 2.3, 1]);
x = 23  * gm([10.4, 16, 0]);
x = 1  * gm([25, 2, 3]) + mu;

Genotype:
[195, 468, 84, 178, 154, 403, 248, 50, 383, 110, 340, 217, 67, 469, 316, 201, 327, 389, 339, 403, 464, 129, 403, 68, 429, 188, 200, 490, 1, 84, 334, 23, 403, 248, 495, 475, 93, 182, 109, 232, 124, 103, 295, 435, 448, 316, 140, 180, 94, 188, 178, 406, 318, 468, 135, 291, 55, 340, 135, 61, 90, 24, 174, 299, 117, 366, 248, 353, 178, 154, 403, 248, 476, 383, 55, 340, 217, 39, 134, 316, 201, 327, 91, 195, 403, 248, 353, 403, 68, 429, 188, 482, 490, 35, 42, 114, 85, 68, 54, 188, 482, 379, 440, 136, 375, 354, 113, 153, 111, 83, 202, 217, 416, 460, 104, 495, 475, 74, 185, 9, 109, 232, 80, 224, 298, 449, 44, 492, 436, 65, 129, 143, 101, 204, 24, 369, 482, 155, 70, 478, 309, 265, 376, 484, 337, 41, 224, 225, 210, 43, 288, 93, 90, 226, 421, 364, 228, 299, 218, 447, 411, 447, 129, 483, 85, 14, 333, 197, 105, 351, 137, 22, 233, 274, 325, 176, 182, 2, 15, 471, 56, 134, 193, 17, 421, 131, 261, 479, 62, 387, 347, 486, 48, 131, 229, 413]
Tree:
None
Fitness on 5000 data:
-6.512135185289906

Fitness:
-6.339936028407482