Generation:
500

Phenotype:
b = 8  - gm([21, 6.5, 8], [19.9, 1, 2], [1, 13.7, 11], [21.5, 0, 2], [7, 12, 4.2], [2, 16.5, 14]);
a = a + gm([12.2, 1, 2]);;

Genotype:
[193, 38, 178, 46, 469, 485, 125, 28, 380, 18, 130, 323, 380, 300, 439, 68, 274, 490, 8, 249, 3, 50, 323, 282, 249, 66, 374, 259, 16, 280, 183, 292, 375, 466, 42, 191, 157, 114, 256, 262, 93, 66, 374, 323, 260, 38, 156, 353, 3, 283, 262, 36, 128, 374, 341, 16, 121, 234, 262, 66, 374, 323, 16, 280, 105, 297, 68, 3, 16, 262, 317, 322, 46, 262, 249, 66, 374, 323, 380, 300, 156, 416, 3, 40, 262, 36, 66, 374, 223, 16, 280, 234, 262, 227, 28, 380, 18, 29, 68, 28, 380, 105, 206, 360, 137, 12, 66, 374, 323, 16, 280, 234, 262, 227, 28, 380, 241, 98, 406, 46, 150, 332, 367, 84, 483, 29, 367, 121, 483, 323, 380, 300, 156, 68, 3, 40, 262, 36, 66, 374, 223, 16, 280, 234, 262, 227, 28, 380, 18, 29, 68, 28, 380, 105, 206, 360, 137, 12, 66, 374, 323, 16, 280, 234, 262, 227, 28, 380, 241, 98, 406, 46, 150, 332, 367, 84, 483, 29, 367, 121, 483, 29, 408, 489, 306, 221, 394, 200, 227, 28, 380, 98, 406, 417, 189, 176, 182, 182, 68, 156, 325, 280, 234, 262, 227, 202, 200, 227, 28, 380, 98, 406, 417]
Tree:
None
Fitness on 5000 data:
-4.970636775153479

Fitness:
-4.726634250862954