Generation:
500

Phenotype:
skill1 = 17 * 1 + gm([6.2, 1.3, 4]); 
skill2 = gm([28.9, 21.7, 10], [28.8, 18.4, 9], [28.9, 28.7, 10], [21.2, 29, 11], [30.6, 28.7, 17.7], [5, 18.5, 8], [26, 14.9, 14.3]); 
p1wins = bern(0.2);
skill2 = 17 * 1 + gm([6.2, 1.3, 4]);;

Genotype:
[399, 325, 404, 487, 203, 1, 114, 253, 230, 215, 378, 352, 341, 249, 371, 176, 407, 183, 78, 169, 327, 87, 307, 98, 129, 331, 483, 418, 320, 67, 337, 307, 106, 375, 483, 183, 78, 9, 489, 87, 307, 98, 129, 400, 483, 418, 320, 203, 1, 114, 253, 230, 215, 378, 352, 341, 249, 371, 176, 407, 183, 78, 9, 327, 87, 307, 98, 129, 331, 483, 418, 320, 380, 212, 96, 429, 153, 324, 215, 153, 45, 416, 153, 360, 467, 271, 30, 424, 221, 81, 337, 221, 199, 203, 1, 114, 253, 230, 215, 378, 352, 341, 249, 371, 176, 407, 183, 78, 9, 327, 87, 307, 98, 129, 331, 483, 418, 320, 67, 337, 307, 58, 375, 483, 418, 320, 380, 212, 96, 429, 153, 324, 215, 153, 75, 416, 153, 360, 467, 271, 30, 424, 221, 487, 337, 1, 62, 97, 403, 118, 398, 319, 97, 215, 486, 26, 398, 319, 97, 215, 486, 26, 294, 140, 49, 440, 148, 314, 197, 96, 429, 153, 324, 215, 153, 75, 416, 153, 360, 467, 271, 30, 424, 221, 487, 337, 1, 62, 97, 403, 118, 398, 319, 97, 215, 486, 26, 294, 140, 49, 440, 190, 314, 418, 320, 380, 186, 289, 429, 153, 324, 215, 153, 75, 416, 153, 360, 467, 271, 30, 424, 221, 487, 467, 271, 63, 424, 221, 487, 61, 1, 62, 26, 294, 140, 49, 440, 423, 314, 483, 319, 360, 467, 271, 30, 215, 153, 75, 426, 153, 360, 467, 271, 337, 307, 58, 375, 483, 418, 320, 380, 186, 289, 429, 153, 324, 215, 153, 75, 416, 153, 360, 467, 271, 30, 424, 221, 487, 61, 1, 62, 97, 403, 320, 9, 327, 87, 255, 380, 361, 289, 429, 153, 324, 215, 486, 186, 289, 429, 153, 270, 215, 153, 75, 416, 153, 360, 467, 9, 327, 87, 307, 98, 129, 355, 237, 418, 215, 58, 331, 395, 418, 320, 324, 215, 486, 26, 294, 140, 49, 440, 190, 314, 483, 418, 320, 67, 337, 455, 460, 339, 280, 157, 326, 316, 309, 109, 236, 407, 183, 78, 9, 327, 87, 307, 98, 129, 331, 483, 418, 320, 67, 337, 307, 58, 375, 483, 418, 320, 380, 21, 289, 429, 153, 324, 215, 153, 75, 416, 153, 360, 467, 271, 30, 424, 221, 487, 483, 418, 320, 67, 337, 307, 58, 375, 483, 418, 320, 380, 186, 289, 429, 153, 324, 215, 153, 75, 416, 153, 360, 467, 271, 30, 424, 221, 487, 61, 1, 114, 253, 230, 215, 58, 331, 153, 360, 467, 271, 30, 424, 221, 487, 61, 1, 114, 253, 230, 215, 58, 331, 483]
Tree:
None
Fitness on 5000 data:
-6.090046362130604

Fitness:
-5.848102892910667