Generation:
500

Phenotype:
a = gm([14, 1, 1.8])  - 8  * b;
b = 1  * uniform([8, 3], 1)  - gm([11.5, 0, 2.2], [11.5, 11.6, 1.9], [29.1, 1.8, 0]);;

Genotype:
[490, 365, 290, 317, 148, 434, 207, 148, 262, 384, 14, 278, 280, 273, 280, 106, 463, 163, 273, 291, 300, 280, 148, 463, 149, 34, 404, 251, 39, 468, 137, 448, 219, 445, 191, 377, 445, 139, 408, 279, 173, 219, 109, 191, 219, 445, 184, 219, 445, 239, 443, 373, 359, 34, 171, 463, 207, 153, 280, 448, 334, 279, 460, 34, 23, 300, 280, 148, 463, 149, 34, 404, 251, 300, 280, 396, 463, 149, 394, 148, 355, 18, 34, 147, 164, 296, 54, 451, 245, 387, 384, 65, 278, 280, 273, 280, 148, 463, 163, 273, 291, 300, 280, 148, 463, 149, 34, 404, 251, 39, 468, 137, 191, 219, 445, 191, 219, 387, 384, 65, 278, 280, 273, 280, 148, 463, 163, 273, 38, 300, 280, 148, 463, 149, 34, 404, 251, 39, 468, 137, 191, 219, 445, 191, 219, 445, 139, 408, 279, 367, 219, 445, 191, 410, 369, 191, 219, 445, 139, 443, 34, 171, 463, 207, 273, 280, 448, 280, 279, 460, 34, 23, 279, 367, 441, 307, 358, 147, 164, 296, 54, 310, 86, 387, 345, 65, 126, 74, 463, 371, 351, 258, 121, 47, 344, 339, 408, 86, 156, 394, 128, 62, 274, 279, 367, 441, 307, 358, 222, 145, 85, 131, 138, 310, 86, 387, 345, 65, 126, 74, 494, 371, 351, 258, 121, 47, 344, 339, 408, 86, 156, 394, 280, 62, 274, 279, 404, 441, 307, 358, 222, 145, 85, 131, 138, 130, 39, 468, 9, 191, 219, 445, 139, 443, 373, 409]
Tree:
None
Fitness on 5000 data:
-4.489645152976736

Fitness:
-4.138819820792669