Generation:
500

Phenotype:
skill1 = 25  - gm([22.1, 6, 2.5], [13, 4.8, 7]); 
skill2 = uniform([11, 18.4], 1); 
if bern(0.1) <= 5 { 
  p1wins = bern(0.5);
 } else { 
  p1wins = 15  * gm([14.8, 17.4, 12.7], [13, 29.6, 15], [0.4, 6, 27.9], [2.2, 25.9, 10]); 
 } end if;

Genotype:
[170, 413, 368, 170, 428, 3, 157, 293, 493, 177, 468, 460, 130, 281, 498, 490, 480, 38, 354, 39, 190, 7, 480, 38, 354, 285, 190, 104, 51, 80, 264, 352, 143, 444, 102, 431, 18, 445, 222, 0, 279, 371, 130, 357, 373, 170, 425, 3, 157, 293, 493, 177, 48, 12, 379, 12, 204, 467, 212, 447, 457, 339, 14, 368, 170, 445, 461, 0, 417, 100, 130, 413, 368, 170, 428, 3, 157, 379, 493, 459, 377, 460, 413, 491, 170, 190, 493, 223, 7, 51, 207, 154, 315, 466, 20, 296, 416, 256, 256, 319, 357, 409, 123, 435, 339, 14, 349, 354, 258, 273, 234, 381, 282, 277, 12, 403, 239, 442, 457, 467, 212, 447, 457, 177, 390, 64, 143, 411, 304, 382, 107, 212, 362, 189, 132, 302, 19, 366, 377, 324, 121, 31, 403, 78, 216, 167, 255, 196, 378, 107, 152, 339, 104, 393, 468, 4, 246, 12, 259, 69, 436, 330, 317, 444, 221, 206, 357, 185, 58, 356, 415, 480, 200, 10, 108, 3, 154, 334, 9, 331, 477, 219, 308, 340, 311, 372, 134, 343, 22, 289, 247, 80, 86, 128, 439, 380, 331, 47, 293, 97, 434, 367, 352, 3, 141, 106, 394, 377, 86, 314, 49, 162, 468, 187, 379, 210]
Tree:
None
Fitness on 5000 data:
-6.566327943927333

Fitness:
-6.147393432986613