Generation:
500

Phenotype:
u = bern(0.1)  - w; 
v = uniform([23, 28.4], 3) + 2  * gm([27.6, 16.6, 7], [5, 8.4, 1.3], [28.3, 20, 7], [5, 8.4, 1.3], [20, 20.8, 30], [27.4, 6, 2.3], [6.4, 23, 12], [21, 8.8, 27]); 
w = 5  - gm([11.3, 3, 5.8]);
v = gm([19, 5, 7.4], [12, 12, 2.3], [27, 14, 9], [27.4, 12, 2.3], [27, 9, 5.4], [23, 9, 3], [16.6, 1, 15.4], [0, 12, 2.3], [27, 9, 9], [6, 12, 27], [5, 5, 8.3]);
if 9 * uniform([19, 6.4], 1) + uniform([12, 3], 1) <= 4 { 
   u = 21  * bern(0.7); 
 } else { 
   w = 7  - w; 
 } end if;;

Genotype:
[333, 302, 303, 407, 108, 18, 16, 347, 313, 216, 462, 209, 357, 493, 426, 198, 349, 281, 101, 205, 337, 120, 392, 315, 16, 392, 414, 224, 247, 480, 408, 281, 101, 84, 205, 156, 191, 37, 255, 462, 209, 482, 392, 414, 224, 247, 480, 408, 281, 101, 84, 205, 156, 191, 37, 120, 392, 209, 392, 70, 408, 123, 281, 209, 120, 12, 164, 223, 193, 281, 218, 205, 191, 37, 255, 462, 209, 120, 12, 164, 198, 238, 281, 101, 205, 156, 120, 392, 164, 164, 408, 381, 281, 388, 147, 290, 164, 408, 251, 281, 315, 16, 392, 414, 224, 247, 480, 408, 281, 101, 84, 205, 156, 191, 37, 255, 462, 209, 120, 12, 164, 198, 193, 281, 101, 205, 156, 120, 392, 293, 408, 381, 281, 209, 120, 12, 164, 198, 193, 281, 218, 205, 156, 120, 392, 164, 105, 408, 381, 281, 388, 147, 290, 164, 408, 251, 281, 315, 16, 392, 164, 497, 247, 480, 408, 209, 120, 62, 164, 198, 193, 281, 101, 177, 156, 120, 392, 164, 408, 381, 281, 436, 37, 392, 12, 408, 120, 392, 340, 408, 408, 408, 281, 101, 110, 18, 257, 99, 281, 101, 164, 198, 112, 477, 99, 201, 224, 320, 268, 254, 477, 252, 407, 336, 205, 438, 120, 392, 164, 408, 381, 130, 21, 351, 375, 231, 334, 435, 239, 395, 38, 450, 472, 357, 220, 281, 400]
Tree:
None
Fitness on 5000 data:
27.088776431288917

Fitness:
27.793969001524857