Generation:
500

Phenotype:
mu = 25  - gm([24.3, 3, 3.1], [0, 2, 14.1]); 
sigma = 6  * uniform([0, 1], 1);
x = 22  * mu + gm([28, 7, 14.7]);
x = gm([11, 1, 1], [21.4, 4, 4]) + mu;

Genotype:
[439, 152, 17, 284, 397, 384, 337, 447, 91, 272, 398, 182, 34, 187, 344, 0, 142, 294, 403, 236, 312, 329, 448, 324, 33, 19, 161, 365, 310, 108, 477, 116, 34, 268, 363, 132, 411, 294, 310, 108, 448, 338, 34, 193, 365, 386, 87, 85, 294, 397, 365, 310, 445, 34, 187, 0, 187, 354, 301, 176, 66, 428, 66, 332, 407, 75, 12, 363, 312, 477, 338, 294, 187, 386, 87, 354, 294, 337, 438, 0, 121, 333, 188, 292, 359, 229, 354, 210, 176, 66, 482, 71, 332, 268, 75, 442, 273, 312, 294, 310, 378, 477, 338, 34, 187, 386, 132, 85, 294, 193, 365, 210, 176, 66, 482, 71, 332, 268, 75, 442, 273, 312, 46, 225, 30, 65, 135, 193, 360, 377, 106, 162]
Tree:
None
Fitness on 5000 data:
-6.8211868300073615

Fitness:
-6.512007240238192