Generation:
500

Phenotype:
mu = gm([8, 18, 3.6]); 
sigma = gm([10, 2, 1.1]); 
x = 3  * uniform([24, 4], 4)  - mu;
x = uniform([14, 15.1], 1);;

Genotype:
[68, 123, 369, 190, 258, 266, 318, 412, 483, 235, 96, 113, 192, 6, 1, 424, 478, 351, 442, 436, 279, 32, 279, 116, 139, 251, 209, 241, 416, 264, 467, 33, 87, 309, 279, 262, 36, 467, 33, 87, 491, 231, 139, 201, 279, 316, 139, 251, 209, 241, 416, 264, 467, 33, 87, 462, 279, 262, 42, 467, 33, 87, 491, 231, 139, 201, 419, 257, 360, 63, 241, 6, 346, 145, 183, 321, 394, 159, 262, 52, 467, 33, 384, 259, 321, 321, 297, 159, 262, 368, 467, 33, 87, 316, 2, 226, 23, 334, 325, 454, 362, 491, 148, 416, 213, 90, 8, 407, 445, 154, 2, 139, 201, 419, 257, 5, 63, 72, 222, 170, 186, 44, 23, 410, 274, 275, 212, 6, 266, 418, 78, 102, 438, 236, 399, 306, 254, 48, 318, 153, 294, 174, 326, 376, 166, 411, 348, 166, 351, 241, 405, 232, 61, 316, 2, 139, 201, 419, 257, 360, 63, 72, 222, 170, 186, 44, 23, 410, 274, 275, 212, 126, 266, 418, 78, 102, 174, 236, 399, 306, 254, 48, 318, 153, 294, 174, 326, 376, 166, 411, 348, 166, 351, 241, 405, 232, 316, 35, 465, 201, 291, 454, 58, 376, 66, 286, 207, 362, 491, 163, 463, 209, 241, 6, 3, 145, 183, 321, 149, 159, 262, 418, 467, 33, 87, 316, 35, 204, 213, 407, 226, 23, 334, 325, 454, 58, 376, 66, 303, 213, 90, 8, 407, 445, 154, 2, 139, 201, 419, 257, 360, 63, 72, 222, 170, 186, 44, 23, 410, 8, 275, 212, 126, 266, 418, 78, 102, 174, 236, 399, 306, 254, 48, 318, 153, 294, 174, 326, 376, 166, 411, 348, 166, 351, 241, 405, 232, 61, 316, 320, 306, 471, 56, 452, 75, 369, 452, 483, 439, 421, 144, 224, 361, 21, 486, 331, 119, 404, 58, 440, 88, 238, 3, 169, 302, 259, 463, 380, 396, 6, 28, 61, 358, 208, 238, 113, 472, 332, 398, 258, 11, 152, 464, 168, 132, 444, 313, 39, 235, 371, 386, 20, 388, 374, 189, 82, 458, 144, 96, 469, 306, 271, 0, 174, 481, 450, 326, 337, 316]
Tree:
None
Fitness on 5000 data:
-6.9895107558713905

Fitness:
-6.612322409305722