Generation:
500

Phenotype:
u = bern(0.3);
v = gm([27.6, 8.7, 3])  - w;
w = gm([22.3, 5.7, 3])  - w;;

Genotype:
[231, 148, 256, 44, 402, 246, 327, 419, 254, 158, 84, 499, 476, 162, 265, 226, 449, 244, 59, 197, 225, 303, 38, 375, 441, 308, 134, 207, 158, 389, 497, 476, 162, 265, 226, 381, 53, 398, 197, 315, 303, 438, 375, 441, 308, 161, 381, 144, 171, 243, 291, 155, 122, 2, 389, 499, 479, 162, 193, 301, 122, 2, 389, 499, 419, 162, 138, 402, 237, 327, 10, 381, 190, 208, 155, 122, 2, 389, 499, 479, 162, 193, 301, 43, 431, 367, 265, 226, 107, 6, 103, 419, 423, 119, 354, 303, 438, 265, 269, 308, 10, 381, 190, 131, 377, 374, 77, 262, 481, 303, 234, 215, 459, 290, 6, 351, 369, 171, 309, 205, 326, 277, 173]
Tree:
None
Fitness on 5000 data:
-5.21153888396352

Fitness:
-5.094234874446996