Generation:
500

Phenotype:
skill1 = 2  * bern(0.8) + gm([24, 19, 6]); 
skill2 = gm([6.3, 20, 3]); 
if 2 * skill1 + p1wins <= 11 { 
  p1wins = 6  * uniform([30, 5], 1)  - 23  * bern(0.1);
 } else { 
  p1wins = bern(0.5) + 3  * p1wins; 
 } end if;

Genotype:
[225, 445, 10, 467, 279, 178, 219, 189, 388, 290, 86, 180, 360, 84, 192, 456, 189, 461, 260, 469, 316, 416, 234, 144, 116, 96, 443, 481, 445, 188, 192, 234, 144, 116, 96, 443, 481, 445, 146, 469, 316, 354, 464, 116, 328, 252, 385, 364, 431, 126, 73, 141, 31, 22, 22, 3, 316, 416, 469, 469, 316, 416, 234, 144, 116, 96, 443, 481, 445, 146, 402, 252, 385, 364, 431, 126, 73, 141, 31, 22, 22, 162, 316, 416, 469, 316, 456, 189, 461, 443, 233, 445, 146, 84, 192, 456, 189, 461, 260, 469, 316, 416, 234, 144, 116, 96, 443, 481, 445, 146, 402, 252, 385, 364, 425, 126, 73, 141, 31, 22, 357, 3, 316, 416, 469, 316, 445, 10, 416, 279, 189, 461, 260, 325, 385, 364, 313, 126, 73, 125, 115, 493, 390, 430, 365, 277, 477, 112, 348, 31, 22, 22, 292, 185, 191, 402, 252, 96, 443, 74, 137, 6, 375, 106, 122, 126, 73, 125, 115, 493, 390, 24, 433, 265, 182, 82, 89, 148, 248, 311, 188, 494, 11, 483, 140, 251, 406, 286, 253, 161, 118, 10, 411, 176, 14, 311, 294, 324, 313, 139, 0, 74, 213, 20, 312]
Tree:
None
Fitness on 5000 data:
-6.5711496212082094

Fitness:
-6.204727580430342