Generation:
500

Phenotype:
u = 7  * v + bern(0.3);
v = 18  * v + 1  * gm([25, 9.5, 3]);
w = uniform([2, 9], 2);;

Genotype:
[374, 241, 422, 456, 321, 163, 448, 286, 140, 214, 54, 83, 164, 306, 206, 298, 391, 436, 266, 100, 145, 172, 218, 493, 282, 140, 273, 241, 71, 175, 180, 437, 237, 358, 202, 35, 489, 351, 306, 281, 494, 35, 489, 351, 306, 281, 297, 135, 254, 64, 414, 244, 245, 351, 87, 50, 10, 363, 473, 351, 87, 402, 86, 92, 407, 351, 87, 470, 15, 92, 24, 341, 62, 70, 374, 382, 148, 179, 63, 243, 144, 395, 28, 123, 431, 228, 475, 474, 135, 253, 55, 233, 63, 467, 351, 220, 9, 96, 395, 380, 94, 424, 356, 496, 351, 496, 407, 351, 59, 218, 37, 267, 71, 441, 122, 388, 368, 288, 247, 140, 376, 199, 165, 445, 167]
Tree:
None
Fitness on 5000 data:
-5.312491923607373

Fitness:
-5.12497236931918