Generation:
500

Phenotype:
mu = gm([23.9, 20.4, 4.6], [8, 9.4, 10])  - mu; 
sigma = uniform([15, 0.6], 4)  - uniform([12, 3], 1);
x = gm([7.4, 13.8, 3.8], [23.2, 28.2, 11])  - 8;
x = sigma + gm([16.6, 20.3, 3.2]);

Genotype:
[194, 383, 51, 487, 369, 469, 488, 386, 383, 51, 327, 369, 469, 383, 386, 264, 256, 19, 195, 219, 108, 103, 372, 375, 447, 5, 9, 299, 108, 291, 217, 77, 243, 408, 425, 198, 344, 83, 468, 299, 108, 7, 217, 439, 379, 408, 425, 478, 232, 83, 468, 187, 350, 247, 23, 469, 189, 369, 370, 110, 383, 224, 164, 349, 19, 468, 399, 19, 468, 121, 482, 299, 264, 5, 9, 299, 281, 291, 437, 460, 177, 425, 198, 232, 83, 283, 187, 350, 247, 103, 372, 375, 125, 5, 9, 299, 108, 383, 51, 487, 369, 469, 383, 386, 148, 256, 19, 256, 219, 144, 108, 103, 372, 375, 125, 5, 9, 299, 108, 291, 217, 403, 243, 408, 425, 198, 232, 83, 468, 187, 350, 247, 23, 469, 307, 446, 203, 352, 383, 224, 254, 256, 19, 468, 180, 19, 468, 121, 9, 299, 264, 5, 9, 202, 108, 291, 217, 437, 379, 177, 425, 198, 232, 83, 283, 187, 350, 247, 23, 469, 307, 219, 144, 108, 103, 372, 375, 125, 5, 9, 299, 108, 9, 131, 286, 291, 217, 234, 5, 234, 5, 307, 446, 203, 352, 383, 224, 446, 256, 19, 468, 180, 19, 468, 121, 9, 299, 264, 5, 9, 202, 108, 291, 217, 437, 379, 191, 425, 198, 232, 83, 283, 187, 350, 247, 23, 469, 307, 219, 144, 108, 103, 372, 375, 125, 5, 9, 299, 108, 9, 131, 286, 291, 488, 386, 383, 51, 487, 369, 469, 383, 386, 264, 256, 19, 256, 219, 144, 108, 103, 372, 375, 125, 5, 9, 299, 108, 291, 217, 403, 243, 408, 425, 198, 232, 83, 468, 187, 437, 379, 177, 425, 198, 232, 83, 283, 187, 291, 217, 234, 5, 9, 299, 379, 408, 425, 198, 361, 83, 307, 369, 203, 352, 383, 224, 254, 256, 19, 468, 180, 19, 468, 5, 127, 431, 196, 18, 303, 142, 244, 78, 137, 404, 228, 493, 104, 424, 353, 127, 431, 196, 18, 109, 238, 162, 244, 180, 318, 194, 188, 258, 449, 269, 446, 221, 168, 201, 284, 16, 465, 188, 483, 301, 336, 32, 56, 149, 16, 170, 465]
Tree:
None
Fitness on 5000 data:
-7.203889373958909

Fitness:
-6.586656262202702