Generation:
500

Phenotype:
u = bern(0.3)  - 0; 
 v = x + bern(0.9); 
 w = bern(0.2) + 0; 
 x = bern(0.4)  - bern(0.6); 
 x = bern(0.8);

Genotype:
[37, 2, 434, 95, 434, 23, 132, 64, 274, 186, 39, 16, 123, 341, 55, 422, 351, 496, 469, 304, 455, 16, 311, 273, 368, 73, 230, 16, 56, 474, 155, 102, 434, 23, 16, 311, 133, 55, 64, 351, 496, 469, 304, 308, 16, 311, 78, 368, 73, 230, 16, 56, 474, 155, 4, 222, 164, 416, 368, 228, 462, 356, 450, 173, 60, 54, 240, 450, 223, 56, 76, 155, 112, 126, 4, 438, 28, 304, 103, 462, 198, 287, 379, 462, 198, 287, 379, 378, 69, 181, 217, 484, 456, 324, 437, 317, 67, 269, 158, 198, 383, 212, 424, 333, 41, 0, 304, 98, 102, 171]
Tree:
None
Fitness on 5000 data:
-1.8865928944805563

Fitness:
-1.7598831270106934