Generation:
500

Phenotype:
u = bern(0.4);
v = w + gm([27, 9.9, 2]);
w = bern(0.6)  - gm([27, 9.1, 0]);
w = 21  * uniform([13, 18.1], 4)  - gm([16.8, 10, 24]);
w = gm([20.7, 2, 3.3]) + 5;;

Genotype:
[328, 244, 102, 58, 417, 156, 438, 247, 138, 176, 89, 148, 358, 318, 316, 257, 237, 393, 138, 438, 275, 275, 288, 89, 170, 436, 200, 138, 236, 275, 29, 318, 7, 356, 237, 393, 116, 438, 275, 275, 288, 117, 170, 341, 200, 138, 236, 275, 134, 127, 114, 102, 137, 133, 359, 378, 127, 405, 365, 54, 69, 16, 7, 416, 134, 202, 303, 252, 318, 448, 125, 40, 33, 393, 262, 67, 268, 213, 204, 33, 393, 499, 146, 359, 304, 470, 405, 252, 102, 58, 438, 156, 486, 393, 158, 444, 97, 74, 127, 127, 318, 127, 42, 329, 204, 33, 393, 438, 133, 97, 74, 127, 405, 252, 237, 176, 16, 127, 416, 318, 128, 356, 96, 393, 200, 236, 275, 134, 430, 170, 476, 112, 494, 57, 86, 118, 500, 128, 356, 96, 393, 200, 236, 275, 134, 430, 170, 476, 112, 494, 57, 86, 118, 500, 324, 462, 118, 44, 35, 490, 308, 73, 134, 53, 41, 448, 488, 40, 33, 393, 450, 112, 53, 213, 204, 33, 393, 438, 466, 486, 393, 200, 138, 128, 237, 127, 172, 127, 416, 318, 316, 356, 113, 393, 200, 236, 275, 134, 430, 170, 476, 112, 17, 57, 86, 118, 500, 324, 462, 118, 44, 35, 490, 308, 73, 134, 53, 41, 389, 416, 318, 448, 58, 40, 33, 393, 450, 112, 53, 465, 477, 351, 347, 244, 331, 337, 472, 65, 143, 451, 325, 386, 69, 112, 473, 75]
Tree:
None
Fitness on 5000 data:
-5.128375550667169

Fitness:
-5.023722479475729