Generation:
500

Phenotype:
mu = gm([1, 22.8, 6]);
sigma = gm([4, 16.4, 3], [24.2, 13, 2])  - uniform([12, 0.1], 3);
x = 13 * 1 + 20;
x = gm([23.3, 21.1, 3]);

Genotype:
[47, 283, 62, 329, 492, 201, 372, 499, 470, 168, 435, 311, 177, 16, 44, 99, 116, 461, 397, 272, 90, 154, 163, 332, 376, 67, 326, 66, 492, 406, 372, 457, 427, 343, 88, 199, 214, 64, 120, 59, 198, 461, 372, 342, 446, 413, 218, 373, 83, 274, 482, 61, 230, 249, 374, 304, 423, 492, 206, 430, 200, 300, 468, 169, 44, 239, 116, 461, 397, 114, 90, 154, 65, 332, 17, 13, 326, 259, 464, 168, 194, 199, 80, 59, 120, 59, 198, 461, 372, 285, 20, 413, 218, 373, 461, 274, 482, 61, 9, 95, 323, 203, 103, 492, 366, 498, 290, 300, 468, 352, 218, 95, 256, 419, 150, 290, 285, 20, 413, 218, 373, 380, 274, 482, 61, 9, 290, 256, 419, 300, 373, 380, 274, 482, 61, 9, 95, 256, 419, 300, 492, 366, 55, 290, 300, 468, 352, 408, 413, 357, 63, 297, 383, 422, 191, 42, 288, 208, 370, 300]
Tree:
None
Fitness on 5000 data:
-7.997087766087637

Fitness:
-7.390770006489604