Generation:
500

Phenotype:
mu = gm([9, 19, 3]);
sigma = uniform([0, 3.6], 1);
 x = sigma * gm([1,1,1]);
x = x + mu;

Genotype:
[7, 161, 156, 340, 138, 225, 495, 85, 228, 22, 40, 356, 236, 390, 499, 156, 82, 433, 19, 279, 489, 140, 403, 19, 158, 356, 236, 390, 499, 156, 82, 433, 19, 22, 40, 390, 499, 156, 82, 225, 179, 236, 390, 22, 40, 454, 495, 388, 32, 125, 158, 495, 225, 465, 85, 84, 22, 493, 356, 390, 499, 156, 82, 433, 19, 279, 489, 94, 390, 18, 300, 393, 294, 424, 489, 140, 426, 156, 292, 139, 19, 304]
Tree:
None
Fitness on 5000 data:
-6.509548131664733

Fitness:
-5.878121803148167