Generation:
500

Phenotype:
skill1 = 15  * skill1 + gm([30.8, 20, 3.5]);
skill2 = gm([29.8, 20, 3.5])  - p1wins;
if skill1-skill2 > 0 { 
  p1wins = 1.0;
 } else { 
   p1wins = 0.0; 
 } end if;

Genotype:
[41, 191, 212, 249, 294, 214, 31, 480, 200, 273, 102, 49, 406, 81, 216, 250, 202, 144, 145, 251, 355, 372, 362, 420, 484, 266, 294, 49, 406, 81, 91, 250, 202, 144, 145, 251, 355, 372, 352, 242, 484, 266, 294, 250, 200, 273, 480, 347, 115, 81, 91, 250, 202, 73, 145, 384, 355, 372, 352, 420, 130, 266, 500, 94, 337, 333, 13, 217, 3, 383, 180, 216, 427, 29, 453, 84, 387, 175, 63, 45, 222, 145, 399, 350, 171, 167, 453, 13, 77, 43, 383, 211, 450, 451, 156, 406, 84, 131, 453, 84, 387, 175, 63, 45, 337, 97, 178, 6, 297, 73, 266, 129, 365, 278, 176, 21, 196, 282, 94, 48, 432, 169, 406, 84, 387, 175, 167, 193, 13, 397, 43, 383, 180, 450, 451, 29, 406, 84, 387, 175, 63, 94, 337, 97]
Tree:
None
Fitness on 5000 data:
-5.903102439288748

Fitness:
-5.53840938969071