Generation:
500

Phenotype:
mu = 22; 
sigma = uniform([22, 2], 1)  - uniform([19, 5], 1); 
x = gm([28, 22, 2.6], [22, 22, 2.6], [1, 26, 8], [8, 20, 6]);
mu = uniform([12, 13.5], 1);;

Genotype:
[94, 480, 338, 312, 115, 407, 312, 455, 177, 256, 307, 268, 27, 455, 453, 284, 472, 360, 291, 171, 70, 423, 192, 338, 312, 115, 407, 312, 455, 25, 192, 239, 312, 115, 407, 312, 455, 287, 256, 280, 212, 88, 30, 256, 88, 312, 256, 70, 423, 192, 161, 312, 20, 407, 312, 288, 177, 248, 260, 375, 230, 256, 16, 134, 230, 256, 187, 134, 70, 288, 367, 440, 284, 144, 379, 291, 171, 70, 423, 192, 338, 312, 115, 407, 312, 455, 177, 284, 144, 192, 338, 312, 115, 407, 312, 455, 423, 192, 239, 330, 115, 407, 312, 455, 177, 256, 280, 212, 490, 30, 256, 88, 312, 221, 161, 312, 20, 37, 312, 288, 177, 248, 260, 375, 230, 256, 16, 134, 230, 256, 187, 134, 70, 288, 367, 440, 284, 144, 379, 291, 171, 70, 423, 192, 338, 312, 115, 407, 312, 455, 177, 284, 144, 379, 291, 171, 70, 423, 192, 338, 312, 115, 407, 312, 455, 177, 256, 280, 212, 88, 30, 256, 88, 210, 171, 70, 423, 192, 475, 256, 421, 123, 36, 83, 313, 110, 137, 253, 56, 351, 146, 18, 332, 328, 2, 436, 220, 14, 159, 266, 328, 36, 89, 430, 392, 499, 392, 147, 11, 302, 470, 5, 409, 404, 266, 93, 210, 91, 474, 152, 131, 156, 294, 272, 367, 227, 82, 35, 126, 177, 256, 21, 461, 230, 475, 367, 237, 123, 36, 83, 313, 110, 137, 253, 56, 351, 146, 18, 332, 328, 2, 436, 220, 14, 159, 266, 328, 36, 89, 430, 392, 499, 392, 147, 332, 110]
Tree:
None
Fitness on 5000 data:
-6.945414878836212

Fitness:
-6.678455696643248