Generation:
500

Phenotype:
questionsAfterLectureLength = uniform([1, 24.1], 1)  - 0  * bern(0.1);
contentDifficulty = 2 * 20 + bern(0.8);
contentDifficulty = 12;
contentDifficulty = 28  * uniform([1, 0.3], 2)  - gm([29.4, 1, 5], [15.7, 5, 1.9]);;

Genotype:
[158, 416, 324, 34, 297, 257, 330, 342, 404, 19, 179, 207, 500, 415, 93, 187, 297, 257, 330, 342, 404, 19, 179, 397, 188, 454, 474, 327, 169, 110, 368, 224, 52, 420, 32, 346, 136, 342, 404, 328, 344, 263, 184, 462, 438, 125, 135, 93, 389, 305, 498, 369, 109, 263, 184, 462, 438, 125, 406, 67, 492, 313, 170, 420, 32, 346, 115, 342, 404, 152, 344, 263, 184, 462, 438, 125, 415, 93, 468, 372, 19, 56, 327, 372, 357, 2, 336, 262, 70, 268, 35, 434, 172, 329, 225, 491, 167, 207, 56, 327, 372, 357, 2, 336, 262, 70, 268, 35, 434, 172, 329, 225, 491, 167, 207, 115, 190, 281, 271, 32, 263, 184, 462, 438, 125, 415, 93, 138, 346, 498, 369, 52, 87, 8, 393, 93, 257, 330, 315, 500, 454, 42, 234, 170, 420, 32, 346, 476, 184, 462, 438, 125, 415, 67, 492, 313, 378, 468, 405, 357, 2, 336, 262, 70, 268, 35, 434, 321, 329, 225, 357, 2, 336, 262, 70, 268, 35, 358, 301, 54, 371, 69, 305, 296, 429, 296, 104, 89, 448, 66, 465, 314, 402, 100, 105, 344, 263, 184, 462, 438, 125, 415, 67, 492, 354, 378, 468, 372, 384, 404, 152, 344, 263, 450, 462, 438, 125, 415, 67, 492, 313, 378, 468, 372, 357, 2, 336, 262, 70, 268, 35, 434, 321, 329, 225, 491, 167, 207, 115, 190, 357, 2, 336, 262, 70, 268, 35, 434, 172, 329, 225, 491, 167, 207, 115, 190, 281, 170]
Tree:
None
Fitness on 5000 data:
-6.423034822196982

Fitness:
-6.225593595449471