Generation:
500

Phenotype:
skill1 = 28  * skill2 + 23  * bern(0.9); 
skill2 = bern(0.1) + uniform([10, 17.9], 1);
skill1 = gm([27.3, 8, 3.4], [1.8, 20.2, 23]) + 12; 
if 29 * bern(0.1) + 6 * uniform([5, 23.6], 1) >= 26 { 
  p1wins = 1;
 } else { 
   p1wins = 0; 
 } end if;

Genotype:
[199, 373, 106, 307, 396, 133, 91, 85, 59, 278, 232, 42, 135, 297, 84, 430, 227, 373, 265, 458, 64, 171, 44, 160, 148, 271, 294, 97, 77, 123, 430, 227, 356, 473, 451, 375, 84, 430, 227, 373, 286, 377, 299, 262, 476, 395, 299, 262, 477, 395, 375, 39, 215, 195, 198, 428, 241, 471, 150, 160, 65, 85, 59, 100, 194, 212, 366, 265, 240, 165, 171, 44, 160, 148, 271, 243, 209, 325, 123, 430, 227, 232, 42, 209, 375, 123, 430, 227, 232, 256, 377, 299, 262, 476, 395, 299, 262, 476, 395, 375, 39, 215, 195, 260, 372, 241, 471, 150, 160, 91, 85, 59, 39, 194, 212, 366, 265, 240, 356, 171, 44, 160, 148, 271, 294, 209, 375, 123, 430, 227, 232, 42, 468, 91, 69, 59, 39, 183, 211, 495, 130, 337, 490, 427, 54, 407, 8, 7, 56, 213, 202, 434, 38, 142, 231, 416, 334, 161, 279, 220, 345, 446, 448, 423, 376, 416, 278, 120, 386, 273, 99, 455, 353, 316, 433, 22, 83, 130, 433, 133, 326, 426, 71, 66, 245, 156, 373, 79, 77, 147, 164, 52, 253, 86, 474, 429, 492, 220, 44, 279, 163, 79, 160, 391, 419, 82, 262, 489, 109, 147, 485, 127, 408, 294, 24, 250, 184, 349, 117, 346, 353, 334, 161, 279, 220]
Tree:
None
Fitness on 5000 data:
-6.175486063477951

Fitness:
-5.8297696720955425