Generation:
500

Phenotype:
a = uniform([5, 21.5], 1)  - gm([22.7, 8, 8.3], [6.7, 2, 3]);
a = uniform([14, 9], 1)  - 17;
b = 30;
b = 13  * gm([10, 18.2, 21.1]) + 22  * a;
b = gm([3, 5, 5]);;

Genotype:
[19, 226, 316, 51, 204, 440, 282, 227, 470, 469, 455, 139, 420, 459, 370, 299, 247, 146, 141, 230, 380, 51, 380, 362, 380, 51, 440, 87, 330, 374, 420, 34, 370, 159, 232, 377, 375, 248, 293, 412, 314, 464, 470, 184, 79, 190, 72, 314, 51, 204, 440, 282, 464, 204, 469, 455, 34, 469, 385, 109, 490, 428, 382, 335, 173, 370, 145, 486, 18, 331, 115, 72, 232, 438, 90, 111, 129, 252, 360, 94, 10, 486, 499, 230, 160, 230, 160, 15, 380, 51, 440, 87, 470, 184, 79, 384, 72, 314, 51, 204, 440, 480, 464, 470, 469, 455, 139, 469, 385, 109, 299, 247, 146, 289, 72, 380, 51, 428, 382, 335, 350, 370, 145, 486, 18, 331, 180, 72, 232, 438, 90, 111, 129, 252, 147, 94, 10, 486, 499, 15, 469, 84, 288, 118, 450, 448, 480, 464, 470, 469, 455, 139, 469, 385, 462, 490, 428, 382, 335, 207, 370, 159, 486, 261, 331, 382, 72, 232, 438, 90, 111, 129, 252, 147, 94, 10, 486, 499, 230, 160, 15, 287, 73, 476, 247, 269, 389, 481, 299, 272, 356, 51, 450, 225, 480, 257, 290, 40, 136, 289, 439, 99, 226, 324, 476, 453, 56, 4, 373, 168, 72, 54, 447, 139, 177, 76, 326, 409, 81, 421]
Tree:
None
Fitness on 5000 data:
-5.6453439024440355

Fitness:
-5.00443098413561