Generation:
500

Phenotype:
skill1 = gm([19, 21, 3.5])  - bern(0.6); 
skill2 = gm([1, 26, 17], [7, 19, 2], [8, 22, 6.2]); 
p1wins = 21;
p1wins = bern(0.3);;

Genotype:
[40, 398, 396, 481, 422, 42, 298, 494, 238, 53, 189, 472, 42, 79, 473, 141, 237, 281, 263, 106, 280, 18, 181, 222, 48, 481, 96, 100, 170, 422, 414, 2, 270, 408, 411, 180, 363, 263, 471, 280, 18, 272, 420, 455, 135, 328, 307, 47, 420, 90, 123, 254, 458, 42, 55, 484, 209, 142, 432, 116, 291, 442, 2, 278, 430, 363, 28, 108, 86, 420, 393, 444, 282, 155, 39, 386, 397, 102, 120, 312, 62, 409, 29, 114, 318, 414, 406]
Tree:
None
Fitness on 5000 data:
-6.599619994183325

Fitness:
-6.1928996826300935