Generation:
500

Phenotype:
a = gm([25, 2, 2.3]); 
b = 17 + 8  * uniform([0, 29.9], 3); 
b = gm([3, 14, 5])  - uniform([7, 6], 3);;

Genotype:
[203, 405, 297, 496, 492, 166, 397, 162, 33, 69, 33, 182, 493, 296, 66, 451, 304, 101, 407, 341, 299, 122, 278, 50, 435, 388, 372, 493, 296, 135, 169, 312, 492, 406, 68, 169, 444, 98, 96, 158, 410, 62, 275, 446, 16, 342, 367, 26, 466, 153, 228, 300, 346, 135, 361, 312, 492, 406, 68, 406, 68, 1, 444, 98, 96, 158, 410, 62, 275, 413, 16, 342, 367, 26, 466, 153, 228, 300, 346, 135, 361, 312, 492, 406, 68, 451, 325, 101, 311, 341, 299, 355, 278, 425, 435, 388, 182, 185, 296, 135, 169, 312, 431, 355, 432, 425, 435, 388, 182, 493, 346, 135, 169, 312, 492, 406, 417, 377, 384, 467, 192, 78, 451, 304, 33, 33, 297, 92, 417, 377, 384, 467, 192, 66, 451, 304, 101, 113, 341, 299, 122, 278, 50, 444, 388, 182, 493, 296, 135, 169, 312, 492, 406, 68, 169, 444, 98, 96, 158, 292, 182, 493, 296, 135, 169, 312, 127, 406, 68, 1, 444, 98, 96, 158, 410, 62, 275, 446, 16, 342, 367, 26, 466, 153, 228, 300, 346, 135, 361, 312, 492, 406, 68, 451, 325, 101, 311, 341, 299, 355, 278, 425, 435, 388, 182, 185, 296, 135, 169, 312, 431, 355, 432, 425, 435, 388, 182, 493, 346, 135, 169, 312, 492, 406, 189, 40, 33, 430, 451, 417, 203, 241, 274, 491, 40, 33, 297, 451, 177, 62, 208, 446, 16, 342, 367, 322, 301, 107, 101, 126, 221, 365, 166, 436, 407, 302, 93, 249]
Tree:
None
Fitness on 5000 data:
-5.391231017317007

Fitness:
-5.038929395040449