Generation:
500

Phenotype:
sigma = sigma;
mu = gm([20, 15, 8], [24, 23, 3], [18, 14, 9]);
sigma = gm([9, 2.5, 2.1]) + 1  * sigma;
x = gm([18.7, 22, 3.2]);

Genotype:
[404, 331, 104, 336, 370, 351, 75, 54, 40, 282, 368, 480, 225, 231, 355, 147, 492, 330, 54, 232, 230, 132, 273, 312, 272, 388, 54, 40, 282, 368, 480, 421, 476, 355, 184, 164, 452, 340, 427, 103, 337, 96, 226, 296, 350, 133, 159, 95, 4, 399, 405, 36, 262, 404, 468, 169, 48, 274, 108, 404, 168, 489, 31, 210, 107, 204, 492, 330, 425, 337, 96, 226, 296, 415, 48, 274, 108, 14, 39, 103, 36, 430, 483, 296, 192, 483, 483, 380, 202, 17, 202, 404, 468, 202, 326, 54, 40, 282, 368, 480, 421, 36, 355, 184, 164, 452, 340, 48, 274, 108, 404, 168, 489, 492, 330, 54, 232, 230, 132, 273, 312, 148, 415, 48, 274, 108, 404, 168, 489, 31, 381, 421, 36, 355, 184, 164, 452, 340, 427, 103, 337, 85, 226, 296, 350, 133, 159, 95, 4, 399, 322, 217, 262, 404, 468, 415, 48, 274, 108, 404, 168, 489, 31, 210, 107, 234, 492, 330, 303, 405, 36, 262, 404, 468, 415, 48, 274, 108, 404, 168, 489, 31, 210, 107, 234, 273, 312, 183, 172, 15, 414, 430, 39, 226, 82, 150, 203, 394, 435, 54, 492, 330, 54, 405, 483, 296, 103, 337, 96, 226, 296, 350, 254, 159, 95, 4, 399, 278, 36, 262, 404, 468, 415, 48, 274, 108, 404, 168, 489, 31, 210, 107, 234, 492, 330, 425, 496, 381, 364, 36, 54, 273, 312, 252, 212, 273, 483, 296, 192, 483, 414, 202, 17, 370, 351, 492, 330, 54, 232, 230, 132, 273, 312, 272, 436, 39, 414, 430, 39, 226, 82, 200, 347, 394, 435, 31, 210, 107, 17, 202, 326, 54, 40, 282, 368, 381, 421, 36, 355, 184, 164, 452, 340, 427, 103, 337, 96, 226, 296, 350, 133, 159, 95, 4, 399, 405, 36]
Tree:
None
Fitness on 5000 data:
-7.752195465065899

Fitness:
-7.325937200448754