Generation:
500

Phenotype:
u = 23  - 25  * v;
u = 1  * uniform([0, 1], 4) + 30  * w;
v = gm([1, 12.1, 29], [29.9, 0, 3], [0, 15.5, 22.5], [1.1, 22.6, 4]) + 10;
w = 0 + 3  * gm([7, 2, 1]);;

Genotype:
[124, 280, 292, 371, 471, 338, 2, 338, 271, 310, 428, 324, 58, 176, 57, 144, 58, 481, 32, 174, 248, 478, 198, 415, 217, 154, 208, 437, 440, 2, 389, 499, 352, 162, 349, 301, 398, 1, 241, 322, 90, 440, 122, 87, 153, 215, 431, 174, 248, 478, 406, 157, 330, 248, 207, 294, 157, 217, 84, 265, 226, 191, 311, 423, 119, 363, 185, 438, 35, 287, 308, 10, 381, 190, 386, 2, 481, 296, 174, 248, 478, 406, 157, 416, 208, 255, 122, 2, 340, 1, 241, 322, 90, 440, 368, 87, 153, 215, 107, 174, 248, 478, 406, 157, 217, 283, 208, 437, 301, 43, 2, 481, 419, 330, 248, 207, 294, 157, 217, 84, 265, 226, 191, 311, 423, 119, 354, 185, 438, 383, 269, 308, 10, 381, 190, 131, 2, 481, 296, 174, 248, 478, 406, 157, 154, 208, 285, 122, 2, 340, 2, 265, 162, 193, 301, 43, 384, 384, 241, 123, 90, 440, 419, 174, 248, 478, 406, 157, 217, 154, 208, 437, 122, 474, 429, 385, 145, 156, 373, 217, 153, 371, 282, 146, 114, 351, 171, 4, 208, 167, 487, 438, 68, 450, 239, 252, 361, 66, 101, 80, 131]
Tree:
None
Fitness on 5000 data:
-5.810953726264424

Fitness:
-5.724279987107468