Generation:
500

Phenotype:
cond = 29  * uniform([27, 8], 3);
skill2 = 2  * uniform([0, 3.9], 1) + uniform([13, 9], 1);
p1wins = skill2  - 25  * skill2;
skill1 = gm([27, 16.4, 5.1]) + 5;
 cond = 1.3*skill2; 
cond = skill1 - cond; 
if cond > 0 { 
  p1wins = 1.0;
 } else { 
   p1wins = 0.0; 
 } end if;

Genotype:
[298, 365, 160, 94, 467, 378, 124, 122, 194, 399, 46, 223, 54, 427, 468, 292, 261, 85, 94, 467, 378, 124, 443, 282, 44, 268, 417, 54, 261, 272, 62, 352, 292, 92, 94, 467, 378, 500, 305, 292, 56, 260, 417, 54, 0, 79, 292, 469, 144, 261, 206, 140, 337, 123, 295, 165, 365, 160, 450, 467, 378, 377, 176, 194, 44, 268, 417, 54, 427, 8, 292, 261, 85, 94, 467, 378, 124, 443, 282, 44, 268, 417, 54, 261, 442, 62, 352, 292, 92, 94, 467, 378, 124, 343, 292, 56, 260, 417, 442, 295, 359, 55, 318, 72, 302, 496, 439, 302, 496, 439, 149, 421, 92, 94, 467, 305, 496, 439, 149, 421, 92, 94, 467, 378, 124, 443, 194, 44, 268, 417, 54, 259, 8, 292, 261, 421, 92, 94, 467, 305, 496, 439, 149, 271, 92, 94, 467, 378, 124, 443, 194, 44, 268, 417, 54, 259, 8, 292, 261, 442, 359, 55, 410, 272, 468, 30, 119, 356, 259, 142, 305, 322, 496, 314]
Tree:
None
Fitness on 5000 data:
-5.817316425490998

Fitness:
-5.598048448071562