Generation:
500

Phenotype:
u = bern(0.3); 
 v = bern(0.9) + w; 
 w = bern(0.2); 
  if bern(0.4) + u <= 1 { 
       if bern(0.9) <= 1{ 
             x = bern(0.8); 
       } else { 
             x = bern(0.5); 
       } end if; 
 } else { 
       if x + bern(0.8) + bern(0.1) + bern(0.9) + bern(0.4) + x <= 0{ 
             x = w + 1; 
       } else { 
             x = 0  - 0; 
       } end if; 
 } end if;

Genotype:
[10, 393, 444, 347, 83, 442, 336, 87, 485, 206, 472, 22, 486, 378, 445, 19, 125, 309, 183, 3, 450, 472, 20, 309, 183, 3, 498, 267, 233, 481, 319, 363, 472, 403, 61, 498, 306, 133, 481, 319, 297, 472, 403, 173, 75, 403, 293, 119, 378, 445, 19, 125, 309, 183, 3, 450, 336, 87, 485, 206, 472, 22, 486, 378, 445, 19, 125, 309, 46, 3, 450, 427, 20, 185, 413, 483, 498, 306, 133, 481, 373, 363, 472, 143, 472, 445, 19, 125, 309, 183, 403, 173, 84, 206, 418, 395, 472, 395, 438, 378, 413, 335, 173, 84, 206, 472, 83, 442, 500, 87, 150, 206, 472, 22, 486, 378, 445, 19, 360, 309, 183, 393, 162, 22, 246, 154, 110, 125, 309, 183, 393, 162, 119, 132, 483, 498, 235, 246, 154, 445, 110, 125, 41, 115, 53, 132, 455, 47, 225, 420, 74, 291, 295, 132, 425, 74, 388, 404, 8, 45, 366, 178, 300, 105, 45, 322, 459, 451, 186, 208, 443, 398, 425, 74, 386, 295, 142, 269, 185, 413, 448, 309, 183, 393, 162, 22, 126, 404, 95, 378, 445, 110, 125, 41, 461, 61, 2, 455, 47, 225, 420, 74, 291, 119, 132, 483, 498, 306, 133, 481, 319, 363, 365, 414, 364, 235, 345, 198, 44, 458, 288, 283, 280, 171, 207, 165, 453, 311, 218, 161, 143, 373, 31, 100, 405, 484, 24, 90, 86, 378, 397, 305, 266, 286, 124, 411, 72, 220, 217, 39, 41, 197, 36, 151, 83, 165, 300, 105, 45, 322, 459, 451, 186, 208, 443, 398, 396, 47, 295, 248, 235, 104, 403, 307, 6, 94, 339, 19, 445, 198, 271, 74, 375, 163, 482, 171, 165, 358, 267, 205, 221, 366, 127, 322, 82, 459, 109, 221, 366, 444, 92, 238, 210, 37, 438, 211, 248, 82, 300, 130, 192, 149, 105, 118, 378, 168, 273, 470, 382, 16, 182, 295, 101, 482, 206, 40, 291, 105, 347, 383, 366, 444, 405, 132, 238, 84, 206, 236, 33, 380, 17, 300, 6, 236, 216, 402, 231, 44, 311, 218, 421, 267, 398, 346, 92, 238, 71, 206, 86, 378, 440, 300, 449, 285, 173, 41, 3, 214, 62, 199, 116, 229, 390, 222, 471, 272, 118, 231, 96, 266, 268, 406, 198, 438, 246, 322, 325, 229, 143, 72, 125, 31, 483, 382, 196, 253, 112, 71, 301, 121, 0, 116, 1, 382, 470, 472, 124, 258, 190, 171, 431, 162, 83, 359, 45, 60, 131, 254, 217, 367, 111, 54, 86, 436, 334, 192, 451, 489, 370, 199, 482, 38, 380, 423, 373, 170, 378, 355, 471, 134, 484, 19, 175, 110, 153, 61, 87, 492, 4, 444, 256, 255, 307, 311, 29, 111, 45, 383]
Tree:
None
Fitness on 5000 data:
-1.8472974834194924

Fitness:
-1.5015779183147868