Generation:
500

Phenotype:
skill2 = 16 + gm([27, 1.4, 3.4], [19.9, 1.4, 3.4], [9, 5.8, 6.1], [6.7, 13, 2.2]);
skill1 = gm([3.9, 18.7, 6.7], [29, 11, 3], [2, 2, 28.9]) + 8;
if skill1-skill2 > 0 { 
  p1wins = 1.0;
 } else { 
   p1wins = 0.0; 
 } end if;

Genotype:
[107, 17, 84, 316, 463, 397, 137, 160, 295, 93, 425, 259, 236, 89, 135, 311, 48, 109, 127, 93, 425, 231, 236, 89, 135, 311, 48, 109, 127, 354, 395, 236, 102, 111, 346, 79, 109, 440, 252, 164, 111, 6, 114, 128, 137, 169, 188, 469, 336, 220, 22, 0, 259, 222, 425, 23, 137, 313, 233, 61, 18, 402, 217, 6, 402, 217, 6, 184, 170, 259, 376, 220, 22, 276, 157, 222, 343, 23, 493, 332, 452, 334, 101, 389, 42, 454, 329, 151, 311, 132, 184, 245, 222, 425, 23, 57, 310, 23, 217, 6, 184, 170, 259, 313, 441, 193, 18, 155, 83, 85, 89, 227, 280, 492, 16, 372, 156, 430, 360, 259, 347, 218, 278, 426]
Tree:
None
Fitness on 5000 data:
-6.035716451652595

Fitness:
-5.710429245488193