Generation:
500

Phenotype:
u = bern(0.2);
v = gm([24, 11, 2]);
if u==1 { 
  if v > 12 { 
    w = gm([1,12.,2.]);
   } else { 
    w = gm([1,6.,2.]); 
   } end if;
 } else { 
  w = gm([1,6.,2.]); 
 } end if;

Genotype:
[266, 125, 472, 376, 294, 96, 96, 123, 316, 411, 498, 97, 481, 66, 102, 165, 332, 96, 241, 472, 104, 38, 498, 472, 429, 294, 96, 96, 123, 104, 411, 102, 245, 47, 464, 40, 65, 386, 230, 301, 102, 495, 248, 249, 64, 416, 245, 47, 464, 111, 362, 30, 495, 234, 237, 380, 122, 67, 48, 421, 87, 358, 134, 234, 184, 401, 433, 398, 376, 10, 224, 449, 67, 442, 135, 441, 176, 22, 399, 402, 249, 433, 372, 156, 228, 360, 259, 347, 218, 278, 426]
Tree:
None
Fitness on 5000 data:
-5.047569926321004

Fitness:
-4.705768317784885