Generation:
500

Phenotype:
a = 29  * a;
a = gm([28, 1.1, 2]);
b = 29  * gm([10, 4.4, 7], [28, 1.4, 19])  - gm([28, 1.1, 2]); 
if a < 0 { 
  b = 3 * a + gm([1,0.,1.]); 
 } else { 
  b = gm([1,8.,1.]); 
 } end if;

Genotype:
[28, 193, 398, 193, 48, 468, 40, 494, 339, 156, 184, 453, 252, 453, 156, 193, 48, 468, 245, 173, 280, 468, 48, 312, 351, 340, 153, 485, 335, 193, 91, 388, 151, 494, 444, 453, 252, 453, 156, 193, 48, 468, 245, 173, 280, 453, 252, 453, 156, 193, 48, 468, 245, 173, 280, 468, 48, 312, 351, 340, 442, 193, 239, 48, 280, 337, 143, 453, 468, 453, 372, 193, 466, 468, 193, 187, 322, 48, 409, 91, 256, 453, 156, 240, 453, 245, 173, 280, 468, 48, 312, 351, 340, 153, 485, 335, 193, 336, 388, 145, 398, 193, 453, 403, 187, 442, 193, 239, 48, 280, 337, 72, 453, 468, 453, 372, 193, 466, 468, 193, 187, 322, 48, 349, 91, 256, 453, 156, 57, 48, 444, 245, 327, 187, 442, 193, 453, 156, 145, 293, 453, 280, 193, 360, 156, 145, 48, 444, 245, 23, 349, 300, 468, 407, 468, 43, 479, 442, 183, 187, 173, 441, 316, 145, 48, 413]
Tree:
None
Fitness on 5000 data:
-3.9251700438149286

Fitness:
-3.370691912234987