Generation:
500

Phenotype:
mu = 23  * sigma + 23; 
sigma = sigma + gm([28, 1.9, 0.9]); 
x = 7 + gm([26, 15, 3.1]);
mu = gm([5.3, 6.6, 3]) + gm([15, 14, 0.9]);;

Genotype:
[155, 22, 136, 395, 276, 211, 128, 140, 271, 151, 387, 339, 433, 252, 340, 366, 302, 90, 449, 342, 107, 385, 124, 386, 70, 95, 402, 472, 339, 433, 252, 340, 150, 118, 232, 175, 344, 396, 204, 18, 158, 144, 355, 45, 382, 6, 77, 284, 74, 203, 161, 248, 176, 158, 144, 355, 324, 232, 449, 366, 107, 385, 124, 386, 70, 161, 248, 456, 160, 212, 458, 106, 118, 50, 346, 30, 93, 11, 404, 365, 160, 174, 276, 327, 381, 164, 220, 176, 203, 366, 410, 231, 406, 190, 133, 330, 358, 225, 132, 115, 168, 250, 291, 33, 223, 305, 50, 346, 30, 93, 11, 404, 365, 160, 174, 276, 313, 260, 468, 470, 205, 42, 270, 425, 113, 487, 317, 327, 430, 62, 418, 81, 102, 434, 459, 137, 1, 85, 198, 111, 351, 361, 458, 144, 276, 491, 1, 184, 442, 80, 63, 380, 339, 322, 290, 24, 11, 361, 318, 12, 300, 275, 216, 273, 32, 83, 244, 308, 406, 500, 294, 422, 218, 424, 126, 417, 233, 468, 485, 377, 419, 51, 181, 238, 328, 101, 90, 493, 132, 131, 424, 497, 237, 86]
Tree:
None
Fitness on 5000 data:
-6.761080516043274

Fitness:
-6.308314109162991