Generation:
500

Phenotype:
skill1 = gm([6, 25.1, 9], [12.1, 24, 5.9]) + 29  * p1wins; 
skill2 = gm([19.6, 21, 3.8])  - bern(0.6);
cond = bern(0.4)  - 6; 
if uniform([12, 20.6], 3) <= 15 { 
  p1wins = 1;
 } else { 
   p1wins = 0; 
 } end if;

Genotype:
[345, 226, 153, 357, 383, 342, 254, 483, 490, 414, 2, 226, 30, 161, 12, 108, 372, 458, 281, 377, 422, 130, 184, 52, 34, 8, 54, 13, 102, 223, 298, 455, 440, 207, 205, 189, 34, 483, 47, 41, 288, 120, 433, 311, 2, 12, 375, 453, 383, 342, 254, 483, 490, 414, 2, 12, 91, 485, 383, 342, 433, 108, 224, 458, 281, 142, 482, 130, 184, 254, 483, 490, 414, 2, 226, 30, 357, 320, 298, 455, 440, 350, 205, 3, 54, 13, 102, 223, 298, 455, 342, 482, 130, 184, 52, 430, 8, 54, 13, 102, 223, 298, 455, 440, 288, 120, 47, 41, 288, 120, 490, 414, 2, 223, 298, 455, 440, 207, 205, 189, 34, 483, 47, 41, 288, 120, 490, 414, 2, 12, 375, 350, 383, 342, 254, 483, 490, 414, 2, 2, 12, 217, 485, 383, 342, 433, 207, 238, 121, 386, 18, 43, 67, 429, 275, 67, 429, 275, 166, 254, 115, 378, 411, 150, 474, 174, 142, 382, 250, 300, 56, 162, 102, 186, 125, 345, 455, 406, 468, 490, 437, 477, 235, 159, 44, 24, 166, 205, 189, 34, 483, 47, 41, 288, 120, 490, 414, 2, 12, 375, 485, 383, 342, 254, 454, 8, 54, 13, 102, 223, 298, 455, 440, 474, 205, 189, 353, 288, 255, 41, 357, 222, 108, 224, 458, 94, 142, 482, 130, 184, 414, 2, 12, 375, 485, 383, 342, 433, 207, 238, 121, 386, 18, 43, 67, 429, 275, 67, 429, 275, 166, 254, 115, 378, 411, 150, 474, 174, 142, 382, 250, 300, 56, 162, 102, 186, 125, 345, 275, 67, 429, 275, 166, 254, 115, 378, 254, 55, 138, 205, 189, 34, 483, 419, 41, 288, 414, 2, 12, 375, 485, 383, 342, 254, 483, 490, 414, 2, 12, 217, 485, 383, 342, 433, 207, 238, 121, 386, 18, 43, 67, 429, 275, 67, 429, 275, 166, 254, 115, 378, 376, 150, 150, 474, 174, 142, 382, 250, 300, 56, 162, 102, 186, 125, 345, 275, 67, 429, 275, 166, 254, 115, 378, 411, 150, 474, 174, 142, 382, 250, 300, 56, 162, 102, 186, 125, 345, 455, 406, 468, 490, 437, 477, 235, 159, 44, 24, 166, 204, 320, 187, 333, 254, 55, 138, 205, 189, 34, 483, 419, 41, 288, 120, 490, 414, 2, 12, 375, 485, 135, 70, 337, 341, 49, 467, 301, 342, 43, 134, 37, 38, 231, 47, 41, 288, 120, 490, 414, 2, 12, 375, 485, 383, 407, 237, 59, 35, 43, 406, 468, 490, 437, 477, 235, 39, 44, 24, 166, 204, 320, 187, 333, 254, 55, 138, 205, 189, 34, 483, 47, 41, 288, 120, 490, 414, 2, 12, 375, 485, 383, 407, 237, 59, 35, 218, 345, 349, 159, 80, 344, 20, 138, 485, 262, 490]
Tree:
None
Fitness on 5000 data:
-6.491234647007562

Fitness:
-6.118942985357046