Generation:
500

Phenotype:
skill1 = 27  * skill2  - gm([21, 8, 24]); 
skill2 = uniform([9, 6.8], 2) + uniform([2, 9], 1);
skill1 = uniform([8, 8], 3) + uniform([2, 9], 1); 
if 15 * gm([9, 30.8, 8]) < 13 { 
  p1wins = 1;
 } else { 
   p1wins = 0; 
 } end if;

Genotype:
[55, 227, 466, 306, 32, 461, 285, 389, 390, 154, 238, 418, 287, 454, 86, 349, 276, 106, 474, 449, 409, 493, 269, 105, 230, 95, 108, 377, 356, 438, 162, 47, 356, 349, 30, 106, 318, 412, 349, 30, 105, 170, 95, 108, 377, 356, 9, 162, 147, 15, 93, 162, 318, 412, 349, 30, 106, 436, 349, 276, 106, 474, 231, 409, 493, 269, 105, 230, 95, 108, 377, 356, 438, 162, 47, 203, 413, 105, 170, 95, 108, 377, 356, 9, 162, 147, 15, 93, 467, 86, 105, 230, 95, 108, 377, 356, 9, 162, 318, 356, 334, 30, 106, 311, 147, 453, 203, 413, 105, 230, 95, 108, 377, 356, 9, 162, 147, 15, 95, 108, 377, 356, 9, 162, 318, 356, 467, 86, 105, 451, 95, 108, 349, 30, 106, 436, 231, 453, 297, 413, 105, 177, 106]
Tree:
None
Fitness on 5000 data:
-6.736747228456998

Fitness:
-5.964905173059897