Generation:
500

Phenotype:
skill1 = uniform([15, 9], 1); 
skill2 = gm([18.7, 25.8, 24.9]);
skill2 = gm([10.9, 27, 10.7], [27, 20, 4.9], [15, 20, 4.9], [6, 11.6, 15], [5, 26, 14.9]); 
if 24 * gm([27, 18.7, 25.8]) + skill1 <= 10 { 
  p1wins = 1;
 } else { 
   p1wins = 0; 
 } end if;

Genotype:
[167, 234, 294, 162, 480, 24, 53, 204, 240, 426, 417, 120, 417, 390, 348, 493, 87, 43, 57, 24, 53, 318, 22, 143, 417, 390, 348, 493, 87, 43, 196, 350, 300, 120, 417, 444, 348, 493, 72, 492, 148, 454, 187, 345, 134, 187, 292, 480, 470, 454, 187, 345, 134, 187, 292, 409, 199, 352, 68, 310, 480, 470, 42, 98, 408, 26, 29, 324, 287, 365, 43, 57, 458, 53, 204, 240, 120, 417, 390, 348, 493, 87, 43, 196, 350, 300, 120, 417, 444, 348, 493, 72, 492, 148, 454, 187, 345, 134, 187, 292, 409, 43, 196, 62, 300, 120, 417, 444, 348, 493, 72, 492, 148, 454, 187, 345, 134, 187, 292, 409, 199, 57, 22, 492, 464, 131, 187, 301, 204, 240, 312, 417, 390, 348, 493, 87, 43, 196, 350, 72, 381, 148, 336, 138, 409, 179, 95, 489, 436, 115, 377, 323, 284, 160, 277, 289, 72, 475, 223, 449, 448, 398, 317, 422, 427, 372, 487, 285, 353, 290, 53, 69, 361, 114, 488, 387, 246, 457, 123, 128, 382, 461, 465, 351, 305, 17, 43, 154, 66, 121, 301, 54, 183, 424, 98, 225, 26, 29, 324, 287, 365, 434, 485, 301, 2, 367, 58, 275, 97, 45, 22, 456, 6, 63, 108]
Tree:
None
Fitness on 5000 data:
-6.647019350257848

Fitness:
-6.067067541173997