Generation:
500

Phenotype:
u = 1  - bern(0.8); 
 v = bern(0.8)  - v; 
 w = bern(0.1)  - 0; 
 x = w  - bern(0.7); 
 x = 0 + bern(0.6);

Genotype:
[452, 206, 479, 25, 304, 189, 196, 35, 274, 257, 241, 290, 204, 369, 188, 80, 305, 63, 139, 248, 68, 146, 358, 418, 364, 57, 249, 0, 96, 483, 167, 364, 57, 0, 388, 111, 356, 192, 249, 0, 96, 483, 378, 0, 388, 111, 356, 192, 249, 0, 96, 483, 378, 362, 395, 398, 102, 237, 347, 187, 455, 382, 461, 402, 451, 26, 142, 3, 255, 140, 163, 130, 339, 468, 399, 317, 101, 451, 197, 459, 376, 261, 156, 419, 295, 344, 411, 360, 93, 60, 17]
Tree:
None
Fitness on 5000 data:
-1.8619690417330452

Fitness:
-1.711561302055418