Generation:
500

Phenotype:
u = bern(0.4) + x; 
 v = bern(0.9); 
 w = bern(0.2)  - 0; 
  if bern(0.1) + bern(0.4) + bern(0.4) > 1 { 
       if u == 1{ 
             x = 1 + 0; 
       } else { 
             x = 0; 
       } end if; 
 } else { 
       if u < 1{ 
             x = 1; 
       } else { 
             x = bern(0.1)  - x; 
       } end if; 
 } end if;

Genotype:
[182, 448, 408, 243, 480, 240, 66, 23, 243, 18, 295, 287, 134, 44, 323, 352, 105, 346, 17, 73, 15, 270, 29, 339, 426, 126, 339, 426, 415, 355, 262, 264, 380, 105, 346, 17, 73, 15, 270, 126, 339, 142, 415, 358, 262, 264, 380, 213, 261, 129, 473, 308, 408, 23, 243, 18, 44, 323, 15, 270, 126, 339, 426, 415, 358, 189, 421, 317, 134, 44, 323, 352, 105, 194, 17, 73, 15, 270, 126, 339, 426, 423, 311, 262, 264, 380, 213, 231, 32, 388, 439, 47, 415, 358, 262, 264, 380, 189, 421, 317, 198, 375, 288, 357, 498, 478, 468, 302, 81, 473, 404, 423, 57, 427, 234, 293, 450, 129, 473, 98, 457, 323, 335, 288, 357, 498, 126, 339, 426, 415, 358, 262, 264, 380, 213, 231, 32, 326, 159, 47, 302, 81, 473, 404, 423, 243, 18, 295, 177, 134, 44, 323, 323, 352, 105, 478, 169, 136, 480, 304, 145, 80, 360, 401, 433, 469, 258, 362, 10, 21, 366, 135, 17, 282, 183, 398]
Tree:
None
Fitness on 5000 data:
-1.7435927102348843

Fitness:
-1.5249840595803819