Generation:
500

Phenotype:
mu = 12  * sigma + uniform([12, 15.5], 1); 
sigma = uniform([4, 7], 2)  - uniform([3, 5], 2);
x = uniform([4, 8], 3)  - uniform([3, 5], 4);
x = x + mu;

Genotype:
[8, 115, 70, 74, 375, 343, 417, 11, 198, 287, 46, 301, 44, 218, 87, 164, 438, 410, 24, 369, 378, 92, 468, 258, 238, 221, 266, 87, 164, 438, 396, 367, 406, 378, 92, 468, 258, 409, 487, 139, 366, 87, 164, 438, 396, 396, 24, 406, 378, 92, 468, 258, 409, 418, 139, 366, 242, 193, 366, 208, 52, 109, 10, 397, 34, 415, 267, 119, 140, 207, 85, 245, 414, 257, 443, 358, 135, 11, 374, 464, 284, 358, 135, 11, 275, 63, 316, 131, 315, 69, 446, 296, 472, 170, 397, 306, 415, 267, 119, 140, 207, 243, 119, 140, 207, 85, 164, 438, 396, 24, 406, 378, 92, 375, 464, 284, 358, 366, 198, 287, 46, 471, 10, 397, 34, 415, 267, 119, 140, 207, 85, 245, 414, 257, 443, 358, 208, 52, 109, 476, 181, 471, 10, 397, 34, 415, 267, 119, 140, 207, 47, 245, 414, 257, 443, 358, 135, 11, 374, 464, 284, 358, 135, 11, 275, 63, 316, 131, 315, 69, 446, 296, 472, 170, 0, 366, 106, 109, 446, 296, 176, 170, 64, 87, 57, 417, 11, 133, 287, 46, 468, 275, 65, 87, 151, 242, 193, 366, 208, 364, 109, 446, 296, 458, 410, 311, 57, 167, 483, 27, 95, 48, 87, 151, 436, 341, 202, 347, 271, 20, 170, 340, 190, 141, 33, 303, 46, 468, 275, 65, 87, 151, 242, 193, 366, 366, 242, 193, 366, 208, 364, 109, 476, 181, 471, 421, 397, 34, 415, 267, 312, 140, 207, 85, 245, 414, 257, 443, 189, 15, 289, 151, 497, 250, 432, 176, 144, 259, 318, 87, 39, 184, 25, 247, 189, 259, 134, 5, 243, 56, 307, 340, 242, 213, 186, 82, 344, 293, 488, 212, 215, 229, 432, 83, 402, 251, 347, 453, 22, 392, 278, 294, 463, 395, 31, 275]
Tree:
None
Fitness on 5000 data:
-7.188057346257739

Fitness:
-6.814476981614483