Generation:
500

Phenotype:
haircolor = 4;
eyecolor = gm([0.9, 0, 0], [0.4, 1, 0], [0.2, 2, 0], [0.1, 3, 0]);
haircolor = gm([0.9, 0, 0], [0.1, 1, 0], [0.2, 2, 0], [0.1, 3, 0]) + gm([0.9, 0, 0], [0.3, 1, 0], [0.1, 2, 0]);
hairlength = gm([0.9, 0, 0], [0.1, 1, 0]) + gm([0.5, 0, 0], [0.3, 1, 0], [0.3, 2, 0]);

Genotype:
[208, 166, 406, 406, 151, 90, 197, 134, 157, 376, 186, 21, 326, 438, 467, 413, 35, 21, 244, 351, 199, 238, 111, 394, 171, 300, 293, 413, 413, 216, 100, 117, 166, 74, 211, 8, 317, 153, 129, 300, 438, 413, 65, 186, 466, 21, 350, 144, 322, 114, 487, 391, 38, 290, 427, 157, 21, 293, 413, 417, 139, 43, 374, 347, 437, 10, 249, 135, 410, 435, 187, 242, 315, 374, 373, 437, 75, 391, 451, 301, 59, 119, 327, 122, 300, 161, 59, 150, 132, 333, 249, 0, 262, 454, 353, 192, 225, 435, 320, 186, 293, 274, 417, 180, 252, 426, 492, 393, 132, 286, 21, 333, 176, 343, 93, 309, 164, 54, 246, 133, 151, 492]
Tree:
None
Fitness on 5000 data:
-2.9920171119237544

Fitness:
-2.7901700725066316