Generation:
500

Phenotype:
u = bern(0.1); 
v = uniform([22, 3.2], 1)  - uniform([4, 15.8], 1); 
if uniform([27, 2], 1) + uniform([0, 12.1], 3) > 4 { 
  if w == 12 { 
    w = 28  * uniform([11, 3], 2);
   } else { 
     w =  uniform([2, 9.5], 1); 
   } end if;
 } else { 
   w =  12; 
 } end if;

Genotype:
[413, 324, 9, 303, 207, 44, 318, 62, 487, 445, 189, 442, 28, 279, 470, 407, 339, 15, 16, 236, 115, 45, 372, 298, 58, 64, 127, 164, 292, 44, 318, 62, 297, 384, 144, 442, 431, 190, 318, 62, 440, 384, 144, 442, 431, 190, 197, 470, 407, 45, 462, 402, 58, 64, 127, 164, 292, 44, 318, 62, 250, 384, 144, 442, 431, 190, 197, 470, 407, 339, 152, 470, 64, 357, 380, 459, 442, 386, 175, 170, 231, 208, 254, 134, 139, 45, 297, 459, 372, 298, 16, 298, 139, 45, 372, 298, 58, 64, 267, 164, 292, 44, 318, 62, 403, 384, 45, 322, 298, 58, 66, 267, 164, 292, 318, 62, 403, 384, 45, 322, 298, 58, 64, 267, 164, 292, 378, 318, 62, 297, 221, 335, 489, 164, 386, 298, 339, 15, 16, 298, 139, 45, 372, 298, 58, 64, 267, 164, 292, 44, 318, 62, 403, 384, 45, 322, 298, 58, 64, 267, 164, 292, 44, 318, 62, 297, 384, 144, 442, 386, 190, 197, 470, 407, 339, 152, 470, 64, 357, 164, 459, 442, 386, 175, 170, 465, 208, 254, 134, 139, 45, 322, 298, 58, 66, 475, 339, 339, 304, 325, 134, 139, 45, 322, 298, 58, 64, 267, 134, 139, 45, 322, 298, 58, 64, 267, 164, 292, 44, 318, 62, 63, 384, 183, 442, 386, 190, 279, 470, 407, 339, 152, 470, 64, 357, 164, 459, 442, 386, 175, 357, 465, 208, 254, 134, 139, 45, 322, 298, 58, 139, 64, 357, 164, 459, 442, 64, 267, 161, 292, 44, 318, 139, 45, 322, 298, 58, 64, 267, 164, 292, 44, 318, 384, 183, 442, 386, 386, 279, 66, 475, 339, 152, 470, 64, 357, 164, 459, 442, 442, 386, 279, 129, 407, 339, 62, 63, 453, 183, 163, 343, 175, 466, 164, 459, 442, 386, 175, 357, 465, 208, 386, 279, 470, 407, 439, 242, 214, 292, 44, 318, 62, 63, 384, 183, 442, 386, 386, 279, 470, 407, 339, 152, 470, 339, 152, 470, 44, 318, 62, 63, 453, 183, 442, 386, 386, 279, 470, 407, 339, 152, 470, 64, 357, 164, 459, 205, 214, 282, 187, 88, 173, 269, 270, 182, 75, 152, 330, 351, 477, 76, 282, 187, 88, 182, 386, 279, 470, 407, 439, 175, 214, 387, 453, 50, 209, 453, 183, 442, 310, 279, 470, 407, 269, 270, 182, 213, 94, 357, 227, 143, 168, 344, 14, 328, 456, 276, 339, 100, 182, 190, 391, 283, 88, 362, 432, 165, 174, 452, 182, 290, 226, 420, 145, 47, 328, 459, 39, 437, 483, 453, 302, 355, 385, 410, 350, 178, 318, 78, 63, 62, 491, 453, 183, 442, 386, 279, 470, 407, 339, 217, 294, 243, 477, 76, 322, 298, 102, 64, 357, 164, 459, 205, 229, 444, 259, 264, 397, 63, 204, 371, 427, 316, 184, 328, 58, 280, 305, 442, 261, 394, 193, 176, 349, 166, 40, 444, 161, 45, 121, 340, 134, 13, 57, 253, 283, 157, 203, 359, 491, 77, 208, 240, 466]
Tree:
None
Fitness on 5000 data:
29.199441663233255

Fitness:
29.370099426078404