Generation:
500

Phenotype:
a = uniform([0, 4], 2)  - gm([26.7, 0.7, 1]);
b = gm([15, 7.8, 7]);;

Genotype:
[106, 2, 238, 10, 290, 269, 492, 407, 465, 166, 192, 13, 363, 478, 128, 97, 305, 492, 407, 465, 492, 330, 404, 261, 478, 128, 87, 402, 363, 478, 148, 332, 356, 459, 286, 484, 228, 100, 260, 56, 108, 443, 252, 280, 484, 228, 100, 260, 56, 108, 478, 326, 327, 192, 267, 376, 22, 132, 484, 228, 298, 60, 56, 39, 500, 186, 452, 239, 360, 2, 211, 204, 345, 201, 203, 131, 267, 462, 330, 215, 285, 40, 429, 10, 318, 346, 304, 392, 314, 302, 360, 2, 170, 32, 114, 221, 213, 233, 170, 244, 29, 452, 19, 253, 166, 461, 470, 206, 220, 241, 465, 492, 461, 470, 203, 131, 267, 144, 318, 184, 304, 6, 314, 239, 360, 2, 211, 204, 345, 201, 203, 131, 267, 462, 330, 215]
Tree:
None
Fitness on 5000 data:
-5.389703014493149

Fitness:
-4.99284103765092