Generation:
500

Phenotype:
a = gm([13.1, 1, 2])  - a; 
if a < 0 { 
  b = 3 * a + gm([1,0.,1.]); 
 } else { 
  b = gm([1,8.,1.]); 
 } end if;

Genotype:
[155, 495, 366, 345, 14, 332, 102, 121, 366, 345, 44, 162, 464, 63, 176, 374, 216, 366, 320, 14, 374, 243, 248, 413, 169, 362, 240, 461, 89, 248, 428, 317, 405, 280, 233, 308, 310, 280, 233, 247, 269, 115, 85, 129, 129, 269, 115, 57, 207, 228, 116, 331, 52, 434, 296, 218, 26, 486, 428, 292, 335, 291, 24, 98, 198, 98, 267, 10, 14, 245, 344, 291, 113, 248, 338, 275, 466, 118, 281, 446, 440, 375, 486, 291, 24, 98, 198, 378, 267, 10, 14, 348, 406, 34, 313, 414]
Tree:
None
Fitness on 5000 data:
-3.718474582454471

Fitness:
-3.4135164433976275