Generation:
500

Phenotype:
b = gm([24, 3, 6.3])  - a;
a = gm([21, 0.8, 2]);;

Genotype:
[123, 89, 108, 400, 247, 152, 285, 145, 454, 220, 86, 4, 468, 255, 285, 380, 87, 15, 54, 99, 316, 274, 380, 255, 162, 178, 222, 474, 269, 93, 31, 493, 336, 64, 58, 400, 468, 31, 222, 336, 64, 58, 220, 329, 255, 162, 172, 220, 142, 158, 468, 100, 380, 255, 380, 255, 162, 178, 222, 106, 349, 363, 31, 222, 336, 64, 58, 220, 329, 158, 316, 328, 468, 100, 380, 87, 87, 15, 56, 99, 70, 58, 220, 329, 196, 400, 247, 100, 285, 145, 454, 220, 459, 170, 102, 220, 318, 172, 222, 454, 220, 15, 56, 99, 316, 162, 172, 222, 454, 220, 12, 158, 468, 91, 380, 255, 162, 178, 255, 162, 178, 222, 189, 349, 93, 106, 157, 93, 31, 222, 336, 64, 205, 468, 100, 380, 87, 15, 56, 99, 316, 265, 380, 466, 220, 318, 285, 454, 400, 189, 100, 285, 145, 454, 220, 318, 158, 449, 100, 380, 87, 15, 307, 99, 316, 176, 380, 255, 162, 178, 222, 106, 349, 93, 31, 222, 336, 64, 58, 220, 329, 158, 316, 328, 380, 255, 162, 172, 222, 454, 158, 178, 100, 246, 99, 15, 77, 99, 316, 176, 380, 255, 162, 178, 222, 255, 484, 178, 222, 136, 100, 380, 255, 162, 178, 285, 316, 100, 380, 255, 162, 178, 380, 255, 196, 142, 158, 162, 172, 222, 454, 220, 142, 158, 468, 100, 380, 255, 162, 178, 285, 316, 100, 380, 255, 162, 178, 380, 255, 196, 64, 123, 16, 285, 145, 89, 196, 400, 415, 100, 285, 251, 336, 100, 393, 128, 130, 436, 3, 64, 393, 158, 128, 130, 100, 3, 441, 201, 285, 358, 77, 295, 100, 380, 255, 252, 380, 255, 162, 178, 390, 282, 201, 285, 358, 438, 445, 450, 416, 235, 270, 161, 173, 79]
Tree:
None
Fitness on 5000 data:
-5.356349864516932

Fitness:
-5.225287878867175