Generation:
500

Phenotype:
sigma = mu;
mu = 5  * mu + gm([15.6, 17.3, 4], [6.1, 18.2, 9]);
sigma = uniform([0, 4.3], 4) + 6  * x;
 x = sigma * gm([1,1,1]);
x = x + mu;

Genotype:
[184, 205, 444, 2, 286, 444, 0, 354, 183, 286, 67, 0, 331, 451, 439, 177, 414, 225, 82, 433, 63, 356, 176, 183, 482, 272, 160, 66, 128, 269, 37, 450, 143, 235, 316, 176, 9, 177, 208, 18, 43, 55, 330, 47, 248, 55, 345, 488, 143, 235, 316, 408, 461, 238, 305, 496, 124, 28, 82, 434, 142, 77, 29, 490]
Tree:
None
Fitness on 5000 data:
-6.427230788131802

Fitness:
-6.130519081990699