Generation:
500

Phenotype:
u = bern(0.3); 
v = uniform([6, 14.4], 1)  - 4; 
w = gm([12, 12, 5.1])  - bern(0.9);
if uniform([21, 5], 1) + uniform([13, 0.5], 2) > 24 { 
   u = u; 
 } else { 
   v = uniform([24, 23.8], 1) + 12; 
 } end if;;

Genotype:
[33, 78, 87, 399, 308, 257, 336, 18, 409, 257, 14, 174, 260, 260, 476, 283, 476, 87, 97, 46, 284, 260, 356, 105, 409, 222, 297, 147, 143, 260, 486, 87, 117, 257, 224, 210, 83, 194, 193, 336, 18, 334, 282, 106, 221, 465, 40, 105, 259, 24, 495, 48, 105, 132, 216, 495, 196, 357, 57, 386, 452, 304, 25, 18, 282, 210, 221, 147, 205, 260, 260, 476, 260, 476, 87, 405, 96, 284, 260, 356, 400, 409, 222, 221, 100, 40, 129, 132, 24, 495, 48, 105, 132, 216, 336, 18, 282, 111, 247, 476, 87, 405, 46, 284, 288, 356, 105, 409, 147, 143, 260, 431, 291, 87, 4, 221, 336, 18, 282, 325, 190, 337, 434, 171, 452, 264, 101, 18, 282, 210, 205, 494, 40, 432, 452, 304, 128, 18, 354, 128, 210, 204, 78, 87, 399, 8, 240, 77, 415, 86, 336, 417, 271, 210, 221, 336, 18, 282, 210, 221, 494, 40, 257, 452, 487, 128, 18, 282, 210, 210, 221, 336, 334, 282, 21, 221, 494, 40, 105, 211, 24, 495, 48, 105, 132, 216, 495, 196, 354, 128, 210, 204, 78, 87, 399, 8, 240, 77, 415, 86, 336, 417, 271, 210, 221, 336, 18, 282, 210, 221, 494, 40, 257, 452, 487, 128, 18, 282, 210, 210, 221, 336, 334, 484, 21, 221, 494, 40, 105, 132, 24, 495, 48, 105, 132, 216, 495, 196, 357, 57, 170, 172, 163, 434, 383, 311, 463, 39, 18, 201, 120, 345, 127, 381, 115, 170, 41, 5, 105, 18, 390, 4, 294, 105, 210, 221, 205, 257, 173, 41, 5, 105, 18, 196, 490, 307, 195, 426, 366, 426, 366, 213, 78, 87, 399, 8, 240, 77, 292, 86]
Tree:
None
Fitness on 5000 data:
23.12245953528307

Fitness:
22.0716421563891