Generation:
500

Phenotype:
skill1 = gm([30.8, 19.6, 4.1]);
skill2 = gm([6, 6.2, 22.2], [30, 21.4, 4.4], [6.2, 14.5, 8.5])  - 2  * bern(0.7);
p1wins = bern(0.5);;

Genotype:
[328, 382, 446, 58, 183, 156, 486, 261, 430, 417, 92, 142, 233, 112, 212, 385, 438, 441, 170, 229, 112, 494, 291, 33, 393, 320, 161, 53, 99, 118, 33, 146, 379, 39, 500, 402, 39, 393, 57, 405, 252, 318, 104, 127, 130, 172, 127, 417, 346, 237, 8, 49, 295, 436, 423, 393, 450, 250, 212, 41, 321, 33, 435, 391, 430, 417, 92, 161, 233, 112, 212, 385, 438, 441, 170, 476, 112, 494, 291, 33, 393, 320, 161, 53, 41, 393, 320, 161, 53, 41, 118, 33, 146, 379, 39, 500, 402, 39, 393, 57, 405, 252, 318, 172, 127, 130, 172, 127, 366, 39, 393, 450, 112, 408, 41, 494, 356, 252, 237, 176, 172, 127, 146, 379, 39, 500, 402, 39, 393, 57, 405, 252, 318, 172, 127, 130, 172, 127, 366, 346, 237, 8, 49, 58, 436, 423, 393, 450, 416, 212, 41, 321, 33, 435, 362, 124, 118, 41, 35, 490, 308, 73, 134, 53, 41, 389, 416, 54, 448, 58, 291, 423, 393, 450, 112, 53, 41, 204, 33, 393, 362, 39, 430, 391, 39, 393, 450, 112, 408, 41, 494, 356, 252, 237, 176, 172, 127, 416, 318, 134, 69, 170, 339, 55, 237, 127, 405, 252, 237, 176, 231, 127, 416, 318, 316, 356, 96, 393, 200, 236, 275, 134, 430, 170, 339, 55, 494, 57, 86, 118, 500, 324, 449, 118, 44, 35, 490, 308, 73, 134, 53, 41, 389, 416, 318, 448, 58, 291, 33, 393, 73, 134, 53, 41, 441, 204, 4, 246, 93, 416, 318, 316, 356, 96, 393, 200, 236, 275, 134, 430, 170, 476, 55, 494, 57, 86, 118, 500, 324, 462, 118, 44, 35, 490, 308, 73, 134, 53, 41, 389, 416, 318, 448, 58, 40, 33, 393, 450, 112, 53, 41, 204, 33, 393, 362, 39, 430, 391, 39, 393, 450, 112, 32, 41]
Tree:
None
Fitness on 5000 data:
-6.534777146566053

Fitness:
-6.298961880614513