Generation:
500

Phenotype:
mu = gm([28.1, 22.3, 4.6], [21, 20, 1]) + 5  * sigma; 
sigma = gm([25, 3, 1.8]); 
x = 21  * sigma;
x = 4  * sigma + gm([26.7, 12.7, 5], [0.3, 5, 21]);;

Genotype:
[132, 37, 399, 337, 171, 489, 369, 315, 427, 301, 362, 145, 283, 419, 372, 206, 362, 108, 206, 182, 187, 232, 160, 405, 403, 306, 360, 424, 96, 280, 304, 462, 127, 347, 156, 475, 477, 298, 83, 243, 346, 138, 250, 41, 80, 472, 418, 97, 81, 334, 222, 310, 37, 127, 305, 186, 475, 477, 132, 16, 36, 216, 493, 31, 362, 190, 253, 472, 145, 283, 419, 372, 206, 362, 108, 206, 182, 187, 232, 160, 405, 156, 475, 477, 298, 83, 243, 346, 138, 250, 41, 145, 334, 222, 310, 37, 127, 305, 186, 475, 477, 298, 16, 36, 216, 493, 31, 362, 190, 253, 472, 484, 477, 298, 83, 243, 346, 138, 250, 424, 353, 472, 418, 97, 81, 334, 222, 439, 407, 234, 220, 283, 112, 418, 214, 138, 250, 424, 80, 472, 418, 97, 81, 334, 222, 310, 37, 127, 19, 186, 48, 38, 405, 424, 46, 158, 132, 190, 253, 84, 253, 474, 103, 324, 234, 455, 414, 132, 402, 223, 245, 99, 240, 14, 21, 377, 483, 168, 405, 408, 306, 360, 306, 360, 416, 96, 280, 304, 37, 127, 8, 329, 429, 411, 311, 69, 3, 134, 146, 480, 78, 155, 198, 366, 12, 364, 109, 304, 197, 291, 280, 258, 242, 22, 115, 256, 357, 250, 225, 467, 375, 280, 304, 37, 127, 347, 186, 475, 477, 298, 83, 243, 346, 138, 250, 225, 467, 375, 170, 283, 364, 46, 474, 404, 233, 243, 79, 241, 2, 358, 335, 430, 2, 489, 413, 347, 71, 2, 243, 228, 473, 313, 235, 70, 360, 364, 384, 302, 465, 155, 106, 219, 462, 301, 42, 311, 236, 130, 387, 40, 221, 247, 57, 294, 230, 400, 29, 5, 121, 327, 72, 293, 211, 274, 306, 453, 453, 429, 20, 250, 83, 262, 188, 392, 268, 342, 89, 447, 461, 491, 110, 96, 181, 4, 143, 277, 96, 145, 45, 423]
Tree:
None
Fitness on 5000 data:
-7.565411312903425

Fitness:
-7.152367783516926