Generation:
500

Phenotype:
a = uniform([1, 7], 1)  - uniform([1, 5], 1);
b = gm([26.6, 8, 1], [8.6, 2, 4])  - b;;

Genotype:
[341, 377, 472, 431, 198, 266, 198, 266, 125, 384, 384, 132, 198, 23, 125, 384, 139, 308, 9, 338, 48, 183, 17, 54, 262, 161, 207, 57, 221, 384, 163, 438, 156, 414, 325, 349, 68, 266, 312, 236, 66, 132, 315, 203, 125, 384, 24, 44, 15, 348, 48, 375, 17, 348, 262, 273, 207, 57, 45, 384, 195, 245, 156, 250, 315, 414, 57, 200, 85, 272, 323, 184, 182, 152, 179, 457, 378, 385, 160, 449, 398, 368, 46, 493, 108, 46, 453, 122, 182, 432, 286, 85]
Tree:
None
Fitness on 5000 data:
-4.718429423662022

Fitness:
-4.430763740072929