Generation:
500

Phenotype:
p1wins = bern(0.6);
if skill1 == 18 { 
   p1wins = skill1;
  skill2 = 19  * bern(0.4)  - bern(0.6); 
 } else { 
   if p1wins == 9 { 
     p1wins = 10;
    p1wins = 10  - gm([12, 19, 16.6], [28, 16, 25]); 
   } else { 
     skill1 = bern(0.8) + uniform([16, 5], 4);
    skill1 = 20  - gm([24.8, 16, 14]);
    skill1 = 23 * 0 + gm([10.8, 19, 5]);
    skill2 = gm([10.2, 19, 5])  - skill2; 
   } end if; 
 } end if;;

Genotype:
[364, 464, 352, 112, 335, 12, 432, 183, 140, 390, 357, 390, 165, 272, 390, 59, 390, 204, 272, 87, 6, 248, 444, 132, 262, 157, 475, 464, 352, 112, 335, 12, 432, 183, 140, 390, 357, 390, 59, 272, 40, 59, 390, 109, 272, 87, 362, 248, 444, 132, 352, 112, 362, 425, 464, 132, 41, 84, 369, 107, 498, 105, 140, 298, 357, 140, 59, 500, 366, 59, 390, 109, 350, 87, 362, 248, 444, 213, 262, 471, 475, 340, 174, 390, 109, 272, 157, 475, 464, 352, 112, 12, 212, 464, 132, 20, 84, 369, 442, 269, 241, 106, 470, 357, 390, 231, 272, 366, 135, 390, 109, 272, 87, 302, 248, 444, 213, 262, 471, 475, 340, 174, 19, 64, 191, 480, 132, 481, 112, 464, 444, 213, 262, 471, 475, 118, 174, 329, 64, 191, 480, 48, 481, 112, 464, 12, 212, 282, 36, 189, 98, 368, 353, 214, 67, 26, 69, 463, 410, 472, 215, 433, 251, 87, 463, 319, 472, 21, 462, 432, 23, 141, 392, 393, 118, 329, 354, 41, 210, 329, 389, 0, 427, 1, 475, 340, 390, 59, 262, 471, 475, 340, 174, 85, 64, 480, 444, 132, 262, 329, 475, 340, 174, 85, 64, 480, 84, 100, 156, 464, 132, 465, 60, 471, 366, 231, 132, 429, 112, 53, 12, 212, 464, 132, 309, 84, 369, 442, 218, 105, 140, 298, 357, 390, 59, 272, 390, 59, 390, 109, 272, 87, 409, 248, 444, 213, 262, 481, 475, 340, 174, 85, 64, 191, 480, 132, 481, 112, 464, 12, 212, 282, 36, 189, 98, 368, 353, 214, 67, 444, 69, 85, 64, 191, 480, 132, 481, 112, 464, 12, 212, 282, 36, 189, 98, 368, 314, 214, 67, 444, 69, 463, 410, 472, 215, 433, 251, 87, 463, 319, 472, 21, 462, 432, 23, 141, 392, 393, 118, 329, 354, 41, 210, 329, 389, 0, 427, 1]
Tree:
None
Fitness on 5000 data:
-6.438385441746434

Fitness:
-6.290368290311676