Generation:
500

Phenotype:
burglary=alarm  - 0; 
 earthquake=0; 
 alarm=0  - 1; 
 johncalls=bern(0.1) + 1; 
 johncalls = earthquake;
alarm = johncalls;
alarm = alarm  - alarm;

Genotype:
[311, 293, 4, 482, 90, 81, 436, 327, 487, 482, 125, 81, 436, 327, 487, 196, 276, 227, 450, 205, 59, 362, 412, 400, 251, 258, 82, 284, 9, 396, 448, 330, 450, 484, 320, 135, 344, 316, 103, 426, 167, 210, 96, 398, 412, 400, 330, 124, 293, 4, 215, 444, 392, 147, 124, 147, 134, 208, 274, 438, 48, 488, 482, 227, 81, 477, 327, 12, 472, 384, 148, 173, 177, 149, 332, 64, 140, 365, 122, 338, 81, 480, 19, 302, 51, 122, 76, 356, 167, 210, 96, 398, 412, 400, 330, 124, 293, 4, 215, 444, 392, 99, 482, 1, 140, 94, 10, 248, 287, 363, 230, 86, 139, 48, 160, 132, 147, 124, 263, 295, 12, 167, 302, 491, 230, 136, 29, 340, 160, 132, 147, 124, 263, 295, 12, 472, 316, 40, 85, 349, 113, 122, 473, 288, 440, 280, 48, 15, 370, 159, 410, 3, 307, 483, 351, 239, 48, 470, 274, 383, 73, 275, 364, 299, 200, 31, 6, 336, 459, 30, 314, 288, 37, 485, 53, 116, 305, 497, 361, 323, 177, 368, 86, 96, 36, 241, 328, 377, 5, 10, 373, 93, 400, 146, 164, 377, 391, 500, 261, 346, 427, 395, 257, 346, 164, 68, 494, 228, 100, 383, 234, 346, 467, 312, 75, 292, 440, 414, 222, 372, 53, 88]
Tree:
None
Fitness on 5000 data:
-inf

Fitness:
0.0