Generation:
500

Phenotype:
burglary=johncalls + burglary; 
 earthquake=earthquake  - burglary; 
 alarm=0 + burglary; 
 johncalls=burglary  - 0; 
 alarm = burglary + burglary;

Genotype:
[248, 280, 142, 342, 103, 360, 130, 496, 326, 306, 482, 161, 316, 490, 328, 1, 349, 326, 222, 268, 40, 188, 64, 40, 172, 267, 284, 268, 40, 188, 178, 268, 40, 268, 40, 188, 360, 284, 145, 29, 391, 238, 417, 456, 159, 119, 1, 251, 464, 182, 174, 292, 231, 341, 402, 412, 1, 349, 326, 222, 268, 238, 417, 456, 159, 119, 1, 251, 464, 182, 174, 292, 231, 341, 402, 412, 462, 129, 228, 103, 22, 114, 237, 310, 370, 434, 294, 388, 352, 456, 25, 301, 93, 252, 45, 445, 199, 276, 276, 93, 252, 45, 445, 66, 276, 349, 53, 476, 120, 17, 232, 257, 27, 470, 157, 421, 101, 349, 477, 451, 407, 132, 422, 113, 38, 43, 426, 22, 396, 431, 32, 463, 104, 256, 478, 269, 196, 63, 51, 55, 267, 471, 147, 96, 101, 352, 342, 198, 113, 340, 321, 50, 405, 315, 399, 308, 457, 169, 386]
Tree:
None
Fitness on 5000 data:
-inf

Fitness:
0.0