Generation:
500

Phenotype:
skill1 = 3  * gm([29, 10, 13])  - 8; 
skill2 = 24  - 1  * gm([16.9, 4.2, 5]);
skill1 = uniform([7, 23.5], 1)  - 1; 
if gm([24, 26, 12], [3, 3, 29.2]) + p1wins <= 10 { 
  p1wins = 1;
 } else { 
   p1wins = 0; 
 } end if;

Genotype:
[342, 44, 454, 344, 389, 432, 40, 432, 422, 196, 342, 199, 491, 182, 287, 479, 350, 350, 272, 376, 125, 161, 212, 205, 233, 98, 427, 500, 181, 66, 5, 72, 60, 260, 52, 68, 96, 454, 224, 227, 302, 40, 52, 422, 196, 342, 199, 491, 472, 205, 233, 98, 427, 442, 181, 66, 260, 320, 168, 96, 454, 344, 389, 432, 343, 472, 422, 196, 342, 5, 72, 120, 15, 236, 328, 299, 125, 161, 212, 205, 233, 161, 427, 376, 291, 161, 212, 205, 233, 161, 427, 160, 181, 66, 5, 15, 344, 330, 212, 205, 233, 161, 427, 97, 181, 66, 5, 15, 344, 448, 339, 205, 233, 239, 442, 115, 357, 115, 75, 372, 431, 141, 143, 134, 479, 290, 83, 51, 423, 396, 187, 187, 378, 154, 455, 396, 263, 6, 215, 349, 388, 425, 351, 392, 346, 352, 471, 247, 300, 20, 352, 350, 346, 299, 445, 96]
Tree:
None
Fitness on 5000 data:
-6.37896107063068

Fitness:
-6.13414779373293