Generation:
500

Phenotype:
v = uniform([6, 7.4], 1);
u = bern(0.3);
w = 10 * 5  - gm([23, 24.6, 17.6], [23.2, 1.1, 29], [10.3, 10.1, 1]);
if u==1 { 
  if v > 12 { 
    w = gm([1,12.,2.]);
   } else { 
    w = gm([1,6.,2.]); 
   } end if;
 } else { 
  w = gm([1,6.,2.]); 
 } end if;

Genotype:
[97, 373, 0, 352, 463, 384, 432, 302, 161, 41, 472, 399, 432, 230, 21, 351, 426, 204, 83, 155, 165, 330, 480, 125, 125, 83, 155, 165, 36, 72, 125, 41, 432, 426, 125, 148, 14, 399, 79, 230, 37, 111, 426, 478, 59, 373, 0, 352, 246, 116, 125, 41, 83, 155, 165, 36, 72, 125, 41, 432, 83, 155, 165, 36, 72, 125, 41, 258, 426, 125, 179, 43, 399, 79, 230, 36, 72, 125, 41, 230, 21, 411, 426, 289, 140, 496, 83, 155, 384, 36, 432, 125, 41, 432, 289, 345, 496, 309, 195, 31, 125, 41, 43, 399, 79, 204, 83, 394, 384, 36, 155, 384, 36, 43, 399, 79, 204, 83, 394, 384, 36, 399, 399, 79, 230, 37, 111, 88, 204, 83, 155, 384, 36, 302, 125, 230, 115, 111, 491, 204, 83, 112, 498, 36, 302, 344, 111, 426, 474, 170, 346, 483, 496, 173, 111, 35, 204, 83, 113, 384, 432, 289, 345, 302, 125, 41, 230, 21, 411, 426, 289, 140, 496, 83, 155, 384, 36, 432, 125, 41, 432, 289, 345, 496, 309, 195, 31, 125, 41, 43, 399, 79, 204, 83, 394, 384, 36, 155, 384, 36, 43, 399, 79, 204, 83, 394, 384, 36, 399, 399, 79, 230, 37, 111, 88, 204, 83, 155, 384, 36, 302, 125, 230, 115, 111, 491, 204, 83, 112, 498, 36, 302, 344, 111, 426, 474, 170, 346, 483, 496, 173, 111, 35, 204, 83, 113, 384, 432, 78, 344, 37, 202, 196, 111, 35, 204, 83, 113, 384, 432, 302, 344, 17, 331, 58, 67, 209, 119, 384, 380, 444, 70, 375, 428, 341, 374, 100, 332, 410, 199, 413, 99, 129, 127, 137, 290, 17, 436, 264, 46, 447, 38, 263, 62, 53]
Tree:
None
Fitness on 5000 data:
-4.908669054878994

Fitness:
-4.5283541082521825