Generation:
500

Phenotype:
mu = gm([2, 23, 4.4], [19.5, 20.1, 3], [1, 20.2, 10.2]); 
sigma = uniform([12, 5], 1)  - 13;
x = 25  * uniform([6, 2], 2);
x = gm([26, 22, 4.7]);

Genotype:
[193, 6, 27, 253, 279, 498, 498, 432, 116, 121, 283, 408, 151, 143, 143, 94, 7, 268, 153, 398, 344, 488, 448, 373, 419, 144, 334, 79, 258, 217, 44, 450, 26, 291, 450, 130, 264, 455, 356, 199, 141, 139, 459, 218, 37, 212, 487, 433, 411, 282, 448, 100, 496, 181, 148, 301, 311, 407, 276, 124, 429, 284, 305, 293, 199, 342, 124, 196, 207, 412, 212, 288, 157, 411, 282, 484, 463, 40, 458, 51, 328, 84, 277, 161, 145, 418, 248, 415, 289, 468, 164, 311, 407, 237, 124, 429, 284, 305, 293, 278, 449, 99, 54, 315, 452, 478, 468, 477, 2, 118, 476, 180, 290, 63, 467, 167, 82, 6, 132, 78, 18, 110, 388, 397, 498, 134, 101, 438, 202, 398, 460, 216]
Tree:
None
Fitness on 5000 data:
-7.011125140766222

Fitness:
-6.575920231910074