Generation:
500

Phenotype:
skill1 = uniform([20, 8.5], 1)  - 8  * bern(0.6); 
skill2 = gm([8, 21.8, 6], [4, 22, 2])  - skill2; 
p1wins = 5  * uniform([23, 27.9], 4) + 17  * uniform([3, 11.4], 3);
p1wins = bern(0.2);;

Genotype:
[264, 344, 348, 406, 268, 179, 132, 130, 148, 349, 8, 79, 5, 209, 426, 301, 489, 36, 349, 43, 393, 88, 392, 130, 112, 406, 159, 372, 146, 86, 498, 393, 432, 349, 106, 367, 5, 362, 426, 301, 58, 332, 303, 40, 110, 46, 499, 371, 383, 39, 10, 165, 130, 112, 406, 159, 63, 15, 352, 165, 130, 112, 99, 159, 63, 15, 352, 270, 176, 349, 8, 131, 5, 209, 426, 301, 143, 127, 132, 11, 176, 349, 8, 131, 5, 209, 426, 301, 143, 127, 68, 36, 472, 109, 253, 169, 198, 211, 48, 349, 277, 393, 88, 392, 130, 463, 406, 159, 334, 131, 5, 211, 48, 349, 277, 393, 88, 132, 145, 176, 349, 8, 3, 5, 209, 426, 349, 283, 393, 88, 392, 130, 112, 406, 159, 334, 68, 36, 472, 410, 253, 169, 198, 211, 48, 349, 277, 11, 176, 349, 8, 131, 5, 211, 441, 481, 410, 247, 165, 130, 112, 301, 143, 332, 132, 11, 176, 349, 8, 131, 5, 362, 426, 301, 143, 127, 68, 36, 472, 109, 253, 169, 332, 132, 11, 176, 349, 8, 131, 5, 362, 426, 301, 143, 127, 68, 36, 472, 109, 253, 169, 198, 211, 48, 349, 277, 393, 88, 392, 130, 112, 406, 159, 334, 15, 474, 187, 104, 5, 27, 440, 170, 262, 212, 193, 333, 63, 10, 171, 26, 454, 85, 179, 253, 184, 147, 458, 7, 77, 451, 187, 74, 414, 463, 326, 401, 180, 37, 327, 91, 317, 100, 219]
Tree:
None
Fitness on 5000 data:
-6.254762425435415

Fitness:
-5.965737932240615