Generation:
500

Phenotype:
p1wins = uniform([16, 3], 3);
skill1 = 22 * 0 + gm([8.5, 19, 10]);
skill2 = bern(0.8)  - gm([16, 1, 4]);;

Genotype:
[60, 263, 352, 61, 347, 84, 264, 70, 202, 352, 362, 310, 395, 390, 63, 210, 448, 497, 341, 208, 248, 72, 213, 256, 193, 194, 193, 196, 19, 248, 72, 213, 298, 15, 112, 464, 12, 379, 178, 54, 189, 98, 56, 233, 380, 1, 332, 35, 463, 410, 472, 215, 433, 251, 87, 463, 319, 472, 21, 462, 432, 23, 141, 392, 393, 118, 329, 354, 41, 210, 329, 389, 0, 418, 252, 480, 311, 222, 222, 300, 316, 315, 348, 289, 293, 50, 53, 228, 142, 14, 404, 259, 305, 427, 1]
Tree:
None
Fitness on 5000 data:
-7.1984306008817

Fitness:
-6.3546341952864465