Generation:
500

Phenotype:
w = gm([27.9, 6, 2], [0, 18, 18]) + v;
v = 1  * gm([26, 4.5, 3]) + 6;
u = bern(0.2);;

Genotype:
[490, 61, 258, 111, 365, 46, 450, 169, 75, 157, 368, 368, 388, 285, 398, 467, 174, 188, 186, 216, 452, 26, 80, 84, 104, 394, 206, 186, 40, 34, 154, 125, 365, 46, 96, 336, 85, 407, 481, 104, 96, 386, 108, 161, 285, 156, 14, 417, 108, 93, 479, 469, 357, 481, 222, 96, 386, 108, 161, 222, 450, 386, 108, 380, 285, 222, 14, 417, 113, 84, 75, 157, 394, 206, 186, 285, 398, 377, 174, 96, 336, 222, 450, 386, 108, 84, 75, 168, 258, 391, 40, 34, 154, 159, 365, 441, 141, 336, 215, 303, 58, 246, 189]
Tree:
None
Fitness on 5000 data:
-5.497089407039424

Fitness:
-4.9202737360143445