Generation:
500

Phenotype:
skill1 = uniform([12, 16.2], 1); 
skill2 = uniform([30, 15.6], 1)  - 17; 
p1wins = 30 * 13;
p1wins = bern(0.2);;

Genotype:
[189, 132, 3, 490, 198, 435, 357, 181, 448, 404, 138, 494, 371, 371, 263, 374, 296, 191, 444, 389, 348, 308, 319, 278, 447, 195, 484, 346, 14, 339, 114, 175, 487, 202, 494, 371, 275, 299, 237, 113, 10, 296, 191, 445, 389, 348, 279, 125, 278, 187, 195, 404, 346, 14, 14, 339, 114, 233, 435, 470, 382, 419, 355, 204, 62, 226, 301, 216, 341, 132, 151, 92, 460, 386, 348, 232, 459, 288, 380, 172, 242, 143, 162, 55, 228, 405, 260, 375, 47, 228, 280, 338, 148, 328, 407, 146, 193, 214, 50, 204, 27, 99, 289, 287, 278, 443, 24, 483, 340, 364, 342, 400, 157, 404, 346, 14, 14, 339, 114, 233, 435, 470, 382, 419, 355, 204, 62, 226, 301, 216, 341, 132, 151, 92, 460, 386, 348, 232, 459, 288, 380, 172, 242, 143, 162, 55, 228, 405, 260, 375, 47, 228, 280, 338, 148, 328, 407, 146, 193, 214, 50, 204, 27, 99, 289, 287, 278, 443, 24, 483, 340, 364, 342, 400, 157, 123, 325, 481, 459, 124, 355, 101]
Tree:
None
Fitness on 5000 data:
-6.114915009658009

Fitness:
-5.786497811250572