Generation:
500

Phenotype:
skill1 = 27 * 27  - cond; 
skill2 = 2  * uniform([2, 5], 3) + uniform([7, 9], 3); 
p1wins = 0  * skill2 + bern(0.3);
skill1 = uniform([25, 8], 1)  - 2  * uniform([2, 5], 3);
cond = 2  * uniform([29, 5], 3) + bern(0.6);;

Genotype:
[423, 20, 14, 487, 120, 89, 72, 484, 151, 424, 310, 405, 414, 2, 8, 445, 22, 276, 190, 317, 18, 80, 434, 103, 379, 217, 72, 37, 165, 427, 74, 263, 158, 239, 120, 35, 135, 442, 56, 436, 151, 424, 310, 405, 414, 2, 8, 445, 22, 276, 190, 483, 255, 424, 310, 405, 414, 494, 8, 445, 22, 276, 263, 158, 239, 120, 448, 383, 388, 185, 457, 396, 282, 465, 474, 238, 17, 424, 310, 405, 414, 313, 8, 133, 173, 276, 266, 317, 18, 80, 24, 103, 379, 217, 72, 484, 165, 276, 190, 317, 18, 394, 443, 15, 353, 226, 353, 141, 389, 185, 457, 396, 280, 465, 474, 238, 17, 424, 310, 405, 379, 217, 72, 484, 165, 276, 190, 317, 18, 80, 24, 103, 379, 390, 374, 165, 212, 314, 16, 91, 183, 101, 94, 86, 294, 256, 199, 83, 439, 28, 159, 95, 234, 339, 394, 443, 15, 353, 226, 353, 141, 389, 48, 448, 362, 20, 98]
Tree:
None
Fitness on 5000 data:
-6.344677436975621

Fitness:
-5.714971647826121