Generation:
500

Phenotype:
u = bern(0.3)  - v; 
v = 5  * gm([26.2, 7, 3])  - 1; 
w = bern(0.8) + gm([29, 6, 3.1]);
v = 3  * bern(0.6) + gm([2, 8, 1]);;

Genotype:
[41, 143, 432, 243, 146, 0, 108, 496, 161, 226, 470, 241, 498, 45, 243, 415, 440, 286, 162, 34, 311, 34, 466, 379, 435, 459, 52, 63, 241, 268, 302, 339, 34, 440, 379, 499, 0, 381, 302, 473, 55, 466, 31, 96, 167, 14, 33, 465, 162, 34, 498, 34, 473, 34, 466, 379, 96, 167, 408, 33, 465, 24, 422, 207, 14, 472, 474, 466, 459, 162, 302, 473, 34, 403, 119, 232, 417, 153, 323, 185, 365, 448]
Tree:
None
Fitness on 5000 data:
-5.366096176407332

Fitness:
-4.805980341801221