Generation:
500

Phenotype:
mu = 29  * uniform([21, 3], 3) + 21  * uniform([25, 23.9], 3);
sigma = 21  - 24  * gm([17.5, 18, 3.6]);
mu = 7 * 23;
sigma = 0  * uniform([22, 5], 1);
sigma = 6;
mu = x  - 28;
sigma = 21  * gm([24, 7.4, 10.1]);
x = uniform([25, 2], 4);
x = uniform([11, 24.9], 2);
mu = uniform([5, 9], 1) + 10;
x = 3  * uniform([3, 9.1], 1);
sigma = gm([21, 2, 2]);

Genotype:
[154, 193, 370, 290, 177, 370, 193, 370, 290, 238, 28, 245, 494, 334, 393, 335, 87, 69, 209, 26, 222, 302, 450, 28, 245, 494, 334, 393, 238, 396, 217, 238, 103, 296, 238, 396, 49, 379, 282, 221, 10, 378, 404, 456, 444, 335, 87, 69, 209, 118, 248, 433, 399, 1, 434, 404, 456, 238, 103, 296, 238, 396, 49, 379, 282, 221, 10, 378, 404, 456, 444, 335, 315, 222, 35, 476, 28, 245, 494, 192, 393, 238, 396, 217, 238, 103, 296, 238, 396, 49, 379, 282, 221, 10, 378, 404, 456, 444, 335, 87, 69, 209, 118, 248, 433, 399, 1, 434, 288, 233, 315, 222, 140, 476, 35, 396, 260, 477, 430, 372, 234, 217, 396, 227, 315, 150, 35, 28, 359, 494, 475, 35, 256, 47, 419, 147, 352, 65, 413, 282, 13, 40, 378, 404, 456, 492, 230, 292, 468, 27, 25, 360, 238, 269, 296, 312, 476, 95, 222, 238, 450, 450, 28, 230, 430, 444, 335, 87, 147, 352, 65, 413, 282, 13, 40, 378, 404, 456, 492, 230, 292, 468, 27, 25, 360, 238, 269, 296, 312, 476, 95, 222, 238, 450, 450, 28, 230, 430, 444, 335, 87, 69, 456, 492, 230, 18, 430, 465, 234, 217, 396, 238, 396, 217, 401, 26, 222, 302, 450, 28, 245, 494, 334, 393, 238, 396, 217, 238, 103, 335, 87, 69, 209, 118, 248, 433, 399, 1, 434, 288, 233, 315, 248, 433, 399, 1, 434, 288, 233, 315, 222, 35, 476, 35, 396, 260, 477, 430, 372, 234, 217, 396, 227, 315, 150, 222, 302, 450, 28, 245, 494, 334, 393, 238, 396, 217, 238, 103, 296, 238, 396, 49, 379, 282, 221, 10, 378, 404, 456, 444, 335, 87, 222, 290, 326, 35, 8, 238, 396, 82, 238, 396, 118, 248, 433, 399, 1, 434, 288, 381, 315, 222, 315, 222, 35, 28, 359, 494, 411, 35, 430, 47, 419, 195, 352, 222, 272, 282, 13, 40, 56, 143, 87, 492, 230, 292, 468, 27, 25, 360, 296, 315, 222, 35, 476, 138, 251, 158, 448, 231, 478, 217, 238, 396, 296, 315, 222, 35, 28, 359, 368, 411, 35, 430, 473, 449, 222, 468, 231, 25, 360, 238, 396, 81, 315, 222, 222, 315, 222, 222, 290, 326, 35, 8, 238, 396, 82, 217, 396, 296, 315, 222, 323, 251, 222, 290, 282, 217, 238, 396, 296, 315, 222, 35, 476, 206, 251, 158, 448, 155, 40, 266, 444, 87, 492, 209, 292, 468, 231, 25, 35, 476, 217, 238, 396, 91, 315, 82, 217, 212, 396, 296, 315, 222, 35, 476, 217, 238, 396, 296, 315, 222, 35, 476, 206, 243, 494, 411, 35, 323, 9, 400, 455, 482, 494, 99, 92, 259, 245, 408, 318, 290, 424, 273, 279, 200, 492, 302]
Tree:
None
Fitness on 5000 data:
-7.327600782308075

Fitness:
-7.296914330597274