Generation:
500

Phenotype:
a = 30  * a  - a; 
b = gm([15, 3, 5]) + 30  * b; 
a = gm([23.4, 29.5, 1])  - uniform([27, 3], 2);;

Genotype:
[210, 266, 136, 61, 39, 198, 207, 240, 214, 358, 447, 469, 412, 442, 449, 60, 127, 372, 36, 121, 123, 333, 59, 123, 120, 276, 40, 203, 249, 157, 60, 447, 333, 300, 123, 494, 499, 254, 218, 249, 53, 89, 104, 191, 249, 249, 442, 449, 60, 127, 372, 36, 121, 447, 333, 267, 174, 214, 358, 447, 469, 72, 450, 54, 60, 288, 19, 197, 44, 344, 123, 120, 254, 355, 403, 303, 109, 353, 380, 303, 109, 353, 382, 36, 416, 268, 149, 137, 349, 302, 175, 131, 194, 152, 19]
Tree:
None
Fitness on 5000 data:
-5.660434294446758

Fitness:
-4.9503899108053835