Generation:
500

Phenotype:
skill1 = uniform([18, 1.6], 1) + 25 * 15; 
skill2 = 1  * gm([28.7, 23, 5]);
cond = 23 * 25  - 7  * bern(0.7);
cond = 18  * uniform([19, 2], 2);
skill1 = uniform([1, 15.6], 1) + 10 * 1; 
if uniform([17, 7], 3) + 8 * gm([10.2, 12, 16]) + gm([14, 20, 13]) < 23 { 
  p1wins = 1;
 } else { 
   p1wins = 0; 
 } end if;

Genotype:
[71, 451, 435, 434, 452, 227, 1, 293, 452, 356, 267, 459, 325, 348, 259, 1, 293, 452, 481, 28, 168, 100, 147, 168, 222, 386, 434, 452, 227, 392, 443, 15, 54, 459, 325, 348, 259, 204, 293, 452, 481, 147, 168, 100, 80, 62, 391, 72, 370, 233, 204, 146, 45, 460, 268, 402, 154, 311, 111, 170, 365, 84, 62, 391, 72, 435, 233, 361, 146, 410, 17, 268, 402, 154, 311, 111, 101, 417, 62, 391, 72, 370, 298, 322, 62, 357, 396, 370, 233, 204, 146, 45, 460, 268, 402, 168, 100, 147, 461, 434, 452, 227, 392, 443, 431, 54, 459]
Tree:
None
Fitness on 5000 data:
-6.176671756508636

Fitness:
-5.986622669259541