Generation:
500

Phenotype:
preplevel = damage + gm([0.6, 0, 0], [0.2, 1, 0], [0.4, 2, 0]); 
  if preplevel == 2 { 
       damage = gm([0.9, 0, 0], [0.1, 1, 0]); 
 } else { 
       if gm([0.5, 0, 0], [0.4, 1, 0]) > 2 { 
             damage = 4 + gm([0.4, 0, 0], [0.2, 1, 0]); 
       } else { 
             damage = gm([0.1, 0, 0], [0.8, 1, 0]); 
       } end if; 
 } end if;

Genotype:
[17, 51, 194, 12, 189, 90, 415, 417, 257, 379, 84, 190, 222, 262, 12, 84, 190, 239, 262, 422, 198, 403, 244, 314, 222, 310, 345, 415, 417, 257, 379, 84, 190, 222, 262, 12, 163, 440, 32, 106, 414, 198, 403, 239, 262, 59, 198, 403, 244, 314, 222, 310, 369, 44, 198, 487, 163, 440, 16, 458, 151, 325, 244, 222, 402, 415, 417, 257, 224, 310, 294, 163, 239, 72, 26, 451, 410, 422, 499, 298, 126, 88, 322, 26, 451, 410, 422, 499, 298, 126, 88, 139, 137, 344, 176, 473, 237, 218, 78, 499, 298, 177, 88, 139, 104, 191, 103, 200, 281, 73, 258, 477, 75, 385]
Tree:
None
Fitness on 5000 data:
-1.6158378130054887

Fitness:
-1.3106177484866368