Generation:
500

Phenotype:
skill1 = uniform([10, 19.5], 1); 
skill2 = 16 * 8  - 4  * uniform([25, 4], 1); 
if 9 * skill2 + p1wins + gm([4, 15, 4.6]) >= 18 { 
  p1wins = bern(0.6);
 } else { 
  p1wins = uniform([23, 7.1], 1); 
 } end if;

Genotype:
[326, 222, 330, 50, 227, 437, 422, 139, 172, 269, 239, 143, 295, 287, 205, 66, 266, 149, 168, 381, 108, 347, 347, 305, 381, 108, 193, 101, 296, 468, 407, 328, 260, 205, 66, 204, 66, 246, 325, 311, 66, 266, 66, 266, 363, 189, 43, 329, 222, 276, 50, 178, 433, 410, 459, 380, 8, 394, 128, 387, 346, 387, 181, 272, 158, 172, 321, 221, 492, 29, 422, 72, 108, 347, 266, 101, 296, 23, 38, 189, 49, 329, 222, 397, 221, 266, 149, 168, 207, 108, 347, 347, 101, 296, 185, 173, 294, 368, 414, 97, 433, 235, 307, 427, 6, 388, 425, 76, 90, 105, 190, 239, 401, 213, 38, 439, 400, 222, 279, 325, 347, 66, 266, 227, 437, 422, 139, 172, 47, 239, 143, 295, 287, 205, 66, 266, 149, 168, 381, 108, 347, 347, 419, 227, 189, 43, 329, 222, 397, 215, 244, 251, 346, 38, 374, 373, 356, 483, 347, 101, 296, 23, 407, 196, 287, 205, 66, 266, 143, 320, 293, 149, 168, 397, 143, 41, 101, 356, 483, 347, 101, 296, 23, 407, 234, 287, 205, 66, 266, 66, 279, 325, 347, 66, 266, 347, 101, 296, 23, 407, 234, 287, 197, 66, 266, 66, 280, 325, 347, 66, 266, 363, 227, 189, 43, 329, 227, 347, 347, 397, 221, 287, 205, 139, 172, 101, 266, 66, 266, 353, 189, 23, 407, 234, 227, 178, 433, 87, 459, 188, 380, 8, 394, 128, 27, 346, 387, 167, 55, 289, 296, 468, 407, 328, 260, 205, 66, 204, 66, 246, 325, 311, 66, 266, 66, 266, 363, 189, 43, 329, 222, 276, 50, 178, 433, 87, 229, 380, 8, 394, 128, 387, 346, 387, 181, 272, 158, 172, 321, 221, 492, 29, 422, 72, 172, 156, 23, 397, 426, 41, 118, 451, 177, 426, 480, 436, 278, 113, 268, 17, 23, 329, 222, 276, 50, 178, 433, 87, 188, 380, 8, 394, 128, 387, 346, 387, 167, 55, 289, 402, 483, 347, 101, 296, 23, 397, 426, 41, 43, 451, 177, 454, 326, 436, 278, 189, 43, 329, 222, 276, 182, 178, 433, 104, 117, 334, 335, 359, 87, 188, 380, 8, 402, 128, 387, 346, 387, 181, 272, 158, 86, 493, 169, 468, 199, 111, 0, 144, 207, 36, 333, 371, 288, 466, 302, 40, 42, 435, 27, 479, 481, 400, 28, 312, 200, 185, 173, 294, 368, 414, 97, 433, 235, 307, 427, 6, 388, 425, 76, 90, 105, 190, 239, 401, 213, 370, 389, 256, 451, 236, 295, 448, 397, 426, 41, 43, 257, 177, 454, 326, 436, 278, 189, 459, 329, 222, 65, 210, 401, 182, 178, 433, 104, 117, 334, 335, 359, 87, 188, 380, 8, 402, 128, 387, 346, 387, 181, 272, 158, 86, 493, 169, 468, 199, 438, 223, 215, 53, 497, 81, 81, 104, 421, 272, 371, 223, 367, 470, 75, 227, 122, 374, 471, 340, 2, 434, 111, 84, 146, 299, 494, 142, 269, 432, 23, 229, 288, 214, 105, 138, 487, 17, 47, 249, 433, 143, 360, 211, 418, 389, 408, 413, 99, 268, 257, 185, 32, 144, 203, 28, 215, 45, 214, 478, 293, 203, 275, 421, 179]
Tree:
None
Fitness on 5000 data:
-6.438399725462291

Fitness:
-6.231819579837865