Generation:
500

Phenotype:
skill1 = bern(0.8);
skill2 = gm([6.2, 20.3, 2], [17.2, 21, 4.1])  - bern(0.8);
skill2 = skill2  - 11  * p1wins;
skill1 = uniform([10, 8.5], 4) + 1  * gm([15, 7, 4]);
p1wins = bern(0.3);;

Genotype:
[364, 248, 484, 182, 168, 303, 432, 3, 151, 2, 50, 456, 73, 242, 234, 113, 19, 83, 471, 316, 357, 423, 497, 258, 157, 90, 181, 327, 325, 232, 300, 39, 128, 117, 411, 391, 115, 226, 410, 11, 190, 86, 117, 372, 307, 331, 135, 184, 11, 456, 132, 138, 226, 465, 90, 10, 273, 225, 418, 163, 376, 466, 17, 336, 124, 15, 12, 379, 424, 376, 426, 410, 421, 290, 342, 3, 151, 371, 50, 162, 217, 242, 284, 113, 19, 83, 283, 413, 357, 287, 236, 258, 465, 90, 181, 327, 261, 232, 172, 39, 139, 117, 372, 359, 115, 148, 410, 488, 15, 414, 177, 424, 363, 6, 210, 421, 290, 2, 311, 252, 336, 480, 54, 488, 267, 244, 168, 195, 10, 273, 308, 252, 142, 487, 14, 409, 20, 181, 68, 239, 188, 206, 116]
Tree:
None
Fitness on 5000 data:
-5.918860852696729

Fitness:
-5.921073675477552