Generation:
500

Phenotype:
skill1 = uniform([4, 24.5], 1);
p1wins = 21 * 8;
p1wins = bern(0.6);
skill2 = skill1;
skill2 = uniform([13, 21.2], 3)  - uniform([4, 24.5], 1);
p1wins = 12  * uniform([15, 7.7], 1)  - 11  * uniform([13, 4.8], 1);
p1wins = uniform([5, 5.2], 4) + 13;;

Genotype:
[124, 278, 32, 431, 321, 282, 108, 302, 128, 181, 24, 490, 16, 461, 170, 461, 170, 399, 479, 347, 207, 411, 194, 294, 455, 326, 285, 192, 311, 437, 314, 342, 429, 232, 84, 429, 232, 75, 353, 112, 279, 238, 41, 240, 354, 416, 231, 238, 415, 282, 108, 302, 128, 181, 24, 490, 492, 461, 170, 399, 221, 347, 274, 43, 194, 294, 455, 286, 285, 192, 319, 476, 122, 447, 75, 469, 97, 156, 492, 194, 27, 200, 355, 60, 314, 36, 109, 346, 19, 347, 425, 232, 75, 353, 193, 156, 238, 41, 240, 354, 416, 231, 238, 321, 282, 108, 302, 128, 181, 24, 490, 492, 461, 170, 292, 479, 347, 274, 292, 194, 294, 455, 96, 285, 192, 319, 419, 122, 192, 75, 395, 492, 141, 394, 122, 401, 405, 72, 319, 201, 348, 120, 458, 279, 377, 255, 391, 215]
Tree:
None
Fitness on 5000 data:
-7.806682985985012

Fitness:
-7.6016407950724165