Generation:
500

Phenotype:
u = u + bern(0.2); 
 v = bern(0.8); 
 w = x + bern(0.1); 
 x = u + w; 
 x = bern(0.7);

Genotype:
[141, 202, 44, 110, 240, 204, 333, 280, 465, 490, 25, 232, 193, 388, 240, 163, 288, 455, 450, 364, 32, 434, 456, 240, 204, 266, 100, 196, 109, 223, 57, 106, 17, 6, 204, 437, 404, 223, 280, 223, 57, 106, 17, 6, 204, 437, 404, 223, 355, 113, 162, 323, 151, 237, 11, 72, 131, 309, 377, 222, 245, 70, 241, 8, 158, 229, 298, 119, 97, 9, 152, 395, 329, 416, 111, 266, 32, 220, 339, 239, 143, 29, 48, 207, 172, 407, 287, 8, 173, 223, 439, 290, 148, 364, 124, 81, 64, 443, 135, 93, 23, 455, 226, 419, 370, 276, 343, 175, 54, 382, 435, 123, 427, 118, 239, 341, 347, 435, 94]
Tree:
None
Fitness on 5000 data:
-2.198302194771115

Fitness:
-1.696734436147789