Generation:
500

Phenotype:
if skill1 == 19 { 
   skill1 = 4 * 13;
  p1wins = uniform([14, 4.2], 4)  - p1wins;
  skill2 = uniform([9, 1], 4); 
 } else { 
   skill2 = 21  * uniform([22, 10.7], 1) + uniform([19, 19.3], 1);
  skill2 = gm([23, 0, 4], [2, 0, 24], [0, 3.2, 19]);
  p1wins = 0 * 2 + skill1; 
 } end if;
p1wins = gm([19.4, 19, 1], [0.4, 29.8, 25]) + 2  * bern(0.2);
skill1 = 3  * uniform([9, 6], 3)  - 16;;

Genotype:
[22, 314, 367, 300, 396, 266, 453, 394, 332, 264, 300, 234, 266, 125, 128, 106, 264, 160, 323, 425, 495, 358, 293, 75, 345, 82, 99, 297, 116, 173, 156, 204, 98, 334, 300, 396, 286, 474, 336, 360, 491, 436, 428, 486, 484, 319, 346, 145, 6, 425, 495, 196, 231, 316, 465, 82, 453, 297, 484, 173, 156, 204, 98, 334, 300, 396, 425, 495, 358, 457, 316, 465, 82, 376, 297, 116, 188, 156, 62, 98, 334, 300, 396, 93, 263, 344, 262, 264, 484, 444, 428, 166, 2, 85, 320, 267, 434, 250, 264, 484, 444, 428, 252, 414, 299, 127, 300, 237, 389, 391, 453, 453, 52, 329, 192, 435, 46, 449, 62, 246, 443, 277, 331, 468, 428, 166, 2, 219, 109, 267, 434, 198, 414, 41, 496, 375, 474, 288, 264, 491, 42, 428, 486, 78, 319, 346, 145, 441, 425, 111, 358, 293, 316, 465, 82, 478, 297, 116, 63, 156, 204, 104, 478, 299, 294, 434, 473, 165, 62, 252, 50, 299, 127, 300, 82, 389, 391, 382, 127, 52, 329, 203, 435, 46, 336, 78, 319, 346, 300, 499, 192, 200, 161, 51, 459, 101, 462, 477, 259, 266, 347, 300, 150, 114, 127, 269, 329, 192, 106, 46, 56, 446, 121, 278, 267, 437]
Tree:
None
Fitness on 5000 data:
-6.787820893527933

Fitness:
-6.683838018903557