Generation:
500

Phenotype:
mu = 28  - 3  * x;
sigma = 3  * x;
sigma = 30  * sigma;
mu = gm([23.3, 21.8, 17], [17, 3, 15.5]);
mu = 8  * uniform([1, 2.6], 1) + sigma;
sigma = gm([12.4, 2.5, 2.2]);
x = sigma + gm([2.1, 18.5, 3.6], [3.8, 19.7, 4.2]);

Genotype:
[492, 449, 100, 423, 63, 281, 86, 216, 338, 283, 3, 27, 302, 113, 204, 162, 115, 96, 328, 3, 468, 302, 113, 150, 339, 115, 96, 328, 309, 216, 289, 212, 414, 168, 462, 423, 12, 274, 235, 457, 457, 281, 163, 52, 34, 100, 48, 12, 142, 79, 128, 282, 9, 449, 337, 187, 252, 274, 108, 466, 244, 473, 446, 156, 187, 405, 185, 204, 375, 132, 343, 274, 67, 235, 132, 108, 85, 176, 471, 446, 156, 187, 405, 274, 267, 374, 262, 312, 274, 316, 296, 7, 345, 480, 187, 405, 394, 267, 237, 498, 423, 159, 328, 319, 377, 375, 437, 302, 375, 34, 97, 61, 267, 375, 187, 252, 289, 108, 466, 244, 195, 446, 156, 187, 405, 274, 204, 375, 132, 343, 274, 67, 235, 132, 108, 85, 244, 471, 446, 156, 187, 405, 274, 267, 375, 262, 312, 274, 316, 296, 7, 345, 480, 187, 405, 394, 267, 237, 498, 423, 159, 328, 319, 377, 375, 437, 302, 375, 34, 212, 61, 267, 375, 262, 312, 274, 316, 296, 7, 345, 480, 187, 405, 394, 267, 237, 484, 423, 159, 328, 319, 377, 375, 437, 302, 375, 34, 212, 61, 170, 142, 79, 128, 237, 76, 126, 162, 488, 225, 465, 142, 328, 372, 320, 327, 200, 252, 250, 131, 81, 89, 379, 301, 379, 224, 133, 341, 197, 156, 422, 91, 39, 356, 140, 307, 72, 336, 414, 295, 162, 371, 314, 22, 420, 252, 440, 197, 356, 140, 237, 279, 441, 11, 310, 466, 52]
Tree:
None
Fitness on 5000 data:
-7.417993674486383

Fitness:
-7.381347238974427