Generation:
500

Phenotype:
skill1 = 12  * p1wins + gm([4, 25, 3.6], [7.7, 20, 6], [8.6, 22, 2]); 
skill2 = gm([14, 22, 4])  - p1wins; 
if skill2 + 19 * bern(0.4) <= 4 { 
  p1wins = 6 * 29  - gm([3.4, 3.8, 3.2]);
 } else { 
  p1wins = 2  * p1wins + bern(0.5); 
 } end if;

Genotype:
[119, 490, 490, 198, 428, 71, 72, 93, 57, 128, 97, 72, 459, 293, 344, 266, 401, 103, 162, 321, 186, 485, 488, 254, 124, 381, 318, 194, 84, 456, 456, 95, 344, 327, 401, 132, 308, 293, 344, 208, 406, 190, 438, 256, 353, 369, 337, 276, 404, 325, 124, 109, 81, 203, 336, 321, 283, 176, 491, 299, 223, 339, 18, 217, 162, 297, 65, 192, 81, 468, 268, 163, 220, 244, 277, 265, 467, 240, 122, 93, 343, 355, 368, 321, 283, 221, 121, 68, 407, 105, 331, 97, 36, 204, 144, 302, 184, 268, 163, 294, 244, 277, 265, 412, 298, 271, 91, 307, 131, 309, 167, 52, 360, 63, 265, 328, 321, 190, 245, 149, 257, 101, 234, 146, 364, 298, 43, 85, 153, 478, 444, 432, 438, 487, 38, 315, 405, 214, 195, 120, 144, 167, 25, 145, 195, 264, 436, 101, 421, 94, 439, 446, 215, 68, 493, 339, 367, 44, 417, 339, 417, 253, 361, 105, 215]
Tree:
None
Fitness on 5000 data:
-6.734812113910289

Fitness:
-6.247979103211776