Generation:
500

Phenotype:
skill1 = gm([6, 17.7, 2], [6, 19, 6])  - 14  * skill2; 
skill2 = 26  - gm([1.8, 13, 12.6], [30.7, 4, 5]); 
if p1wins != 21 { 
  p1wins = bern(0.6);
 } else { 
  p1wins = uniform([15, 3], 1); 
 } end if;

Genotype:
[186, 155, 54, 457, 461, 420, 378, 127, 79, 312, 34, 2, 136, 214, 161, 0, 298, 436, 378, 253, 169, 312, 34, 2, 155, 492, 429, 99, 441, 211, 193, 1, 358, 434, 106, 409, 136, 50, 276, 417, 216, 303, 242, 221, 248, 253, 408, 5, 53, 393, 57, 81, 31, 464, 333, 24, 494, 387, 2, 155, 492, 429, 99, 441, 211, 193, 1, 358, 434, 106, 409, 280, 50, 276, 417, 216, 303, 242, 221, 248, 253, 57, 81, 31, 464, 333, 464, 333, 354, 104, 315, 449, 377, 90, 425, 172, 436, 378, 127, 169, 312, 34, 2, 260, 166, 269, 99, 142, 418, 57, 80, 79, 381, 306, 47, 283, 303, 242, 221, 248, 253, 408, 126, 378, 127, 221, 248, 302, 349, 256, 284, 267, 64, 168, 48, 82, 319, 205, 388, 214, 124, 183, 286, 172, 209, 314, 346, 244, 389, 275, 206, 182, 357, 242, 469, 128, 138, 142, 418, 57, 80, 79, 381, 99, 33, 248, 488, 62]
Tree:
None
Fitness on 5000 data:
-6.624169923255038

Fitness:
-6.374462531966624