Generation:
500

Phenotype:
u = gm([29, 0.5, 18]); 
v = 9 + gm([20, 0.5, 2]); 
w = 1  * uniform([13, 1], 3) + 27  * u;
u = bern(0.1);
w = gm([23.5, 6, 3]);;

Genotype:
[331, 195, 162, 313, 392, 438, 184, 1, 372, 292, 270, 204, 319, 32, 230, 226, 351, 237, 104, 58, 237, 1, 372, 292, 156, 95, 319, 319, 32, 230, 230, 230, 486, 182, 58, 213, 16, 78, 227, 134, 192, 468, 132, 276, 431, 315, 345, 194, 83, 230, 141, 351, 237, 58, 237, 457, 247, 58, 471, 16, 344, 338, 132, 227, 134, 192, 112, 52, 285, 45, 329, 479, 394, 308, 153, 416, 186, 436, 312, 31, 62, 418, 414, 477, 325, 130, 292, 205, 89, 455, 98, 218, 354, 148, 459, 144, 196, 83, 33, 146, 193, 299, 446, 259, 28, 434, 90, 323, 452, 12, 61, 479, 80, 102, 448, 84, 300, 282, 30, 459, 42, 170, 194, 320, 235, 215, 345, 452, 149, 294, 473, 447, 454, 131, 419, 204, 424, 472, 447, 177, 52, 263, 64, 327, 195, 15, 256, 47, 90, 74, 246, 125, 245, 494, 143, 331, 440, 106, 474, 195, 276, 343, 177, 92, 201, 224, 225, 465, 386, 147, 227, 320, 34, 65, 278, 223, 321, 454, 421, 442, 486, 327, 356, 212, 453, 401, 332, 19, 9, 154, 374, 476, 489, 326, 182, 248, 98, 281, 281, 75, 98, 181, 239, 39, 65, 194, 50, 495]
Tree:
None
Fitness on 5000 data:
-5.184045111225938

Fitness:
-5.00325351383755