Generation:
500

Phenotype:
u = bern(0.3); 
v = uniform([0, 7.6], 3); 
w = 25  - uniform([14, 8.9], 1);
v = uniform([6, 7], 1)  - bern(0.2);;

Genotype:
[28, 0, 180, 135, 146, 462, 273, 406, 434, 255, 379, 167, 278, 383, 254, 292, 459, 243, 18, 355, 23, 39, 116, 216, 216, 114, 9, 409, 470, 114, 434, 254, 216, 114, 92, 363, 355, 361, 39, 116, 216, 216, 114, 404, 331, 470, 172, 434, 254, 216, 114, 92, 363, 80, 156, 355, 361, 39, 116, 216, 216, 114, 404, 331, 470, 72, 434, 278, 383, 254, 292, 459, 243, 18, 355, 67, 39, 116, 216, 216, 114, 404, 331, 470, 72, 434, 254, 216, 114, 92, 114, 18, 355, 241, 217, 441, 278, 383, 254, 292, 459, 243, 216, 345, 384, 289, 470, 255, 434, 374, 229, 116, 22, 216, 478, 289, 419, 306, 425, 171, 346, 205, 378, 63, 238, 25, 359, 463, 71, 427, 367, 334, 281, 429, 234, 357, 328, 254, 188, 495, 137, 131, 200, 129, 288, 27, 295, 445, 393, 409, 323, 482, 66, 449, 354, 454, 400, 288, 27, 295, 445, 382, 462, 457, 489, 376, 55, 471, 21, 66, 449, 354, 454, 400, 90, 358, 480, 221, 323, 489, 152, 113, 89, 180, 432, 84, 59, 431, 44, 141, 398, 182, 478, 179, 197, 112, 67, 433, 350, 473, 174, 487, 347, 398, 177, 305, 473, 407, 499, 192, 200, 269, 339, 425, 117, 342, 471, 159, 217, 371, 469, 39, 418, 378, 478, 123, 268, 123, 47, 299, 307, 188, 167, 128, 442, 452, 8, 194, 465, 132, 339, 125, 469, 90, 18, 8, 60]
Tree:
None
Fitness on 5000 data:
-5.022394767117178

Fitness:
-4.62468412904872