Generation:
500

Phenotype:
burglary = johncalls + alarm;
earthquake = 0 + burglary;
burglary = burglary + 0;
johncalls = 0  - 1;
johncalls = alarm;

Genotype:
[68, 58, 68, 7, 132, 166, 412, 270, 263, 156, 310, 230, 228, 180, 369, 28, 279, 328, 72, 312, 376, 2, 300, 351, 28, 58, 68, 414, 224, 491, 28, 206, 244, 371, 416, 243, 96, 403, 223, 300, 128, 403, 7, 132, 166, 412, 270, 263, 206, 244, 418, 408, 405, 248, 41, 130, 401, 70, 492, 382, 400, 452, 299, 392, 308, 215, 232, 463, 253, 482, 224, 276, 70, 492, 492, 400, 452, 248, 41, 130, 401, 179, 300, 128, 120, 7, 132, 166, 412, 270, 263, 193, 310, 230, 228, 180, 369, 28, 279, 328, 72, 312, 376]
Tree:
None
Fitness on 5000 data:
-inf

Fitness:
0.0