Generation:
500

Phenotype:
earthquake = 0  - johncalls; 
  burglary = alarm  - 0; 
    if bern(0.3) + bern(0.6) > 1 { 
        if bern(0.1) + bern(0.9) < 0 { 
              alarm = bern(0.9); 
        } else { 
              alarm = 0; 
        } end if; 
  } else { 
        if bern(0.6) >= 0 { 
              alarm = 0; 
        } else { 
              alarm = burglary  - bern(0.9); 
        } end if; 
  } end if; 
    if bern(0.1) + bern(0.4) >= 0 { 
        johncalls = 0; 
  } else { 
        johncalls = 1  - alarm; 
  } end if;

Genotype:
[149, 365, 235, 470, 360, 198, 467, 449, 428, 270, 442, 443, 110, 39, 409, 385, 218, 92, 23, 149, 279, 343, 149, 279, 343, 360, 198, 5, 449, 304, 228, 399, 338, 91, 116, 297, 359, 354, 453, 108, 239, 248, 334, 464, 210, 473, 100, 365, 294, 426, 240, 128, 61, 116, 297, 359, 163, 405, 108, 239, 498, 334, 464, 210, 473, 100, 365, 47, 343, 218, 92, 414, 426, 240, 128, 61, 167, 428, 270, 442, 443, 110, 39, 360, 343, 218, 92, 155, 279, 343, 360, 238, 360, 343, 218, 92, 229, 163, 243, 330, 253, 210, 473, 100, 325, 294, 24, 36, 468, 402, 311, 110, 129, 414, 70, 240, 128, 61, 167, 371, 94, 288, 315, 273, 212, 331, 33, 446, 145, 137, 207, 337, 133, 197, 25, 426, 240, 128, 322, 41, 91, 116, 58, 359, 399, 338, 322, 41, 100, 325, 294, 250, 258, 0, 259, 229, 163, 243, 399, 335, 67, 83, 330, 253, 210, 473, 100, 325, 294, 24, 36, 468, 402, 311, 110, 129, 414, 47, 240, 128, 61, 167, 371, 94, 367, 309, 18, 242, 238, 460, 1, 160, 42, 397, 26, 151, 459, 387, 199, 0, 158, 125, 64, 96, 395, 56, 174, 334, 307, 17, 362, 457, 127, 206, 440, 320, 164, 397, 147, 60, 322, 41, 394, 448, 483, 178, 431, 80, 58, 185, 443, 229, 417, 56, 102, 324, 47, 445, 170, 94, 291, 207, 249, 288, 315, 273, 212, 331, 33, 446, 421, 137, 207, 444, 133, 197]
Tree:
None
Fitness on 5000 data:
-inf

Fitness:
2.2204460492503128e-16