Generation:
500

Phenotype:
a = gm([17.5, 0.8, 1.7])  - b; 
if a < 0 { 
  b = 3 * a + gm([1,0.,1.]); 
 } else { 
  b = gm([1,8.,1.]); 
 } end if;

Genotype:
[469, 288, 336, 136, 238, 308, 384, 43, 84, 131, 203, 256, 103, 248, 196, 257, 63, 267, 312, 93, 33, 227, 401, 451, 168, 182, 43, 451, 344, 343, 456, 8, 348, 238, 182, 357, 157, 63, 359, 348, 93, 335, 227, 401, 203, 209, 203, 401, 379, 351, 65, 469, 93, 335, 451, 244, 182, 384, 43, 84, 203, 401, 103, 248, 228, 451, 244, 493, 336, 451, 411, 384, 43, 336, 451, 45, 178, 412, 61, 386, 240, 43, 237, 371, 3, 336, 182, 371, 362, 336, 222, 490, 451, 360, 288, 111, 182, 142, 439, 240, 495, 55, 266, 151, 252, 336, 168, 272, 182, 142, 439, 240, 43, 160, 371, 362, 336, 182, 371, 362, 336, 222, 490, 451, 360, 288, 43, 401, 183, 182, 227, 371, 43, 160, 371, 466, 336, 451, 349, 182, 43, 63, 73, 495, 331, 391, 63, 73, 204, 93, 288, 77, 43, 481, 183, 267, 343, 456, 8, 348, 354, 495, 55, 266, 151, 252, 91, 131, 328, 73, 204, 93, 288, 390, 229, 456, 93, 288, 77, 412, 456, 410, 327, 495, 182, 15, 328, 162, 204, 252, 266, 59, 412, 456, 8, 81, 354]
Tree:
None
Fitness on 5000 data:
-3.7695293526115234

Fitness:
-3.386099956134652