Generation:
500

Phenotype:
if a != 1 { 
   b = 28  - 3;
  a = gm([18, 1, 2]); 
 } else { 
   b = a  - 28  * uniform([12, 25.1], 3); 
 } end if; 
if a < 0 { 
  b = 3 * a + gm([1,0.,1.]); 
 } else { 
  b = gm([1,8.,1.]); 
 } end if;

Genotype:
[154, 153, 223, 384, 498, 489, 32, 464, 58, 483, 99, 110, 224, 248, 462, 134, 384, 499, 87, 342, 266, 498, 489, 360, 55, 464, 58, 483, 266, 342, 338, 498, 489, 184, 160, 489, 416, 435, 171, 328, 427, 462, 134, 384, 179, 87, 342, 266, 498, 489, 360, 55, 464, 58, 483, 266, 342, 421, 498, 489, 156, 55, 88, 55, 464, 58, 483, 266, 342, 266, 55, 464, 489, 156, 55, 464, 106, 483, 110, 160, 249, 205, 146, 450, 478, 256, 422, 199, 2, 142, 426, 241, 352, 324, 321, 335, 354, 295, 488, 62, 378, 83, 99, 72, 395, 353, 354, 251]
Tree:
None
Fitness on 5000 data:
-3.790372968593151

Fitness:
-3.353554031091337