Generation:
500

Phenotype:
b = gm([12.7, 3, 6]);
a = gm([0.1, 20, 14], [15, 15, 0.8])  - uniform([10, 7], 1);;

Genotype:
[203, 125, 158, 416, 423, 420, 351, 370, 370, 297, 322, 321, 238, 499, 444, 223, 348, 124, 369, 348, 200, 369, 364, 229, 339, 93, 153, 304, 51, 436, 138, 492, 460, 418, 448, 356, 231, 62, 367, 189, 272, 351, 494, 348, 124, 369, 348, 200, 369, 364, 229, 379, 93, 153, 304, 56, 436, 344, 492, 392, 22, 146, 224, 356, 175, 351, 451, 224, 297, 322, 275, 383, 481, 59, 461, 463, 312, 193, 350, 437, 110, 447, 367, 196, 387, 125, 157, 216, 356, 231, 62, 271, 110, 95, 446, 260, 319, 308, 118, 71, 448, 482, 385, 168, 463, 312, 351, 451, 224, 324, 322, 292, 70, 479, 411, 37, 480, 322, 292, 70, 377, 411, 118, 229, 54, 451, 121, 87, 151, 189, 362, 409, 59, 95, 262, 371, 242, 298, 399, 191, 86, 398, 35, 385, 198, 392, 383, 481, 59, 461, 463, 312, 193, 350, 437, 110, 447, 312, 193, 146, 275, 79, 393, 146, 351, 322, 405, 324, 390, 292, 358, 333, 153, 304, 442, 436, 204, 446, 79, 22, 77, 351, 262, 86, 492, 7, 22, 146, 351, 472, 113, 243, 432, 241, 148, 445, 290, 447, 136, 71]
Tree:
None
Fitness on 5000 data:
-5.276927562423383

Fitness:
-5.214561437055369