Generation:
500

Phenotype:
mu = 15 * 14; 
sigma = gm([0.7, 0.6, 1]) + 2; 
x = gm([5, 24.5, 11.1], [1.6, 2.2, 18.4], [10.3, 25, 4]);
mu = 20  * uniform([4, 9.1], 1) + 15  * gm([21.8, 6, 29]);
mu = uniform([17, 8], 1);;

Genotype:
[7, 195, 464, 29, 77, 417, 40, 342, 304, 492, 261, 434, 303, 371, 496, 185, 142, 187, 389, 242, 33, 474, 90, 421, 175, 14, 408, 113, 396, 85, 177, 166, 477, 83, 229, 466, 86, 131, 188, 478, 95, 49, 363, 16, 67, 227, 371, 496, 149, 142, 314, 389, 468, 33, 474, 376, 214, 113, 437, 159, 49, 195, 405, 308, 436, 418, 154, 478, 213, 83, 223, 386, 6, 126, 29, 288, 250, 313, 222, 447, 300, 308, 17, 98, 178, 288, 168, 403, 189, 194, 324, 401, 17, 495, 324, 342, 304, 492, 21, 263, 303, 46, 46, 169, 154, 327, 486, 421, 175, 14, 408, 101, 396, 85, 177, 166, 477, 19, 229, 271, 252, 131, 188, 292, 95, 49, 363, 16, 67, 227, 371, 496, 149, 142, 239, 389, 143, 146, 169, 195, 331, 74, 13, 92, 257, 104, 383, 338, 349, 89, 380, 36, 407, 323, 349, 449, 471, 466, 123, 208, 150, 13, 236, 307, 170, 473, 24, 66, 20, 147, 223, 207, 72, 403, 178]
Tree:
None
Fitness on 5000 data:
-7.168979679233496

Fitness:
-6.889348485481339