Generation:
500

Phenotype:
skill2 = uniform([10, 17.2], 1);
skill1 = uniform([10, 17.2], 2);
if skill1-skill2 > 0 { 
  p1wins = 1.0;
 } else { 
   p1wins = 0.0; 
 } end if;

Genotype:
[178, 152, 462, 486, 205, 252, 186, 438, 196, 395, 48, 307, 48, 489, 408, 122, 408, 252, 186, 438, 196, 307, 48, 163, 489, 408, 122, 408, 252, 294, 438, 196, 307, 48, 489, 408, 122, 19, 19, 141, 19, 19, 408, 141, 456, 19, 43, 239, 214, 65, 492, 226, 61, 383, 174, 408, 19, 43, 130, 214, 65, 150, 382, 174, 340, 142, 459, 158, 146, 492, 329, 232, 477, 276, 100, 375, 368, 92, 84, 115, 310, 83, 291, 345, 328, 221, 74, 404, 116, 364, 127, 348, 201, 325, 364, 127, 329, 114, 477, 308, 100, 375, 368, 92, 84, 138, 310, 83, 291, 206, 300, 221, 74, 404, 325, 466]
Tree:
None
Fitness on 5000 data:
-6.12360120241596

Fitness:
-5.782916745851721