Generation:
500

Phenotype:
skill1 = 3  * uniform([1, 10.4], 1) + 2  * bern(0.1);
skill2 = 2  * uniform([19, 8.2], 1)  - 27;
if 29 * bern(0.5) > 13 { 
   skill1 = 8  * skill2  - 11  * gm([9.2, 10, 23], [26.1, 16, 7]); 
 } else { 
   p1wins = bern(0.2); 
 } end if;;

Genotype:
[93, 139, 44, 269, 492, 58, 343, 34, 462, 218, 377, 413, 39, 244, 364, 188, 343, 81, 148, 490, 418, 308, 394, 343, 62, 360, 387, 101, 343, 120, 296, 202, 430, 45, 497, 131, 492, 201, 184, 131, 121, 115, 261, 60, 122, 474, 45, 38, 46, 39, 216, 289, 394, 290, 45, 125, 77, 71, 460, 202, 382, 78, 457, 340, 3, 429, 153, 60, 202, 382, 286, 60, 122, 58, 80, 345, 162, 151, 487, 345, 162, 151, 487, 451, 382, 422, 492, 46, 270, 343, 62, 235, 387, 198, 343, 390, 296, 202, 430, 47, 497, 305, 492, 441, 184, 24, 121, 428, 133, 60, 122, 474, 492, 46, 393, 64, 235, 387, 382, 78, 380, 340, 3, 429, 301, 60, 202, 144, 286, 415, 232, 439, 394, 302, 109, 203, 52, 213, 202, 430, 45, 497, 305, 330, 441, 184, 24, 121, 428, 261, 60, 271, 474, 492, 46, 393, 276, 289, 394, 430, 45, 153, 77, 162, 121, 202, 382, 78, 394, 430, 301, 60, 122, 474, 80, 183, 162, 121, 487, 451, 382, 422, 492, 46, 270, 343, 62, 235, 387, 198, 343, 390, 296, 202, 430, 45, 497, 305, 492, 441, 184, 24, 121, 428, 133, 60, 122, 474, 492, 46, 393, 64, 235, 387, 382, 78, 380, 340, 3, 429, 301, 60, 202, 144, 286, 497, 497, 232, 439, 394, 302, 109, 44, 52, 213, 394, 384, 70, 109, 392, 263, 207, 392, 52, 213, 448, 315, 361, 344, 485, 464]
Tree:
None
Fitness on 5000 data:
-6.556591453927144

Fitness:
-6.30783063784717