Generation:
500

Phenotype:
a = gm([0, 22, 12], [26, 24, 1.6], [27.6, 26.5, 2.9], [2, 11.7, 16.6], [0, 12, 28.3])  - 24; 
b = a  - 10; 
b = gm([30, 6, 4.2]) + a;;

Genotype:
[467, 62, 0, 433, 473, 336, 434, 480, 208, 258, 136, 125, 90, 429, 150, 148, 109, 94, 104, 313, 125, 399, 491, 429, 150, 148, 371, 281, 44, 157, 498, 188, 205, 166, 330, 381, 47, 374, 434, 480, 310, 190, 136, 213, 90, 434, 20, 278, 303, 338, 165, 84, 338, 377, 394, 227, 303, 44, 169, 145, 46, 405, 220, 494, 118, 433, 280, 99, 421, 190, 136, 213, 90, 434, 20, 221, 69, 355, 198, 348, 76, 222, 452, 348, 451, 292, 372, 454, 470, 83, 403, 254, 182, 83, 172, 375, 73, 110, 267, 125, 330, 68, 100, 147, 460, 328, 463, 482, 294, 376, 420, 31, 241, 370, 85, 130, 355, 494, 99, 405, 99, 268, 229, 398, 87, 289, 54, 409, 224, 260, 142, 157, 76, 188, 205, 166, 330, 381, 47, 374, 434, 480, 310, 190, 136, 213, 298, 125, 399, 160, 429, 150, 148, 371, 281, 142, 157, 76, 188, 205, 166, 330, 381, 47, 374, 434, 480, 310, 30, 136, 213, 90, 434, 20, 278, 303, 338, 165, 84, 338, 377, 394, 281, 303, 44, 169, 145, 46, 405, 220, 494, 118, 433, 280, 99, 221, 20, 278, 303, 338, 165, 84, 338, 377, 394, 227, 303, 44, 169, 145, 46, 405, 220, 494, 118, 433, 280, 99, 221, 69, 126, 198, 348, 76, 222, 452, 348, 451, 292, 372, 454, 470, 83, 403, 254, 182, 83, 172, 375, 73, 110, 267, 125, 330, 68, 100, 147, 460, 328, 463, 482, 294, 376, 420, 31, 241, 370, 85, 130, 355, 494, 99, 405, 99, 268, 229, 398, 87, 289, 54, 409, 224, 260, 229, 260, 119, 156, 107, 23, 416, 500, 119, 114]
Tree:
None
Fitness on 5000 data:
-5.462646464604713

Fitness:
-4.954889737192554