Generation:
500

Phenotype:
v = 25  - uniform([12, 8], 1);
w = gm([17, 14, 1.5], [0.6, 24, 4.8], [7.5, 14.3, 4.1])  - 8;
u = 1  * bern(0.4);;

Genotype:
[121, 43, 444, 439, 418, 26, 194, 22, 366, 492, 338, 43, 184, 439, 232, 278, 484, 194, 326, 447, 401, 185, 104, 234, 162, 479, 461, 156, 274, 171, 453, 403, 401, 442, 489, 405, 345, 349, 6, 215, 193, 274, 401, 107, 335, 387, 345, 135, 215, 238, 380, 195, 350, 9, 387, 213, 415, 156, 171, 453, 133, 282, 343, 211, 458, 157, 189, 281, 130, 415, 156, 171, 357, 133, 282, 343, 211, 458, 157, 189, 281, 73, 258, 387, 272, 367, 468, 91, 177, 285, 142, 220, 27, 188]
Tree:
None
Fitness on 5000 data:
-5.1146068408961245

Fitness:
-4.824471768754109