Generation:
500

Phenotype:
b = 22  * a  - 3 * 25;
a = 14 * 1  - gm([1, 18.4, 4], [28.9, 12.6, 2]);
b = gm([17.4, 3.2, 6]) + 3  * a;;

Genotype:
[75, 259, 16, 97, 499, 491, 424, 22, 267, 130, 305, 97, 3, 304, 30, 119, 456, 167, 434, 51, 231, 373, 285, 85, 359, 228, 1, 397, 18, 399, 428, 314, 142, 91, 338, 188, 395, 229, 248, 44, 250, 174, 156, 168, 341, 256, 18, 112, 488, 323, 296, 84, 97, 3, 127, 330, 68, 172, 3, 315, 48, 323, 228, 340, 445, 435, 314, 352, 301, 219, 119, 348, 167, 308, 301, 337, 191, 288, 102, 85, 482, 288, 367, 277, 78, 341, 60, 276, 48, 164, 353, 414, 296, 84, 244, 311, 392, 3, 137, 318, 271, 57, 12, 257]
Tree:
None
Fitness on 5000 data:
-5.084030974257074

Fitness:
-4.9754614990056485