Generation:
500

Phenotype:
contentDifficulty = 1  * uniform([22, 15.3], 1);
questionsAfterLectureLength = gm([29, 8, 3.5], [17.9, 15.7, 8]);;

Genotype:
[140, 293, 430, 78, 304, 270, 334, 342, 186, 332, 93, 418, 38, 72, 60, 310, 163, 325, 303, 51, 489, 343, 154, 60, 268, 163, 371, 251, 211, 186, 33, 451, 80, 343, 418, 60, 102, 163, 325, 163, 325, 250, 386, 145, 409, 24, 128, 145, 180, 66, 274, 186, 16, 174, 270, 172, 186, 303, 51, 80, 343, 72, 325, 303, 186, 33, 346, 80, 343, 418, 60, 352, 74, 325, 163, 325, 250, 386, 145, 409, 24, 128, 145, 180, 66, 274, 2, 476, 12, 172, 274, 186, 415, 51, 80, 45, 483, 252, 21, 46, 374, 234, 396, 72, 207, 21, 46, 374, 234, 99, 386, 248, 468, 310, 155, 462, 172, 126, 334, 252, 250, 376, 145, 409, 494, 128, 34, 128, 292]
Tree:
None
Fitness on 5000 data:
-6.259743670743736

Fitness:
-6.024626989275434