Generation:
500

Phenotype:
skill2 = skill2  - 14  * uniform([27, 6], 2);
skill1 = gm([9, 24.2, 14], [11.7, 16.8, 3.9])  - bern(0.4);
skill2 = skill1 + 14  * uniform([11, 2], 4);
skill1 = gm([9, 24.2, 14], [11.7, 16.8, 3.9])  - bern(0.4);
skill2 = uniform([7, 5], 1) + uniform([6, 8], 1);
p1wins = bern(0.4);;

Genotype:
[217, 11, 340, 141, 310, 50, 486, 188, 40, 106, 45, 438, 244, 136, 338, 245, 475, 266, 100, 423, 155, 108, 401, 239, 316, 71, 183, 458, 235, 26, 45, 204, 71, 290, 366, 471, 264, 412, 189, 406, 377, 291, 199, 255, 312, 131, 337, 247, 411, 188, 159, 106, 45, 438, 352, 136, 352, 219, 475, 266, 100, 423, 155, 108, 401, 239, 316, 71, 183, 148, 235, 26, 45, 204, 71, 290, 366, 471, 264, 412, 189, 406, 377, 291, 199, 255, 312, 131, 337, 247, 411, 234, 348, 90, 247, 388, 351, 366, 471, 264, 412, 60, 411, 280, 84, 278, 351, 366, 471, 264, 412, 189, 411, 280, 84, 278, 345, 423, 331, 382, 119, 312, 457, 474, 372, 369, 78, 158, 159, 474, 242, 144, 226, 43, 362, 95, 62, 419, 258, 307, 496, 84, 401, 33, 258, 11, 411, 280, 258, 307, 419, 297, 424, 269, 170, 381, 442, 273, 457, 270, 433, 110, 20, 155, 75, 163, 344, 341, 216, 221, 55, 362, 475, 441, 8, 28, 214, 306, 409, 252, 182, 215, 101, 377, 410, 423, 419, 327, 26, 21, 71, 137, 478, 377, 131, 357, 299, 209, 425, 118, 102, 214, 6, 6, 50, 474, 215, 101, 377, 242, 353, 299, 80, 271, 287, 147, 413, 288, 377, 488, 467, 26, 336, 272, 112, 287, 294, 86, 312, 139, 317, 7, 317, 199, 478, 340, 187, 152, 263, 101, 374, 304, 176, 364, 47, 45, 310, 427, 486, 289, 308, 265, 119, 143, 38, 86, 411, 82, 484, 477, 485, 272, 445, 328, 366, 442, 289, 340]
Tree:
None
Fitness on 5000 data:
-6.651128288111698

Fitness:
-6.401187931251253