Generation:
500

Phenotype:
damage = preplevel + gm([0.4, 0, 0], [0.6, 1, 0]);
preplevel = gm([0.7, 0, 0], [0.3, 1, 0], [0.4, 2, 0]);

Genotype:
[334, 145, 198, 91, 145, 353, 342, 328, 62, 396, 90, 396, 39, 113, 99, 106, 282, 106, 58, 164, 217, 333, 240, 236, 471, 49, 299, 162, 168, 189, 8, 416, 15, 457, 426, 162, 167, 351, 460, 457, 426, 162, 167, 351, 58, 330, 262, 8, 416, 174, 457, 426, 162, 48, 189, 148, 90, 336, 39, 186, 282, 106, 58, 32, 190, 235, 18, 239, 418, 321, 339, 412, 365, 396, 450, 140, 427, 103, 157, 318, 348, 66, 104, 392, 368, 396, 272, 221, 313, 232, 177, 178, 103, 163, 471, 490, 29, 182, 101, 415, 444, 395, 418, 211, 49, 423]
Tree:
None
Fitness on 5000 data:
-1.6774763391731455

Fitness:
-1.5689616232285093