Generation:
500

Phenotype:
skill1 = gm([18.9, 19.6, 4.4]) + skill2;
p1wins = bern(0.2);
skill2 = uniform([12, 15.1], 1);;

Genotype:
[377, 154, 258, 261, 141, 421, 174, 25, 174, 301, 111, 215, 473, 298, 212, 291, 35, 489, 396, 236, 421, 12, 124, 272, 306, 174, 115, 388, 6, 2, 279, 127, 402, 33, 178, 291, 35, 387, 396, 236, 421, 48, 498, 60, 292, 329, 301, 256, 215, 473, 43, 190, 317, 33, 325, 82, 402, 200, 381, 280, 301, 256, 215, 473, 43, 190, 317, 33, 325, 82, 402, 200, 56, 245, 276, 161, 163, 232, 42, 471, 394, 451, 123, 280, 342, 256, 215, 473, 43, 212, 472, 300, 85, 299, 236, 127, 284, 124, 254, 78, 6, 115, 221, 6, 2, 428, 428, 184, 168, 338, 134, 190, 142, 180, 212, 332, 300, 254, 124, 254, 78, 6, 115, 21, 6, 2, 428, 428, 184, 492, 142, 240, 332, 332, 300, 89, 369, 276, 236, 163, 31, 444, 471, 394, 451, 123, 280, 342, 142, 180, 212, 332, 300, 85, 299, 236, 127, 284, 124, 254, 78, 6, 115, 206, 6, 206, 6, 2, 428, 428, 184, 168, 18, 134, 39, 350, 123, 356, 82, 388, 347, 451, 318, 285, 83, 499, 356, 25, 233, 64, 178, 39, 25, 233, 64, 60, 292, 174, 301, 256, 215, 473, 43, 190, 317, 33, 325, 82, 402, 200, 63, 280, 369, 234, 274, 492, 243, 96, 11, 284, 124, 254, 124, 254, 78, 243, 96, 11, 284, 124, 254, 124, 254, 78, 6, 115, 449, 6, 2, 428, 428, 184, 492, 142, 240, 332, 332, 300, 89, 369, 276, 236, 163, 31, 444, 471, 394, 451, 123, 280, 342, 142, 180, 212, 332, 300, 85, 299, 236, 127, 284, 124, 254, 78, 6, 417, 221, 6, 2, 428, 428, 147, 168, 18, 134, 39, 350, 123, 356, 78, 6, 115, 21, 6, 2, 428, 428, 184, 492, 142, 240, 332, 332, 300, 89, 1, 276, 236, 163, 31, 444, 471, 394, 451, 123, 280, 342, 142, 180, 212, 332, 300, 85, 299, 43, 190, 317, 33, 325]
Tree:
None
Fitness on 5000 data:
-6.040693084633891

Fitness:
-5.8623412661020815