Generation:
500

Phenotype:
earthquake = 1  - 1; 
  burglary = 0; 
    if bern(0.9) + johncalls + bern(0.6) + bern(0.4) + bern(0.1) + bern(0.8) >= 1 { 
        if johncalls + johncalls < 0 { 
              alarm = 0; 
        } else { 
              alarm = 0; 
        } end if; 
  } else { 
        if johncalls != 0 { 
              alarm = bern(0.6)  - bern(0.1); 
        } else { 
              alarm = 0; 
        } end if; 
  } end if; 
    if johncalls != 0 { 
        johncalls = johncalls  - bern(0.9); 
  } else { 
        johncalls = johncalls; 
  } end if;

Genotype:
[183, 98, 247, 17, 389, 419, 477, 457, 210, 239, 129, 243, 440, 207, 98, 247, 17, 389, 419, 477, 457, 210, 239, 129, 243, 440, 207, 457, 210, 239, 129, 243, 440, 207, 248, 132, 127, 360, 470, 393, 415, 238, 459, 137, 142, 58, 147, 351, 354, 161, 440, 207, 248, 58, 147, 351, 354, 243, 440, 444, 215, 417, 24, 20, 238, 400, 351, 354, 161, 440, 207, 248, 58, 463, 16, 311, 278, 289, 79, 50, 36, 217, 60, 415, 6, 201, 215, 417, 24, 20, 238, 400, 368, 277, 376, 462, 392, 38, 333, 9, 400, 150, 117, 300, 119, 14, 65, 479, 176, 205, 58, 183, 312, 367, 394, 161, 304, 236, 358, 345, 215, 488, 24, 101, 164, 430, 323, 477, 269, 215, 8, 120, 49, 211, 181, 235, 16, 20, 280, 275, 430, 129, 370, 213, 374, 171, 494, 251, 308, 441, 30, 475, 200, 280, 468, 99, 404, 272, 335, 228, 249, 367, 44, 291, 480, 53, 244, 350, 350, 336, 397, 434, 343, 281, 441, 341, 424, 468, 7, 443, 392, 452, 214, 140, 376, 454, 416, 391, 411, 229, 445, 368, 275, 114, 267, 155, 408, 251, 96, 73, 210, 175, 180, 23]
Tree:
None
Fitness on 5000 data:
-inf

Fitness:
2.2204460492503128e-16