Generation:
500

Phenotype:
a = 7  - gm([6, 5.8, 3]); 
b = gm([2.1, 1.5, 27]) + 5  * b; 
b = uniform([23, 16.7], 4)  - 30;;

Genotype:
[27, 218, 470, 386, 317, 309, 133, 420, 32, 6, 153, 408, 448, 274, 3, 76, 18, 343, 494, 153, 64, 360, 431, 63, 310, 56, 399, 292, 284, 408, 329, 438, 340, 18, 343, 494, 153, 134, 271, 129, 171, 150, 363, 134, 48, 309, 22, 271, 400, 486, 115, 242, 48, 63, 328, 405, 363, 424, 410, 462, 431, 171, 340, 471, 153, 287, 356, 244, 6, 494, 420, 400, 133, 284, 309, 22, 420, 400, 486, 115, 242, 48, 63, 366, 50, 128, 43, 340, 317, 435, 410, 462, 81, 384, 390, 317, 343, 494, 420, 259, 13, 153, 141, 171, 88, 49, 255, 146, 83, 408, 59, 13, 370, 233, 241, 86, 410, 462, 81, 384, 390, 317, 343, 494, 420, 259, 13, 153, 141, 171, 88, 49, 255, 146, 83, 408, 59, 13, 370, 233, 241, 86]
Tree:
None
Fitness on 5000 data:
-6.3347315186565325

Fitness:
-5.02511388200778