Generation:
500

Phenotype:
skill2 = uniform([16, 18.9], 4)  - uniform([13, 9.7], 2);
skill2 = uniform([17, 17.9], 1)  - uniform([6, 2], 1);
skill1 = gm([6.6, 19.9, 3])  - bern(0.2);
p1wins = uniform([17, 17.7], 1)  - 20  * uniform([11, 3], 4);
p1wins = 2;
if skill1-skill2 > 0 { 
  p1wins = 1.0;
 } else { 
   p1wins = 0.0; 
 } end if;

Genotype:
[37, 38, 106, 264, 187, 245, 222, 498, 481, 97, 421, 359, 63, 192, 474, 478, 39, 9, 15, 73, 416, 62, 16, 187, 245, 222, 30, 48, 433, 172, 62, 192, 474, 478, 223, 296, 64, 20, 38, 106, 239, 303, 38, 123, 101, 386, 481, 254, 257, 139, 19, 431, 160, 468, 9, 431, 73, 416, 62, 264, 299, 245, 222, 178, 48, 433, 48, 60, 296, 64, 20, 38, 290, 468, 38, 183, 468, 92, 131, 257, 81, 245, 222, 498, 48, 128, 416, 62, 192, 15, 478, 223, 204, 172, 194, 99, 372, 468, 92, 366, 264, 384, 208, 22, 308, 127, 390, 14, 275, 96, 25, 46, 49, 38, 236, 66, 366, 184, 258]
Tree:
None
Fitness on 5000 data:
-5.8748282757179595

Fitness:
-5.643116459326982