Generation:
500

Phenotype:
contentDifficulty = questionsAfterLectureLength  - gm([1.1, 26, 30], [24, 0, 6], [5.1, 7.2, 26]);
questionsAfterLectureLength = 12  * bern(0.8)  - contentDifficulty;
contentDifficulty = gm([1, 27.5, 13], [13, 28.3, 4]);;

Genotype:
[480, 112, 42, 122, 90, 29, 240, 252, 471, 456, 497, 123, 399, 342, 459, 310, 367, 294, 247, 265, 272, 241, 362, 372, 124, 285, 14, 337, 222, 27, 81, 472, 433, 310, 367, 294, 247, 265, 272, 241, 291, 247, 430, 75, 96, 176, 156, 192, 476, 32, 66, 198, 25, 249, 456, 497, 123, 399, 283, 26, 323, 420, 204, 447, 69, 90, 29, 240, 252, 471, 456, 497, 123, 399, 342, 462, 282, 24, 404, 279, 73, 446, 460, 362, 372, 124, 285, 14, 337, 222, 124, 310, 367, 294, 247, 265, 272, 241, 291, 247, 430, 75, 96, 176, 156, 192, 476, 32, 66, 98, 25, 249, 456, 497, 123, 399, 283, 26, 166, 19, 265, 259, 203, 291, 247, 430, 75, 344, 36, 42, 444, 8, 140, 178, 330, 362, 57, 320, 399, 337, 270, 27, 81, 242, 192, 130, 122, 90, 29, 150, 252, 471, 456, 497, 123, 399, 459, 178, 330, 362, 165, 254, 145, 129, 345, 34, 312, 493, 481, 57, 320, 133, 26, 400, 333, 236, 74, 11, 198, 382, 27, 416, 191, 27, 81, 242, 192, 130, 367, 294, 19, 265, 259, 241, 291, 247]
Tree:
None
Fitness on 5000 data:
-6.575163335712168

Fitness:
-6.3954288308825795