Generation:
500

Phenotype:
alarm = johncalls + earthquake;
if johncalls == 0 { 
   burglary = 0  - johncalls; 
 } else { 
   earthquake = 0; 
 } end if;

Genotype:
[460, 221, 42, 391, 274, 250, 488, 236, 139, 406, 338, 129, 184, 221, 42, 391, 274, 250, 488, 236, 220, 348, 338, 129, 184, 18, 38, 31, 336, 414, 5, 261, 261, 31, 336, 414, 5, 261, 31, 336, 414, 5, 100, 442, 163, 253, 326, 256, 17, 43, 182, 318, 66, 30, 107, 161, 181, 124, 358, 296, 355, 155, 91, 378, 228, 190, 159, 463, 295, 271, 320, 350, 46, 313, 481, 341, 496, 14, 278, 240, 461, 3, 97, 67, 320, 412, 130, 286, 493, 389, 176, 443, 256, 453]
Tree:
None
Fitness on 5000 data:
-inf

Fitness:
0.0