Generation:
500

Phenotype:
burglary=0; 
 earthquake=johncalls  - burglary; 
 alarm=johncalls  - alarm; 
 johncalls=0 + 0; 
 burglary = earthquake + 0;

Genotype:
[141, 57, 283, 98, 386, 242, 396, 23, 38, 80, 36, 92, 404, 28, 15, 266, 80, 114, 124, 41, 396, 23, 38, 80, 36, 243, 404, 28, 6, 266, 57, 171, 44, 143, 214, 454, 80, 226, 440, 312, 226, 121, 312, 137, 386, 308, 396, 408, 29, 155, 312, 240, 231, 42, 287, 33, 310, 203, 41, 360, 289, 213, 204, 469, 112, 148, 105, 306, 106, 272, 323, 266, 69, 38, 273, 64, 424, 494, 447, 149, 103, 59, 376, 320, 452, 410, 28, 117, 236, 119, 490, 482, 368, 186, 187, 379, 372, 384, 481, 169, 436, 296, 86, 90, 445, 469, 255, 330, 111, 136, 72, 314]
Tree:
None
Fitness on 5000 data:
-inf

Fitness:
0.0