Generation:
500

Phenotype:
u = bern(0.3);
w = 1 + bern(0.5);
x = 1  - bern(0.8);
w = x;
u = x  - bern(0.2);
v = bern(0.9)  - v;
x = bern(0.2) + bern(0.6);
u = bern(0.3)  - 0;

Genotype:
[487, 122, 384, 260, 279, 244, 83, 83, 104, 259, 298, 391, 93, 209, 432, 425, 292, 420, 228, 35, 386, 291, 265, 40, 269, 439, 61, 38, 361, 382, 417, 464, 0, 3, 327, 238, 284, 88, 170, 38, 90, 231, 204, 477, 271, 218, 315, 329, 473, 4, 11, 197, 408, 38, 481, 428, 284, 495, 196, 448, 397, 181, 142, 427, 86, 196, 252, 158, 444, 470, 356, 391, 272, 393, 252, 26, 269, 456, 33, 135, 84, 302, 135, 4, 167, 21, 189, 122, 390, 222, 54, 179, 180, 55, 184, 476, 471, 250, 470, 231, 114, 261, 234, 304, 224, 213, 180, 273, 204, 260, 103, 228, 61, 361, 399, 415, 19, 352, 397, 301, 309, 147, 159, 367, 461, 290, 111, 180, 437, 423, 381, 10, 491, 460, 108, 477, 142, 428, 273, 256, 392, 19, 234, 112, 13, 262, 335, 76, 266, 182, 68, 181, 329, 259, 439, 489, 284, 466, 451, 489, 345, 9, 180, 62, 240]
Tree:
None
Fitness on 5000 data:
-2.0173551659885116

Fitness:
-1.9651713628657803