Generation:
500

Phenotype:
a = uniform([19, 9.4], 1)  - uniform([22, 1], 2); 
b = 17  * uniform([15, 14.4], 4); 
b = gm([19, 2, 4.2]) + 2  * a;;

Genotype:
[194, 416, 381, 80, 19, 183, 412, 309, 240, 474, 494, 363, 278, 306, 181, 54, 16, 358, 287, 232, 239, 262, 453, 31, 33, 292, 284, 291, 376, 372, 484, 214, 248, 112, 194, 498, 291, 376, 181, 19, 498, 291, 376, 381, 80, 19, 183, 224, 309, 183, 412, 309, 240, 474, 16, 208, 230, 232, 33, 292, 284, 291, 376, 208, 230, 232, 239, 262, 453, 31, 33, 292, 284, 291, 376, 372, 484, 214, 248, 112, 194, 498, 291, 376, 181, 19, 498, 406, 376, 381, 80, 19, 183, 224, 453, 240, 474, 365, 363, 278, 214, 181, 181, 240, 474, 494, 430, 278, 306, 181, 54, 16, 208, 320, 232, 239, 262, 444, 31, 33, 292, 284, 291, 376, 71, 484, 214, 248, 112, 194, 498, 291, 86, 181, 19, 498, 291, 376, 381, 80, 19, 183, 224, 309, 240, 474, 365, 363, 278, 214, 181, 138, 448, 208, 230, 420, 239, 262, 453, 31, 33, 132, 420, 406, 262, 95, 31, 461, 132, 82, 183, 412, 309, 240, 474, 365, 363, 278, 306, 159, 181, 138, 16, 208, 230, 393, 183, 262, 204, 494, 221, 273, 447, 234, 273, 447, 234, 23, 425, 315, 245, 345, 66, 83, 70, 399, 149, 254, 412, 435, 414, 8, 177, 18, 492, 379, 77, 259, 312, 267, 341, 300, 86, 93, 406, 259, 408, 255, 185, 409, 391, 326, 289, 78, 204, 167, 298, 436, 72, 341, 291, 217, 380, 349, 406, 478, 133, 301, 419, 419, 5, 285, 144, 107, 179, 196, 136, 31, 365, 414, 395, 328, 234, 14, 370, 217, 326, 16, 391, 352, 297, 385, 237, 342, 290, 208, 247]
Tree:
None
Fitness on 5000 data:
-4.862103291327825

Fitness:
-4.749042804694725