Generation:
500

Phenotype:
contentDifficulty = uniform([12, 9], 1) + uniform([8, 8], 3);
questionsAfterLectureLength = 16  * bern(0.1) + uniform([4, 11.7], 1);;

Genotype:
[430, 137, 50, 297, 146, 496, 414, 38, 322, 368, 26, 452, 168, 62, 194, 50, 493, 274, 447, 332, 92, 19, 103, 496, 16, 259, 243, 75, 414, 35, 407, 414, 411, 192, 455, 360, 77, 52, 127, 414, 259, 407, 414, 414, 192, 473, 447, 5, 160, 496, 414, 259, 407, 414, 414, 192, 455, 160, 96, 0, 337, 329, 398, 358, 112, 93, 332, 337, 259, 104, 121, 229, 149, 146, 116, 100, 290, 434, 374, 265, 168, 62, 393, 329, 398, 358, 112, 93, 332, 394, 447, 146, 496, 414, 38, 496, 129, 282, 447, 146, 93, 447, 146, 283, 414, 38, 96, 0, 422, 329, 398, 358, 112, 93, 332, 93, 332, 67, 259, 104, 245, 129, 223, 166, 476, 168, 354, 422, 329, 140, 496, 50, 447, 332, 92, 398, 413, 112, 38, 62, 422, 329, 414, 38, 96, 356, 329, 398, 358, 332, 50, 447, 146, 496, 414, 38, 96, 414, 38, 96, 0, 192, 476, 168, 62, 422, 329, 398, 275, 245]
Tree:
None
Fitness on 5000 data:
-6.313387303530364

Fitness:
-6.164741933025384