Generation:
500

Phenotype:
skill1 = 7  * skill2 + 2  * uniform([4, 10.8], 1); 
skill2 = 26  - gm([21, 5.4, 4]); 
if bern(0.7) < 26 { 
  p1wins = bern(0.4);
 } else { 
  p1wins = 29 * 9 + 21  * gm([19.4, 27.7, 23], [27, 26, 23]); 
 } end if;

Genotype:
[154, 88, 289, 131, 108, 475, 217, 250, 318, 376, 171, 103, 232, 468, 296, 275, 234, 305, 492, 457, 456, 166, 393, 33, 67, 165, 360, 66, 465, 196, 278, 271, 339, 40, 274, 393, 33, 67, 165, 274, 278, 271, 339, 40, 274, 393, 33, 67, 165, 360, 66, 465, 275, 186, 356, 457, 456, 166, 275, 234, 305, 492, 457, 456, 166, 234, 101, 431, 465, 196, 278, 186, 356, 64, 411, 36, 108, 105, 279, 154, 271, 432, 429, 480]
Tree:
None
Fitness on 5000 data:
-6.572490635999345

Fitness:
-6.221580288511928