Generation:
500

Phenotype:
u = bern(0.2) + 4  * v; 
v = gm([3, 9.1, 3])  - v; 
if w != 29 { 
  if uniform([30, 9], 4) + 25 * uniform([0, 22.8], 3) + 12 * bern(0.2) > 4 { 
    w = gm([6, 5, 2]);
   } else { 
     w =  25  - 12  * bern(0.2); 
   } end if;
 } else { 
   w =  gm([25, 2.3, 12.1], [14.9, 9.9, 13.2], [21, 11.9, 17.8], [4.6, 30, 18]); 
 } end if;

Genotype:
[399, 163, 429, 227, 343, 82, 128, 168, 100, 341, 447, 469, 406, 224, 251, 55, 9, 423, 82, 468, 168, 192, 13, 466, 203, 109, 184, 457, 345, 140, 494, 61, 38, 296, 163, 429, 227, 87, 98, 186, 223, 146, 70, 278, 312, 345, 446, 435, 343, 87, 128, 168, 384, 341, 98, 186, 223, 146, 470, 278, 312, 71, 224, 448, 87, 79, 446, 459, 343, 87, 324, 341, 447, 168, 335, 377, 343, 335, 377, 446, 459, 343, 87, 324, 341, 447, 71, 224, 341, 447, 469, 87, 448, 145, 5, 445, 341, 325, 327, 466, 204, 391, 345, 140, 494, 61, 466, 204, 224, 251, 335, 377, 269, 23, 43, 82, 128, 168, 192, 13, 447, 469, 224, 127, 311, 318, 414, 37, 428, 279, 377, 343, 335, 377, 446, 459, 343, 87, 324, 341, 447, 71, 224, 341, 447, 469, 87, 448, 145, 5, 445, 341, 325, 327, 466, 204, 109, 482, 168, 192, 13, 143, 469, 224, 251, 335, 377, 269, 23, 43, 82, 128, 168, 192, 13, 447, 469, 224, 127, 311, 318, 414, 37, 428, 279, 140, 314, 339, 456, 350, 233, 4, 404, 464, 128, 49, 457, 53, 315, 107, 139, 110, 171, 196, 68, 60, 85, 79, 6, 126, 366, 473, 406, 302, 461, 6, 13, 450]
Tree:
None
Fitness on 5000 data:
27.95706194624657

Fitness:
28.66289734710813