Generation:
500

Phenotype:
mu = gm([14, 12, 6]) + uniform([7, 1], 2);
sigma = gm([19, 1.7, 1], [12.2, 1.7, 0.4])  - x;
x = gm([16.6, 21, 5.1]);

Genotype:
[303, 313, 392, 111, 90, 367, 282, 172, 34, 78, 169, 458, 384, 120, 254, 9, 494, 441, 328, 495, 477, 156, 18, 406, 392, 36, 415, 69, 12, 391, 319, 156, 267, 392, 435, 256, 491, 12, 154, 477, 156, 429, 69, 62, 75, 228, 258, 452, 477, 494, 17, 134, 177, 60, 238, 494, 383, 140, 311, 168, 21, 265, 36, 36, 17, 428, 6, 159, 136, 297, 44, 376, 402, 307, 453, 452, 35, 148, 494, 196, 439, 163, 373, 0, 457, 433, 164, 392, 36, 82, 120, 368, 324, 78, 197, 97, 328, 328, 210, 392, 36, 82, 123, 12]
Tree:
None
Fitness on 5000 data:
-7.11353348479822

Fitness:
-6.961209428600596