Generation:
500

Phenotype:
mu = gm([29.2, 1, 3], [2.9, 3, 3])  - 0;
x = mu  - 26  * uniform([24, 25.8], 1);
sigma = mu + mu;
mu = gm([3, 25.2, 17]) + 19;
x = gm([1.7, 21, 3]);
mu = gm([1.7, 21, 3]);

Genotype:
[475, 436, 168, 3, 69, 341, 6, 217, 495, 237, 370, 298, 150, 125, 144, 375, 76, 163, 95, 377, 282, 96, 402, 468, 41, 162, 372, 96, 402, 158, 113, 291, 486, 309, 115, 150, 128, 117, 375, 56, 331, 268, 53, 496, 130, 451, 163, 141, 162, 87, 96, 402, 312, 287, 158, 113, 171, 436, 309, 46, 150, 128, 375, 375, 366, 1, 218, 358, 362, 10, 329, 272, 354, 113, 470, 465, 486, 277, 362, 287, 404, 375, 216, 362, 152, 158, 402, 76, 357, 168, 465, 486, 355, 362, 287, 404, 375, 216, 362, 152, 158, 217, 457, 428, 272, 354, 329, 470, 465, 486, 402, 178, 287, 158, 113, 171, 99, 309, 180, 375, 338, 1, 452, 33, 362, 10, 25, 181, 354, 362, 228, 433, 409, 480, 218, 440, 375]
Tree:
None
Fitness on 5000 data:
-7.625815156136788

Fitness:
-7.191584714936758