Generation:
500

Phenotype:
u = uniform([29, 8], 1)  - 0 * 11; 
v = u  - 24; 
w = 1  * gm([26.5, 8, 3]);
u = bern(0.3);;

Genotype:
[329, 443, 138, 158, 215, 48, 241, 368, 212, 207, 310, 11, 347, 168, 168, 246, 215, 48, 241, 264, 31, 435, 89, 298, 19, 398, 193, 34, 70, 230, 34, 168, 330, 215, 48, 81, 96, 451, 461, 392, 312, 334, 326, 32, 120, 245, 93, 80, 112, 483, 239, 426, 23, 58, 492, 446, 386, 343, 169, 182, 420, 128, 351, 106, 64, 478, 384, 326, 470, 147, 226, 412, 63, 203, 91, 261, 309, 372, 378, 167, 114, 383, 238, 182, 297]
Tree:
None
Fitness on 5000 data:
-5.3687865737889435

Fitness:
-5.095182181168337