Generation:
500

Phenotype:
skill1 = gm([28, 21, 2.8]); 
skill2 = bern(0.5) + 30; 
p1wins = bern(0.1);
skill2 = gm([2.8, 21.2, 7.4], [22, 20.1, 3.6]);;

Genotype:
[369, 408, 234, 133, 320, 14, 431, 264, 393, 145, 188, 277, 325, 300, 123, 490, 263, 300, 123, 321, 348, 379, 117, 417, 468, 437, 265, 408, 54, 133, 393, 71, 188, 277, 459, 300, 118, 321, 348, 372, 70, 424, 208, 215, 206, 468, 67, 282, 320, 437, 265, 408, 54, 133, 393, 71, 67, 72, 234, 133, 320, 14, 67, 264, 393, 145, 286, 277, 191, 321, 348, 379, 117, 417, 468, 191, 117, 408, 54, 133, 393, 71, 188, 277, 459, 300, 118, 321, 348, 416, 70, 424, 432, 103, 206, 468, 67, 374, 320, 188, 277, 109, 300, 123, 307, 263, 300, 431, 321, 348, 379, 210, 417, 468, 191, 117, 70, 234, 432, 103, 75, 89, 67, 321, 320, 126, 459, 300, 123, 152, 348, 416, 415, 230, 417, 468, 191, 117, 70, 264, 393, 145, 188, 22, 109, 300, 123, 291, 67, 321, 320, 126, 148, 300, 123, 321, 123, 321, 467, 348, 416, 415, 230, 491, 263, 300, 123, 321, 348, 379, 117, 417, 468, 468, 191, 117, 70, 307, 263, 300, 468, 191, 117, 70, 234, 497, 230, 225, 263, 300, 123, 321, 348, 348, 416, 415, 230, 221, 263, 300, 123, 321, 348, 379, 117, 417, 468, 468, 191, 117, 70, 234, 432, 103, 206, 89, 67, 321, 320, 307, 459, 234, 497, 230, 225, 263, 300, 123, 321, 348, 348, 416, 415, 230, 221, 263, 300, 123, 321, 348, 379, 117, 417, 468, 468, 191, 117, 70, 234, 432, 103, 206, 89, 67, 321, 320, 307, 459, 56, 123, 321, 348, 416, 415, 484, 225, 482, 463, 401, 185, 388, 89, 66, 242, 388, 89, 66, 242, 280, 388, 89, 66, 443, 397, 156, 193, 64, 5, 402, 193, 174, 428, 431, 380, 493, 300, 100, 10, 47, 292, 360, 460, 184, 151, 472, 27, 453, 117, 160, 394, 426, 160, 435, 141, 346, 68, 176, 459]
Tree:
None
Fitness on 5000 data:
-6.532146398605264

Fitness:
-5.835852799110276