Generation:
500

Phenotype:
mu = 10  * uniform([0, 23.9], 4);
sigma = 6  * uniform([0, 1], 4)  - uniform([2, 0.8], 2);
mu = gm([12.8, 26, 4.1])  - 5;
 x = sigma * gm([1,1,1]);
x = x + mu;

Genotype:
[113, 19, 396, 379, 288, 315, 325, 351, 104, 310, 323, 85, 314, 467, 190, 93, 67, 266, 481, 440, 260, 31, 390, 72, 195, 213, 50, 219, 467, 31, 457, 341, 84, 344, 461, 126, 74, 123, 391, 206, 455, 415, 448, 394, 336, 37, 159, 63, 206, 86, 315, 325, 303, 473, 302, 358, 278, 300, 466, 304, 405, 253, 121, 71, 139, 148, 349, 304, 400, 479]
Tree:
None
Fitness on 5000 data:
-6.474170472665704

Fitness:
-6.277203099878923