Generation:
500

Phenotype:
if p1wins != 13 { 
   skill2 = uniform([23, 16.2], 2)  - 12;
  skill1 = 17  - 18  * uniform([30, 9.5], 1);
  p1wins = uniform([24, 13.6], 4)  - gm([24.5, 13, 0]); 
 } else { 
   p1wins = 20  - gm([3, 6, 2.6]); 
 } end if;
skill1 = 26  - gm([27, 25.8, 3], [1, 14, 24.7]);;

Genotype:
[1, 20, 253, 248, 152, 445, 106, 71, 424, 20, 58, 293, 330, 158, 54, 499, 140, 1, 465, 71, 144, 415, 209, 104, 154, 309, 389, 167, 96, 141, 391, 235, 330, 340, 279, 71, 67, 88, 330, 46, 76, 242, 227, 222, 306, 489, 15, 478, 113, 391, 213, 317, 136, 75, 334, 211, 268, 354, 192, 155, 111, 264, 500, 206, 86, 116, 146, 454, 387, 229, 174, 36, 158, 216, 347, 383, 281, 293, 228, 152, 54, 495, 110, 329, 450, 398, 15, 361, 355, 174, 213, 27, 490, 142, 268, 220, 388, 410, 435, 264, 262, 121, 86, 6, 146, 169, 387, 229, 206, 36, 209, 216, 304, 383, 281, 146, 228, 152, 54, 495, 295, 329, 136, 330, 340, 143, 71, 330, 340, 143, 71, 352, 306, 330, 372, 76, 242, 137, 222, 306, 489, 15, 361, 355, 174, 213, 317, 136, 240, 40, 211, 268, 204, 388, 259, 111, 264, 262, 206, 86, 365, 128, 169, 387, 229, 174, 36, 209, 216, 304, 383, 281, 328, 228, 152, 54, 495, 110, 329, 450, 259, 15, 361, 355, 174, 213, 317, 490, 192, 217, 211, 389, 306, 96, 386, 223, 94, 120, 392, 318, 351, 412, 318, 459, 417, 382, 372, 46, 315, 119, 147, 52, 174, 213, 317, 136, 240, 40, 211, 268, 204, 388, 259, 111, 264, 262, 206, 86, 365, 146, 169, 387, 229, 174, 36, 209, 216, 304, 383, 281, 328, 228, 152, 54, 495, 110, 329, 450, 122, 15, 361, 355, 174, 213, 317, 274, 192, 21, 211, 389, 306, 96, 386, 223, 94, 120, 392, 318, 351, 412, 318, 459, 417, 382, 372, 46, 315, 119, 147, 52, 277, 264, 262, 199, 448, 402, 54, 495, 295, 493, 478, 262, 330, 448, 324, 474, 433, 483, 389, 16, 196, 162, 304, 383, 281, 328, 228, 152, 54, 495, 110, 329, 450, 122, 15, 361, 355, 174, 213, 317, 274, 192, 21, 211, 389, 306, 96, 386, 223, 94, 120, 392, 318, 351, 412, 318, 459, 417, 382, 372, 46, 315, 119, 147, 52, 277, 264, 262, 199, 448, 402, 54, 495, 295, 493, 478, 262, 330, 448, 205, 474, 433, 483, 389, 16, 196, 162, 376, 100, 86, 365, 150, 169, 207, 229, 206, 36, 209, 216, 304, 383, 12, 328, 228, 402]
Tree:
None
Fitness on 5000 data:
-6.9760986128163225

Fitness:
-6.8076695549022475