Generation:
500

Phenotype:
p1wins = 25  * skill1 + uniform([5, 20.6], 1);
skill2 = 1  * gm([4, 29, 25.3]) + uniform([9, 29.9], 4);
skill1 = uniform([30, 14.1], 1)  - 17;
skill2 = gm([0.3, 25, 0], [23.6, 24, 3.2])  - uniform([3, 4], 1);
p1wins = bern(0.3);;

Genotype:
[327, 265, 10, 150, 110, 229, 19, 180, 248, 420, 54, 370, 67, 339, 144, 203, 264, 464, 290, 121, 325, 235, 218, 417, 438, 428, 221, 0, 494, 19, 180, 20, 420, 54, 164, 45, 339, 467, 431, 235, 474, 165, 438, 428, 276, 94, 495, 495, 448, 9, 488, 113, 126, 141, 104, 216, 166, 83, 3, 465, 31, 235, 496, 461, 88, 428, 386, 434, 186, 123, 457, 68, 434, 427, 103, 282, 73, 396, 330, 282, 20, 498, 100, 99, 330, 294, 20, 366, 219, 451, 209, 425, 125, 54, 68, 434, 268, 103, 294, 73, 285, 208, 491, 298, 242, 201, 120, 230, 443, 128, 469, 144, 189, 103, 382, 454, 453, 15, 192, 441, 431, 123, 457, 39, 385, 388, 248, 498, 100, 99, 330, 294, 20, 366, 219, 445, 209, 335, 125, 54, 68, 434, 268, 103, 473, 227, 3, 159, 415, 497]
Tree:
None
Fitness on 5000 data:
-6.205467567850965

Fitness:
-6.109886073032738