Generation:
500

Phenotype:
u = 10 * 20 + uniform([10, 7], 2); 
v = 11  * bern(0.4); 
w = 25  - gm([27.9, 18, 3]);
u = 5  * gm([11.8, 9.2, 17], [5, 0, 30.4])  - 26  * bern(0.6);
u = bern(0.1);
v = 2 + uniform([6, 5], 1);;

Genotype:
[40, 76, 299, 59, 134, 454, 12, 298, 134, 214, 285, 9, 273, 328, 73, 219, 111, 338, 173, 72, 87, 426, 197, 292, 497, 27, 62, 86, 18, 398, 437, 367, 226, 444, 48, 50, 232, 36, 189, 31, 59, 352, 7, 139, 40, 118, 444, 48, 158, 212, 36, 158, 31, 59, 402, 381, 139, 274, 3, 248, 418, 489, 339, 261, 309, 207, 72, 87, 426, 197, 292, 349, 35, 164, 312, 270, 306, 192, 426, 31, 292, 120, 312, 270, 398, 192, 426, 31, 292, 349, 38, 120, 444, 48, 158, 232, 36, 185, 31, 59, 433, 7, 139, 274, 3, 407, 418, 481, 339, 261, 309, 280, 309, 159, 24, 446, 246, 352, 275, 279, 368, 217, 252, 65, 339, 166, 245, 9, 454, 203, 107, 112, 269, 85, 134, 353, 353, 325, 36, 276, 405]
Tree:
None
Fitness on 5000 data:
-5.475856052806838

Fitness:
-4.877616088361071