Generation:
500

Phenotype:
a = 29 * 24 + 18; 
b = gm([5.8, 7.6, 1], [1, 10.8, 28]) + 30  * b; 
a = gm([18.6, 12, 2.2])  - 12;;

Genotype:
[356, 283, 197, 201, 246, 427, 8, 338, 483, 37, 309, 355, 289, 349, 377, 142, 365, 7, 473, 164, 32, 380, 146, 187, 49, 227, 187, 498, 28, 34, 61, 30, 17, 180, 132, 482, 34, 416, 96, 487, 136, 167, 390, 14, 452, 384, 343, 436, 37, 482, 456, 12, 309, 478, 487, 136, 233, 390, 449, 204, 12, 176, 352, 498, 452, 384, 397, 278, 300, 443]
Tree:
None
Fitness on 5000 data:
-5.057957862870438

Fitness:
-4.72094313592584