Generation:
500

Phenotype:
burglary=burglary + burglary; 
 earthquake=bern(0.6)  - earthquake; 
 alarm=0; 
 johncalls=0  - johncalls; 
 burglary = bern(0.7)  - 0;
earthquake = 0;
burglary = 0 + 0;

Genotype:
[346, 286, 236, 198, 404, 60, 308, 436, 446, 366, 211, 338, 274, 324, 429, 0, 385, 424, 368, 217, 18, 332, 320, 407, 250, 436, 34, 60, 308, 436, 161, 366, 211, 320, 274, 86, 429, 0, 385, 424, 368, 308, 18, 332, 178, 407, 432, 239, 208, 356, 316, 491, 90, 332, 390, 407, 59, 436, 34, 56, 144, 407, 432, 239, 208, 356, 316, 491, 267, 23, 94, 336, 235, 11, 79, 313, 18, 467, 436, 446, 445, 399, 441, 272, 318, 146, 12, 456, 410, 216, 233, 318, 272, 375, 27, 45, 209, 213, 173, 185, 308, 220, 457, 375, 40, 208, 276, 292, 236, 396, 197, 30, 98]
Tree:
None
Fitness on 5000 data:
0.0

Fitness:
0.0