Generation:
500

Phenotype:
a = b  - uniform([25, 19.2], 1);
b = 20  - 8 * 10;
b = 4  * gm([17.2, 30, 28.6]);
a = gm([3, 22, 18.7], [10.5, 1.4, 8])  - uniform([6, 5.4], 3);
a = 9  - uniform([5, 6], 1);
b = uniform([10, 5.4], 4);
b = gm([0, 21, 20], [10, 5.6, 3.6], [12, 15, 1.3], [5.2, 17, 1], [2, 22, 24.6])  - 8;;

Genotype:
[481, 181, 160, 36, 222, 347, 369, 3, 413, 156, 38, 397, 351, 112, 496, 392, 48, 272, 249, 116, 389, 250, 454, 332, 285, 380, 413, 413, 346, 12, 63, 24, 88, 500, 313, 332, 285, 79, 253, 408, 216, 285, 152, 230, 413, 216, 318, 282, 278, 408, 496, 59, 348, 251, 30, 270, 217, 297, 276, 380, 413, 413, 346, 369, 63, 435, 88, 194, 474, 38, 285, 79, 253, 408, 62, 98, 216, 285, 152, 230, 413, 216, 381, 282, 470, 408, 496, 59, 188, 251, 30, 270, 217, 297, 276, 380, 413, 413, 346, 48, 423, 24, 88, 194, 313, 332, 285, 79, 253, 408, 496, 98, 176, 292, 423, 351, 240, 134, 181, 284, 194, 99, 127, 311, 419, 494, 43, 278, 480, 413, 156, 38, 397, 11, 408, 496, 392, 48, 272, 249, 116, 288, 250, 358, 332, 285, 241, 230, 413, 216, 318, 423, 351, 240, 410, 181, 284, 194, 99, 127, 311, 419, 494, 43, 278, 480, 413, 156, 48, 397, 351, 408, 496, 392, 48, 272, 249, 88, 389, 250, 454, 332, 285, 152, 230, 413, 216, 318, 282, 470, 408, 496, 59, 348, 251, 30, 476, 217, 297, 297, 380, 413, 346, 335, 452, 410, 332, 285, 152, 230, 413, 216, 318, 174, 470, 408, 496, 59, 348, 251, 30, 476, 217, 231, 297, 380, 413, 346, 48, 272, 24, 88, 389, 313, 332, 285, 133, 253, 408, 496, 70, 176, 282, 196, 351, 240, 364, 181, 284, 194, 99, 127, 311, 313, 203, 285, 152, 230, 413, 216, 318, 282, 253, 408, 496, 70, 348, 251, 30, 476, 217, 297, 297, 413, 433, 417, 57, 153, 359, 183, 185, 26]
Tree:
None
Fitness on 5000 data:
-4.766208416731954

Fitness:
-4.56535835848314