Generation:
500

Phenotype:
mu = uniform([13, 10.7], 2)  - 20  * mu;
sigma = uniform([3, 6.1], 1)  - uniform([3, 3], 4);
x = gm([4.9, 13, 2.9], [3, 10, 25.4], [22.1, 7.8, 3]) + 1 * 12;

Genotype:
[378, 361, 4, 42, 387, 257, 393, 197, 416, 13, 413, 276, 369, 7, 361, 306, 102, 444, 126, 343, 17, 462, 500, 65, 81, 378, 333, 472, 105, 320, 65, 56, 200, 111, 198, 38, 472, 77, 181, 423, 379, 255, 463, 500, 197, 416, 13, 423, 219, 404, 201, 250, 344, 318, 444, 193, 87, 354, 462, 65, 301, 288, 269, 472, 331, 320, 65, 404, 305, 497, 198, 65, 404, 305, 111, 198, 364, 472, 77, 181, 423, 379, 255, 463, 445, 462, 65, 81, 288, 333, 472, 105, 320, 65, 416, 13, 443, 450, 369, 373, 361, 306, 102, 444, 126, 343, 17, 462, 500, 65, 81, 378, 333, 472, 105, 320, 65, 404, 305, 111, 198, 364, 472, 77, 181, 423, 379, 255, 463, 393, 197, 22, 13, 462, 244, 222, 458, 431, 282, 35, 122, 322, 35, 53, 244, 163, 23, 411, 45, 216]
Tree:
None
Fitness on 5000 data:
-7.668439930158654

Fitness:
-6.927195855558259