Generation:
500

Phenotype:
mu = 30  - gm([6.1, 8, 2], [8, 12, 3]);
sigma = uniform([1, 3.1], 1);
x = gm([4.6, 2, 1], [13.7, 1, 3]) + mu;

Genotype:
[186, 31, 484, 359, 255, 446, 23, 246, 154, 210, 52, 421, 355, 254, 234, 322, 163, 380, 281, 130, 134, 194, 480, 353, 192, 313, 2, 368, 157, 354, 225, 92, 373, 459, 499, 171, 408, 147, 210, 305, 305, 40, 195, 376, 203, 251, 97, 284, 322, 374, 242, 435, 62, 157, 354, 24, 92, 373, 172, 499, 402, 408, 147, 210, 305, 206, 40, 195, 376, 165, 212, 322, 42, 380, 281, 130, 134, 194, 358, 353, 192, 313, 195, 376, 165, 212, 29, 269, 322, 374, 242, 376, 165, 192, 313, 378, 368, 157, 375, 225, 92, 373, 459, 499, 171, 353, 147, 210, 130, 282, 352, 243, 2, 65, 380, 157, 354, 234, 40, 52, 90, 28, 124, 77, 358, 382, 242, 66, 110, 130, 282, 352, 243, 2, 65, 380, 190, 195, 130, 282, 192, 358, 192, 39, 242, 38, 421, 226, 28, 201, 77, 117, 453, 154, 291, 46, 1, 200, 326, 306, 262, 15, 174, 423, 117, 448, 291, 203, 192, 39, 242, 317, 421, 226, 78, 398, 95, 332, 462, 454, 285, 452, 167, 47, 192, 77, 142, 328, 217, 292, 150, 257, 123, 252, 455, 269, 32, 12, 83, 414, 115, 351, 6]
Tree:
None
Fitness on 5000 data:
-6.656699913737196

Fitness:
-6.373114795163698