Generation:
500

Phenotype:
u = bern(0.6);
if 9 * uniform([24, 18.5], 3) < 20 { 
   u = 22  * bern(0.6); 
 } else { 
   v = v + 4  * uniform([2, 2], 1); 
 } end if;
w = uniform([21, 12.3], 1)  - 24;;

Genotype:
[385, 223, 80, 446, 84, 222, 30, 215, 473, 303, 13, 40, 31, 195, 446, 241, 171, 390, 328, 382, 72, 206, 237, 156, 5, 54, 354, 472, 425, 499, 194, 123, 88, 441, 277, 313, 150, 344, 178, 55, 407, 134, 95, 272, 145, 288, 336, 172, 185, 74, 425, 135, 222, 114, 421, 446, 227, 40, 368, 282, 303, 13, 40, 31, 195, 446, 241, 30, 215, 473, 303, 13, 40, 31, 195, 446, 241, 171, 390, 328, 447, 72, 206, 237, 156, 5, 54, 354, 472, 425, 499, 194, 123, 88, 441, 277, 313, 150, 344, 178, 55, 407, 134, 95, 272, 145, 288, 336, 172, 185, 74, 425, 135, 222, 114, 421, 426, 227, 40, 368, 26, 425, 499, 472, 425, 499, 194, 123, 2, 441, 171, 313, 150, 435, 178, 55, 443, 134, 314, 62, 114, 288, 336, 172, 227, 85, 401, 81, 447, 303, 317, 40, 31, 195, 446, 101, 171, 390, 70, 309, 72, 206]
Tree:
None
Fitness on 5000 data:
-6.129254753067772

Fitness:
-6.0997090176133675