Generation:
500

Phenotype:
mu = 20  - gm([30, 2, 2.9]); 
sigma = 19  * gm([18.4, 0, 6], [9.5, 13.1, 7.4])  - mu; 
x = 0  * gm([22, 12, 0], [6, 8.2, 12.4]);
x = gm([12, 5, 5.5]) + 19;
sigma = uniform([0, 4], 3);;

Genotype:
[331, 248, 320, 446, 361, 327, 442, 192, 482, 61, 314, 95, 195, 157, 62, 104, 112, 81, 76, 37, 301, 297, 408, 68, 496, 498, 192, 486, 283, 195, 49, 369, 478, 270, 435, 410, 498, 192, 486, 384, 195, 157, 62, 496, 187, 496, 301, 12, 291, 344, 248, 320, 446, 316, 327, 442, 496, 301, 12, 291, 344, 248, 320, 446, 316, 327, 442, 192, 482, 384, 24, 408, 369, 129, 409, 317, 104, 112, 81, 76, 37, 301, 12, 408, 68, 496, 498, 192, 486, 283, 195, 49, 369, 478, 270, 435, 410, 111, 277, 284, 391, 144, 126, 144, 126, 273, 494, 405, 417, 3, 280, 489, 482, 375, 390, 451, 23, 53, 107, 121, 300, 336, 87, 66, 353, 490, 384, 65, 319, 203, 180, 343, 448, 117, 395, 241, 19, 488, 192, 267, 25, 57, 18, 228, 351, 323, 61, 308, 15, 27, 312, 117, 350, 392, 278, 475, 291, 68, 198, 157, 26, 126, 409, 113, 335, 360, 470, 350, 121, 306, 418, 170, 386, 223, 238, 474, 92, 33, 240, 325, 342, 235, 278, 386, 254, 173, 256, 470, 93, 171, 329, 30, 427, 85, 86, 66, 244, 340, 284, 409, 144, 126, 273, 494, 405, 417, 211, 173]
Tree:
None
Fitness on 5000 data:
-7.248141741150472

Fitness:
-6.894901949241521