Generation:
500

Phenotype:
b = 17  - b;
a = gm([29, 2.3, 2], [1, 23, 20.5]);
b = 1  * gm([11.2, 7.7, 1.1], [7.5, 0, 7]);;

Genotype:
[439, 265, 272, 265, 333, 362, 233, 96, 141, 255, 330, 149, 34, 438, 378, 78, 147, 499, 407, 136, 370, 15, 95, 308, 104, 95, 34, 438, 404, 294, 457, 101, 20, 85, 237, 32, 9, 379, 498, 223, 311, 478, 263, 417, 11, 208, 341, 38, 321, 399, 404, 324, 68, 101, 379, 184, 208, 341, 98, 255, 407, 362, 446, 15, 378, 78, 366, 319, 34, 438, 404, 294, 64, 101, 20, 85, 287, 32, 462, 379, 135, 498, 223, 311, 145, 363, 295, 441, 495, 446, 51, 407, 78, 204, 438, 330, 78, 366, 319, 407, 362, 446, 15, 378, 78, 366, 319, 34, 438, 404, 294, 302, 101, 20, 85, 135, 43, 64, 258, 243, 231, 208, 386, 361, 303, 157, 386, 361, 303, 157, 487, 229, 216, 374, 291, 51, 407, 362, 446, 15, 378, 78, 366, 319, 34, 438, 404, 294, 101, 20, 85, 492, 138, 271, 318, 197, 309, 143, 356, 242, 25, 424, 23, 292, 404, 53, 321, 46, 143, 57, 397, 361, 110, 69, 459, 9, 385]
Tree:
None
Fitness on 5000 data:
-4.988238411819983

Fitness:
-4.5821048258542785