Generation:
500

Phenotype:
p1wins = bern(0.4);
skill1 = 3  * uniform([4, 5.5], 3);
skill2 = 21  * skill2 + uniform([15, 9.3], 1);;

Genotype:
[155, 403, 472, 85, 254, 78, 357, 163, 219, 180, 198, 489, 81, 145, 34, 162, 376, 433, 129, 490, 238, 243, 418, 183, 484, 238, 424, 269, 468, 340, 357, 254, 232, 357, 319, 497, 180, 228, 421, 309, 330, 364, 34, 162, 280, 397, 193, 120, 228, 243, 364, 34, 162, 280, 381, 44, 120, 87, 243, 226, 78, 391, 178, 442, 275, 332, 97, 465, 341, 494, 91, 81, 310, 72, 81, 310, 72, 263, 90, 296, 159, 330, 364, 34, 290, 479, 128, 127, 120, 87, 243, 226, 78, 391, 178, 442, 275, 332, 97, 465, 341, 494, 91, 81, 310, 72, 81, 310, 72, 263, 90, 296, 159, 330, 364, 34, 290, 479, 128, 127, 164, 87, 207, 350, 78, 85, 254, 78, 357, 500, 219, 12, 421, 90, 307, 219, 439, 273, 166, 332, 448, 473, 157, 274, 462, 264, 54, 204, 50, 356, 465, 270, 494, 91, 81, 310, 72, 77, 380]
Tree:
None
Fitness on 5000 data:
-6.779061341488916

Fitness:
-6.219613186118594