Generation:
500

Phenotype:
sigma = uniform([1, 3], 1);
mu = gm([10, 16, 4]) + sigma;
x = mu  - uniform([6, 19.2], 3);
x = gm([19.2, 22, 3])  - uniform([0, 1], 4);

Genotype:
[323, 307, 114, 84, 469, 474, 99, 386, 218, 96, 164, 172, 388, 428, 342, 469, 474, 31, 470, 218, 10, 292, 47, 130, 469, 474, 99, 91, 233, 96, 165, 47, 158, 198, 444, 237, 174, 137, 316, 39, 298, 208, 162, 417, 468, 256, 284, 77, 246, 490, 122, 39, 298, 208, 486, 270, 404, 34, 468, 197, 186, 34, 234, 135, 468, 256, 284, 212, 444, 490, 494, 128, 388, 39, 47, 322, 39, 298, 218, 96, 115, 47, 322, 12, 444, 201, 174, 110, 316, 39, 298, 208, 486, 270, 468, 256, 284, 212, 444, 490, 494, 468, 256, 284, 212, 444, 232, 390, 128, 388, 200, 324, 315, 317, 47, 322, 165, 444, 201, 249, 110, 346, 39, 298, 208, 1, 270, 468, 256, 284, 212, 201, 249, 110, 316, 39, 298, 208, 1, 270, 468, 256, 284, 270, 468, 256, 284, 212, 444, 490, 390, 128, 388, 200, 307, 25, 381, 469, 474, 99, 250, 218, 116, 200, 458, 179, 147, 486, 47, 322, 165, 444, 201, 249, 110, 316, 39, 298, 186, 34, 468, 68, 136, 149, 176, 50, 407, 133, 317, 447, 202, 155, 22, 103, 408, 455, 349, 85, 181, 138, 138, 357, 245, 176, 50, 407, 133, 317, 447, 408, 384, 444, 268, 364, 464, 452, 238, 332, 90]
Tree:
None
Fitness on 5000 data:
-7.322004832054315

Fitness:
-6.967359185139844