Generation:
500

Phenotype:
if w + u <= 23 { 
   v = 30  - gm([9, 21, 2.3], [1.2, 17, 6], [2.8, 18, 1.8]);
  u = gm([20, 2, 2], [0.1, 22.3, 3])  - bern(0.9);
  w = gm([12.6, 7.5, 2], [0.1, 22, 6])  - 3  * bern(0.5); 
 } else { 
   w = gm([12.6, 7.5, 2], [0.2, 22.1, 10], [28.4, 24, 22], [21.4, 26.4, 29], [6, 3, 20.4]) + 5 * 21; 
 } end if;;

Genotype:
[191, 150, 11, 83, 471, 22, 272, 116, 142, 240, 232, 342, 33, 116, 286, 166, 169, 313, 344, 272, 324, 92, 90, 457, 287, 170, 71, 282, 114, 57, 498, 380, 277, 381, 32, 334, 226, 48, 476, 409, 246, 199, 250, 394, 366, 421, 17, 125, 385, 496, 268, 135, 500, 405, 117, 105, 50, 299, 286, 157, 380, 343, 104, 61, 217, 99, 409, 456, 290, 316, 406, 33, 35, 206, 273, 374, 387, 5, 83, 390, 1, 405, 117, 105, 50, 299, 286, 157, 380, 343, 104, 61, 217, 99, 16, 456, 290, 316, 196, 189, 35, 121, 273, 374, 387, 5, 115, 390, 1, 405, 117, 105, 50, 299, 286, 157, 380, 343, 211, 61, 217, 82, 409, 456, 0, 316, 196, 189, 35, 121, 273, 390, 55, 152, 115, 57, 1, 486, 282, 115, 57, 498, 380, 277, 456, 290, 316, 406, 189, 35, 206, 273, 374, 387, 5, 83, 390, 1, 405, 117, 105, 50, 299, 286, 157, 380, 343, 104, 61, 217, 99, 16, 456, 290, 316, 196, 189, 35, 121, 273, 374, 387, 5, 115, 390, 1, 405, 117, 105, 50, 299, 286, 71, 380, 343, 211, 61, 217, 82, 409, 456, 0, 316, 196, 189, 35, 121, 273, 390, 55, 152, 115, 57, 1, 486, 399, 471, 359, 471, 331, 310, 116, 258, 144, 86, 125, 385, 92, 268, 135, 500, 405, 117, 105, 50, 299, 286, 157, 380, 343, 104, 61, 217, 99, 409, 456, 290, 316, 406, 189, 35, 206, 273, 374, 16, 335, 134, 474, 204, 134, 16, 92, 90, 350, 28, 272, 153, 90, 425, 330, 179, 351, 258, 361, 281, 379, 251, 213, 424, 439, 166, 472, 360, 142, 448, 175, 496, 104, 487, 143, 467, 113, 147, 197, 207, 278, 259, 222, 332, 57, 83, 98, 441, 275, 473, 341, 251, 271]
Tree:
None
Fitness on 5000 data:
-6.221503448392675

Fitness:
-6.190409968404699