Generation:
500

Phenotype:
u = bern(0.2); 
v = 20  * v  - 1  * bern(0.6); 
w = gm([11, 2, 6], [14, 4.9, 2]);
v = gm([0.4, 11, 2]);;

Genotype:
[233, 120, 315, 275, 352, 38, 262, 51, 128, 214, 175, 1, 463, 185, 471, 369, 413, 43, 48, 414, 106, 219, 144, 223, 328, 262, 107, 325, 97, 476, 414, 219, 219, 134, 223, 460, 48, 351, 361, 10, 67, 31, 363, 154, 414, 412, 219, 463, 185, 471, 369, 413, 43, 154, 414, 412, 219, 144, 223, 144, 223, 328, 262, 107, 461, 127, 268, 42, 144, 223, 460, 48, 114, 361, 10, 67, 31, 363, 353, 352, 475, 67, 31, 325, 56, 262, 51, 128, 290, 175, 324, 463, 185, 138, 319, 63, 413, 43, 154, 58, 244, 395, 216, 317, 204, 157, 262, 154, 58, 244, 395, 216, 317, 326, 157, 262, 421, 325, 446, 268, 340, 100, 219, 438, 240, 328, 301, 462, 361, 10, 67, 31, 348, 317, 204, 157, 262, 469, 214, 363, 468, 406, 393, 353, 380, 397, 480, 282, 362, 147, 260, 329, 174, 299, 228, 475, 462, 361, 10, 67, 31, 363, 362, 222, 49, 120, 361, 10, 67, 88, 363, 362, 222, 49, 120, 315, 275, 352, 38, 262, 51, 128, 290, 175, 324, 463, 185, 138, 319, 63, 413, 43, 154, 58, 244, 395, 216, 317, 204, 262, 421, 325, 446, 268, 340, 100, 219, 438, 240, 328, 301, 462, 361, 10, 67, 31, 348, 317, 204, 157, 262, 107, 325, 127, 268, 414, 100, 219, 144, 240, 328, 301, 462, 361, 10, 67, 31, 363, 483, 222, 100, 120, 247, 275, 352, 64, 3, 137, 35, 424, 422, 25, 445, 256, 369, 298, 143, 220, 130, 168, 182, 263, 417, 238, 259, 446, 419, 449, 73, 410, 467, 420, 281, 352, 424, 415, 122, 102, 126, 235, 471, 372, 62, 192, 305, 275, 487, 186, 147, 87, 123, 21, 365, 76, 50, 198, 372, 291, 313, 436, 296, 108, 462, 338, 289, 338, 211, 329, 441, 486, 68, 91, 10, 41, 85, 110, 332, 200, 449, 35, 50, 11, 173, 87, 267, 294, 89, 206, 254, 475, 279, 470, 252, 392, 76, 189, 328, 487, 162, 378, 480, 162, 66, 28, 234, 27, 344, 171, 496, 362, 222, 49, 120, 315, 275, 352, 38, 262, 428, 128, 290, 175, 324, 463, 185, 138, 319, 41, 325, 77, 494, 292, 142, 22, 499, 331, 18, 466, 469, 214, 363, 468, 406, 393, 353, 380, 397, 480, 282, 362, 480, 162, 66, 28, 234, 27, 344, 171, 496, 362, 222, 49, 120, 315, 275, 352, 38, 262, 428, 128, 290, 175, 324, 463, 185, 138, 319, 41, 325, 77, 494, 292, 142, 22, 499, 331, 18, 466, 469, 214, 363, 468, 406, 393, 353, 380, 397, 480, 282, 362, 147, 260, 329, 174, 69, 26, 301, 417, 125, 478, 375, 190, 427, 325, 464, 387, 271, 322, 485, 252, 491, 296, 206, 304, 292, 73, 217, 34, 367, 384, 89, 84, 55, 181, 354, 93, 16, 456, 328, 307, 205, 175, 215, 26, 33, 438, 413, 439, 1, 431, 259]
Tree:
None
Fitness on 5000 data:
-5.43893123760829

Fitness:
-5.1542522670107385