Generation:
500

Phenotype:
mu = 6;
mu = mu + 11;
mu = uniform([18, 3], 2)  - 20 * 18;
mu = mu;
x = 1  * gm([9, 22, 3]);
mu = gm([11.2, 18, 5]);
sigma = 4  * uniform([0, 1], 1)  - 14  * sigma;

Genotype:
[305, 64, 180, 306, 138, 186, 335, 490, 347, 170, 264, 228, 373, 303, 123, 261, 392, 264, 228, 373, 458, 369, 459, 377, 264, 452, 452, 326, 434, 213, 389, 177, 361, 235, 60, 224, 303, 123, 264, 228, 120, 328, 180, 276, 389, 90, 328, 497, 13, 102, 148, 350, 416, 177, 4, 251, 60, 224, 303, 123, 255, 163, 94, 107, 135, 406, 186, 328, 186, 284, 264, 82, 468, 133, 32, 439, 4, 14, 186, 302, 369, 92, 334, 324, 396, 31, 97, 233, 90, 328, 497, 412, 102, 439, 373, 458, 369, 241, 368, 324, 137, 109, 97, 233, 382, 286, 82, 368, 210, 146, 350, 134, 356, 416, 230, 70, 378, 484, 414, 270, 286, 205, 198, 196, 408, 23, 376, 484, 342, 269, 0, 457, 433, 164, 324, 429, 445, 360, 13, 102, 148, 350, 416, 177, 4, 136, 60, 224, 303, 123, 378, 154, 144, 107, 135, 160, 186, 328, 177, 4, 136, 60, 224, 303, 123, 378, 163, 144, 107, 135, 168, 186, 328, 186, 392, 264, 82, 368, 133, 32, 439, 373, 458, 369, 177, 416, 230, 123, 378, 484, 414, 270, 286, 205, 198, 196, 408, 82, 376, 484, 342, 269, 0, 457, 433, 164, 324, 429, 445, 360, 10, 341, 83, 48, 249, 152, 70, 301, 334, 224, 248, 123, 344, 187, 144, 107, 466, 442, 133, 196, 439, 448, 458, 369, 120, 368, 324, 368, 197, 97, 328, 328, 26, 392, 36, 82, 69, 12]
Tree:
None
Fitness on 5000 data:
-7.092705098819974

Fitness:
-6.91262038517415