Generation:
500

Phenotype:
w = uniform([2, 9], 1);
u = gm([11, 20, 27.1], [7.4, 14.5, 28.1], [29.7, 4, 13.4])  - 20 * 24;
v = 26  * gm([16.9, 20.9, 7]) + 20  * uniform([19, 9], 1);
u = bern(0.3)  - bern(0.1);
v = 30  - uniform([16, 9], 1);;

Genotype:
[408, 286, 368, 151, 473, 432, 399, 134, 467, 454, 116, 368, 224, 247, 51, 38, 453, 297, 473, 432, 383, 432, 392, 407, 368, 72, 247, 51, 410, 453, 427, 200, 454, 411, 307, 36, 220, 51, 370, 321, 254, 35, 55, 478, 354, 38, 453, 454, 55, 478, 354, 175, 307, 70, 346, 305, 29, 380, 307, 16, 269, 305, 454, 116, 368, 224, 247, 51, 38, 453, 454, 116, 368, 280, 247, 51, 410, 453, 427, 263, 141, 351, 351, 243, 158, 224, 454, 116, 368, 224, 309, 51, 38, 78, 440, 224, 224]
Tree:
None
Fitness on 5000 data:
-5.234833714090902

Fitness:
-4.913289290152045