Generation:
500

Phenotype:
u = bern(0.5); 
 v = bern(0.9); 
 w = 1  - bern(0.8); 
  if u != 1 { 
       if u >= 0{ 
             x = x + bern(0.7); 
       } else { 
             x = x; 
       } end if; 
 } else { 
       if u != 0{ 
             x = 1  - bern(0.8); 
       } else { 
             x = w; 
       } end if; 
 } end if;

Genotype:
[367, 39, 198, 343, 445, 282, 360, 155, 134, 140, 283, 321, 150, 319, 169, 372, 344, 387, 333, 323, 254, 450, 428, 314, 450, 391, 476, 54, 379, 380, 55, 249, 354, 454, 210, 135, 378, 276, 395, 134, 140, 283, 321, 150, 319, 169, 372, 344, 190, 134, 140, 283, 321, 150, 319, 169, 372, 344, 387, 65, 323, 155, 134, 140, 283, 321, 150, 379, 283, 136, 13, 196, 417, 155, 467, 48, 258, 137, 169, 372, 295, 319, 343, 445, 282, 360, 253, 134, 198, 343, 445, 282, 360, 253, 134, 110, 283, 321, 150, 319, 169, 23, 29, 169, 372, 344, 283, 3, 295, 319, 333, 323, 409, 344, 13, 186, 150, 319, 239, 376, 344, 13, 333, 323, 254, 450, 254, 428, 314, 450, 391, 39, 337, 78, 155, 54, 278, 380, 55, 249, 354, 13, 153, 323, 149, 109, 436, 283, 343, 445, 282, 360, 450, 428, 314, 450, 167, 476, 54, 184, 380, 55, 249, 354, 238, 131, 190, 369, 469, 430, 219, 467, 48, 258, 185, 193, 490, 467, 196, 156, 102, 458, 199, 253, 320, 7, 376, 185, 371, 295, 397, 43, 379, 313, 363, 388, 259, 384, 446, 317, 282, 377, 36, 283, 225, 10, 65, 236, 249, 493, 107, 1, 6, 55, 492, 461, 93, 468, 19, 259, 64, 151]
Tree:
None
Fitness on 5000 data:
-2.0954353878072727

Fitness:
-1.6732349243711775