Generation:
500

Phenotype:
skill2 = gm([6, 4, 5]) + gm([26.6, 13.3, 1.3]);
skill1 = 12  * uniform([15, 4], 3) + 9;
skill1 = 4  * uniform([11, 6.3], 1)  - uniform([4, 12.3], 2);
skill1 = uniform([11, 9], 2) + uniform([1, 8], 4);
 cond = 1.3*skill2; 
cond = skill1 - cond; 
if cond > 0 { 
  p1wins = 1.0;
 } else { 
   p1wins = 0.0; 
 } end if;

Genotype:
[430, 160, 416, 299, 89, 40, 402, 177, 378, 94, 378, 466, 159, 324, 284, 324, 205, 138, 485, 429, 158, 11, 385, 263, 249, 466, 11, 188, 198, 136, 421, 70, 322, 34, 15, 20, 345, 126, 320, 416, 71, 128, 78, 142, 396, 119, 421, 128, 138, 73, 429, 130, 11, 416, 348, 466, 159, 473, 12, 20, 245, 126, 320, 416, 116, 466, 345, 126, 135, 416, 116, 177, 159, 378, 94, 378, 466, 235, 324, 284, 324, 205, 138, 405, 429, 158, 11, 385, 319, 249, 466, 390, 206, 421, 136, 421, 301, 488, 34, 15, 20, 345, 126, 320, 416, 71, 128, 488, 142, 390, 422, 421, 128, 138, 73, 429, 130, 286, 60, 371, 466, 159, 324, 284, 324, 205, 406, 73, 429, 130, 11, 385, 389, 249, 466, 390, 136, 421, 128, 488, 257, 488, 96, 361, 20, 345, 126, 48, 466, 159, 324, 284, 324, 205, 406, 425, 429, 150, 359, 385, 389, 466, 159, 257, 128, 94, 244, 320, 116, 466, 136, 421, 128, 488, 34, 12, 390, 136, 242, 179, 488, 416, 116, 466, 159, 257, 481, 180, 492, 430, 257, 128, 94, 244, 320, 116, 466, 136, 421, 128, 488, 34, 12, 390, 136, 242, 179, 488, 416, 116, 466, 159, 257, 481, 180, 492, 425, 61, 205, 324, 498, 94, 6, 466, 159, 324, 284, 324, 205, 406, 205, 406, 408, 429, 150, 359, 385, 425, 128, 418, 244, 466, 159, 324, 284, 324, 205, 406, 408, 429, 150, 359, 385, 310, 487, 466, 390, 136, 421, 128, 488, 34, 12, 20, 345, 126, 320, 466, 159, 257, 481, 382, 481, 180, 382, 180, 382, 312, 126, 262, 219, 434, 457, 35, 205, 324, 416, 116, 61, 324, 347, 81, 115, 136, 293, 128, 488, 34, 12, 20, 345, 126, 320, 416, 116, 30, 159, 257, 481, 180, 382, 95, 117, 320, 94, 244, 466, 159, 324, 205, 324, 205, 406, 205, 406, 408, 429, 150, 359, 385, 389, 123, 466, 34, 12, 20, 345, 126, 320, 416, 116, 61, 324, 205, 392, 205, 406, 408, 429, 150, 359, 385, 389, 487, 466, 390, 136, 421, 128, 488, 34, 12, 20, 345, 156, 326, 284, 458, 100, 103, 374, 40, 36, 77, 284, 309, 242, 3, 260, 103, 251, 255, 15, 112, 57, 170, 483, 228, 336, 491, 317, 80, 485, 429, 120, 80, 485, 429, 120, 478, 124]
Tree:
None
Fitness on 5000 data:
-6.088457151722493

Fitness:
-5.68283946700368