Generation:
500

Phenotype:
skill1 = uniform([6, 22.3], 1) + bern(0.5); 
skill2 = gm([16, 21.1, 3]); 
p1wins = 30  * bern(0.1)  - 15  * bern(0.8);
p1wins = bern(0.5);;

Genotype:
[289, 259, 258, 62, 161, 61, 487, 470, 80, 462, 131, 445, 225, 93, 189, 336, 262, 233, 265, 176, 468, 168, 468, 305, 187, 92, 155, 423, 280, 294, 411, 484, 162, 40, 453, 443, 114, 138, 31, 463, 68, 2, 48, 30, 99, 55, 381, 189, 336, 58, 302, 33, 233, 265, 176, 468, 166, 187, 92, 155, 423, 280, 395, 463, 68, 488, 48, 30, 99, 55, 42, 126, 483, 71, 434, 44, 355, 436, 225]
Tree:
None
Fitness on 5000 data:
-6.8779605995389765

Fitness:
-6.335708316675517