Generation:
500

Phenotype:
mu = 1  * uniform([30, 6.3], 4)  - gm([0.5, 2, 16], [1.8, 30, 0], [27, 13, 3.6]); 
sigma = uniform([0, 4], 1); 
x = sigma;
x = gm([11, 0, 22.6])  - 25  * gm([21.6, 30, 0]);
x = 3  * gm([9.5, 26, 29])  - mu;
x = gm([11, 0.5, 21])  - 25  * gm([21.6, 16, 18]);
x = uniform([15, 17.1], 3);;

Genotype:
[166, 419, 175, 187, 179, 123, 261, 347, 146, 103, 57, 31, 387, 211, 372, 337, 362, 157, 116, 450, 137, 235, 466, 61, 312, 309, 116, 0, 50, 178, 306, 22, 137, 91, 127, 203, 312, 309, 71, 31, 76, 336, 476, 453, 45, 162, 304, 41, 304, 193, 353, 488, 492, 289, 416, 68, 73, 420, 279, 139, 146, 176, 31, 180, 211, 234, 337, 362, 239, 420, 309, 116, 0, 50, 18, 306, 164, 137, 91, 127, 61, 312, 309, 71, 31, 76, 336, 440, 463, 243, 162, 414, 41, 304, 193, 353, 488, 492, 289, 416, 68, 73, 281, 279, 139, 146, 176, 31, 180, 211, 234, 337, 362, 239, 420, 450, 50, 18, 453, 164, 177, 98, 99, 108, 431, 387, 219, 420, 450, 50, 50, 18, 306, 164, 177, 98, 99, 108, 422, 387, 219, 420, 450, 50, 23, 47, 230, 471, 294, 377, 403, 196, 324, 146, 151, 327, 396, 267, 488, 248, 341, 102, 190, 178, 149, 207, 79, 250, 148, 131, 294, 404, 203, 416, 181, 98, 349, 237, 358, 293, 380, 220, 219, 260, 118, 244, 296, 198, 96, 108, 362, 65, 481, 106, 406, 323, 310, 16, 457, 224, 139, 96, 92, 263, 48, 415, 460, 166, 258, 56, 223, 207, 278, 200, 396, 13, 474, 111, 363, 231, 16, 103, 181, 197, 231, 398, 201, 219, 473, 387, 423, 424, 460, 143, 119, 232, 344, 72, 410, 35, 395, 9, 413, 413, 19, 397, 69, 199, 282, 146, 71, 475, 462, 419, 152, 70, 271, 82, 263, 129, 261, 187, 22, 208, 151, 452, 112]
Tree:
None
Fitness on 5000 data:
-7.08935230649096

Fitness:
-6.834528871367341