Generation:
500

Phenotype:
skill1 = gm([21.6, 19.1, 3])  - 1  * p1wins; 
skill2 = gm([7, 22, 5]); 
p1wins = 24  * skill1 + 3;
p1wins = bern(0.5);;

Genotype:
[450, 104, 180, 385, 452, 467, 393, 419, 413, 422, 279, 452, 468, 310, 218, 284, 305, 246, 222, 133, 216, 396, 348, 284, 270, 246, 222, 133, 286, 303, 360, 129, 131, 426, 34, 294, 48, 407, 317, 294, 231, 407, 139, 428, 415, 294, 231, 407, 426, 447, 190, 216, 396, 348, 96, 428, 360, 18, 231, 407, 118, 383, 103, 393, 448, 178, 244, 212, 426, 225, 190, 77, 59, 371, 294, 231, 407, 63, 81, 413, 475, 492, 393, 448, 178, 244, 77, 270, 63, 81, 96, 478, 6, 131, 491, 162, 47, 136, 282, 314, 406, 233, 283, 305, 15, 2, 29, 247, 97, 248, 469, 399, 189, 353, 168, 44, 220, 141, 371, 450, 131, 497, 39, 481, 318, 250, 163, 66, 206]
Tree:
None
Fitness on 5000 data:
-6.4998105364129515

Fitness:
-6.193268459395825