Generation:
500

Phenotype:
skill1 = gm([10.6, 6, 0]) + gm([16.6, 16, 3.1]); 
skill2 = gm([4, 26, 17], [17.9, 21.2, 4], [22, 21, 2.3], [16, 14.7, 4]); 
if 13 * bern(0.9) > 24 { 
  p1wins = 29 * 29  - 8 * 23;
 } else { 
  p1wins = bern(0.5); 
 } end if;

Genotype:
[417, 496, 321, 485, 418, 481, 72, 455, 300, 68, 436, 496, 321, 485, 390, 481, 481, 212, 62, 388, 23, 96, 198, 309, 447, 481, 265, 64, 314, 388, 336, 40, 110, 181, 53, 296, 125, 437, 21, 235, 388, 128, 207, 484, 487, 498, 269, 265, 64, 281, 118, 94, 140, 319, 262, 447, 42, 283, 105, 300, 209, 447, 67, 161, 427, 86, 392, 128, 81, 215, 91, 287, 91, 380, 85, 9, 252, 391, 292, 354, 99, 494, 144, 424, 20, 261, 339, 391, 97, 269, 216, 339, 391, 97, 269, 216, 267, 158, 52, 425, 480, 128, 381, 402, 137, 30, 63, 199, 439, 202, 84, 242, 259, 448, 120, 234, 432, 245, 250, 211, 112, 1, 263, 326, 64, 117, 436, 476, 49, 53, 487, 38, 444, 300, 246, 447, 40, 119, 389, 38, 319, 453, 44, 63, 177, 308, 147, 287, 323, 435, 489, 62, 415, 462, 396, 455, 478, 145, 373, 438, 270, 311, 434, 180, 84, 388, 105, 40, 110, 163, 193, 124, 242, 466, 94, 433, 201, 36, 207, 306, 274, 72, 434, 414, 357, 374, 31, 249, 47, 235, 247, 310, 170, 29, 112, 259]
Tree:
None
Fitness on 5000 data:
-6.740824367429109

Fitness:
-6.25543484079852