Generation:
500

Phenotype:
w = gm([7, 6.8, 2])  - bern(0.6);
v = gm([12, 20.8, 29.2])  - 3  * u;
u = 24  * v  - 24  * v;
v = gm([9, 9.7, 1.9]);
u = bern(0.4);;

Genotype:
[391, 226, 300, 6, 194, 212, 21, 401, 442, 212, 131, 345, 192, 358, 22, 95, 378, 259, 401, 308, 136, 262, 182, 192, 161, 334, 440, 74, 95, 485, 259, 401, 308, 136, 262, 406, 192, 354, 476, 180, 376, 135, 215, 238, 210, 460, 346, 409, 210, 316, 415, 158, 180, 176, 415, 156, 42, 161, 334, 440, 412, 345, 102, 474, 415, 156, 8, 66, 354, 476, 180, 345, 165, 215, 408, 409, 210, 316, 135, 357, 402, 136, 409, 345, 135, 215, 138, 409, 210, 316, 256, 180, 176, 415, 156, 171, 357, 402, 431, 343, 211, 450, 90, 100, 232, 278, 90, 382, 261, 245, 88, 154, 273, 384, 133, 300, 6, 135, 215, 238, 409, 210, 316, 135, 357, 402, 136, 409, 409, 345, 135, 215, 138, 409, 210, 316, 256, 180, 176, 415, 156, 171, 357, 402, 431, 343, 211, 450, 90, 100, 232, 278, 90, 382, 261, 138, 88, 154, 273, 384, 200, 300, 6, 194, 328, 210, 100, 232, 278, 90, 382, 261, 138, 88, 154, 273, 384, 200, 300, 6, 194, 328, 210, 401, 442, 136, 345, 135, 215, 251, 316, 340, 276, 384, 415, 156, 33, 357, 459, 139, 87]
Tree:
None
Fitness on 5000 data:
-5.0162725877874905

Fitness:
-4.865353401394372