Generation:
500

Phenotype:
sigma = 11  * uniform([0, 0.3], 2);
x = gm([14.2, 26, 12], [18, 0, 0]) + 11  * uniform([0, 0.5], 4);
mu = gm([11, 18, 4]);
x = x;
 x = sigma * gm([1,1,1]);
x = x + mu;

Genotype:
[466, 91, 196, 462, 124, 186, 244, 166, 26, 496, 491, 31, 452, 37, 44, 452, 218, 124, 132, 496, 437, 31, 355, 244, 166, 26, 106, 198, 44, 452, 173, 196, 403, 124, 186, 244, 166, 26, 496, 491, 31, 355, 35, 494, 344, 439, 123, 228, 228, 403, 428, 198, 104, 452, 173, 196, 469, 198, 152, 452, 173, 222, 75, 123, 173, 196, 218, 124, 186, 244, 346, 26, 496, 494, 279, 439, 123, 228, 228, 403, 38, 198, 44, 452, 173, 196, 469, 198, 152, 452, 173, 222, 75, 481, 173, 196, 218, 124, 186, 244, 166, 26, 496, 491, 31, 147, 35, 494, 344, 439, 123, 228, 228, 403, 38, 166, 26, 496, 491, 31, 355, 35, 494, 344, 439, 123, 228, 228, 403, 38, 196, 218, 124, 186, 244, 422, 26, 496, 491, 452, 179, 22, 494, 494, 344, 216, 4, 144, 278, 93, 234, 325, 375, 170, 26, 369, 53, 243, 50, 286, 156, 382, 249, 307, 296, 135, 154, 366, 219, 172, 59, 281, 131, 43, 388, 453, 208, 30, 147, 71, 347, 251, 351, 408, 76, 380, 5, 389, 116, 445, 177, 435, 244, 415, 222, 82, 117, 349, 125, 484, 356, 108, 495, 102]
Tree:
None
Fitness on 5000 data:
-6.542700107560463

Fitness:
-6.002618478238053