Generation:
500

Phenotype:
skill2 = gm([28.7, 22, 7])  - p1wins;
skill1 = uniform([3, 29.7], 3);
p1wins = 4  * gm([30, 0.3, 6]) + skill2;;

Genotype:
[345, 220, 96, 378, 370, 152, 300, 7, 456, 465, 369, 384, 390, 53, 122, 7, 423, 3, 194, 22, 403, 303, 462, 21, 314, 96, 479, 277, 186, 378, 213, 30, 463, 332, 400, 277, 66, 25, 54, 24, 247, 277, 434, 2, 186, 378, 138, 30, 463, 332, 400, 277, 180, 25, 54, 24, 479, 277, 434, 432, 79, 102, 2, 244, 482, 426, 450]
Tree:
None
Fitness on 5000 data:
-11.49135573860289

Fitness:
-11.273677913331605