Generation:
500

Phenotype:
a = 12 + 3; 
b = gm([29.1, 5.1, 6.3]); 
a = 1  * gm([28.7, 23, 17.4]) + 3  * gm([4.8, 2, 0]);
a = uniform([17, 3], 2);
a = gm([24, 2, 2]);;

Genotype:
[491, 4, 98, 374, 322, 416, 306, 251, 393, 492, 316, 12, 353, 60, 36, 345, 160, 468, 157, 316, 209, 434, 228, 60, 36, 322, 469, 342, 157, 316, 155, 462, 303, 228, 240, 81, 482, 345, 160, 468, 157, 212, 469, 345, 160, 468, 157, 66, 31, 155, 434, 303, 228, 240, 270, 482, 234, 160, 29, 157, 168, 292, 353, 142, 327, 36, 322, 416, 306, 489, 322, 188, 306, 219, 393, 492, 239, 184, 155, 462, 303, 198, 206, 323, 107, 104, 449, 417, 90, 348, 353, 228, 454, 36, 322, 416, 306, 251, 393, 492, 239, 184, 155, 462, 353, 228, 454, 36, 322, 416, 160, 468, 157, 316, 223, 353, 228, 60, 36, 322, 159, 276, 148, 454, 160, 468, 157, 316, 160, 468, 157, 316, 148, 454, 152, 182, 149, 175, 63, 36]
Tree:
None
Fitness on 5000 data:
-5.511830092580783

Fitness:
-5.054037660723526