Generation:
500

Phenotype:
if b != 25 { 
   a = gm([2, 9.5, 19.2], [5, 5.5, 5.7], [4, 22, 15.4], [27.9, 1, 1.6], [1, 0.6, 5.5], [1.2, 3, 22], [0, 27.9, 1]); 
 } else { 
   a = uniform([27, 7], 3) + 2; 
 } end if;
b = gm([28.7, 6.9, 2], [1.9, 9, 17.5], [28.1, 0, 4.6], [2, 5.4, 30]);;

Genotype:
[242, 491, 445, 434, 91, 223, 242, 438, 284, 394, 134, 498, 249, 253, 337, 134, 498, 249, 381, 40, 385, 112, 118, 237, 62, 284, 249, 253, 337, 213, 377, 249, 253, 40, 438, 284, 394, 157, 387, 498, 93, 253, 337, 395, 498, 249, 357, 466, 221, 337, 498, 249, 253, 62, 284, 249, 253, 337, 213, 377, 249, 253, 40, 3, 284, 394, 134, 498, 93, 253, 337, 395, 498, 249, 357, 40, 385, 118, 253, 321, 443, 27, 462, 51, 302, 206, 122, 219, 327, 494, 330, 365, 309, 327, 472, 391, 417, 431, 96, 231, 68, 53, 486, 157, 191, 325, 32, 494, 238, 381, 269, 327, 472, 391, 417, 431, 486, 184, 31, 191, 438, 464, 256, 134, 498, 249, 253, 273, 428, 216, 256, 103, 225, 260, 78, 68, 443, 27, 462, 117, 302, 206, 122, 219, 327, 494, 330, 365, 309, 327, 472, 391, 417, 431, 46, 231, 68, 53, 486, 157, 191, 68, 375, 27, 222, 117, 414, 118, 226, 228, 387, 118, 237, 228, 438, 34, 295, 216, 216, 438, 258, 372, 216, 216, 103, 16, 260, 256, 103, 225, 260, 78, 68, 443, 27, 462, 117, 302, 239, 122, 219, 327, 494, 330, 365, 309, 327, 472, 391, 417, 431, 46, 231, 68, 53, 486, 220, 191, 325, 32, 494, 330, 381, 269, 327, 472, 391, 417, 431, 486, 184, 220, 191, 438, 464, 337, 135, 498, 249, 253, 40, 385, 97, 118, 252, 228, 438, 34, 295, 216, 216, 438, 258, 372, 216, 216, 103, 16, 260, 78, 68, 443, 27, 44, 117, 302, 239, 122, 219, 327, 494, 330, 381, 309, 327, 472, 391, 417, 431, 46, 231, 68, 53, 27, 220, 191, 325, 32, 494, 295, 216, 216, 103, 225, 260, 78, 68, 443, 27, 462, 117, 302, 239, 122, 219, 327, 494, 330, 365, 309, 327, 472, 391, 417, 431, 228, 438, 258, 295, 216, 216, 103, 225, 381, 309, 327, 472, 391, 417, 431, 46, 231, 68, 53, 27, 220, 191, 325, 32, 494, 330, 381, 269, 307, 481, 447, 130, 228, 26, 117, 46, 26, 39, 266, 451, 110, 82, 253, 46, 385, 18, 239, 122, 219, 327, 494, 330, 381, 309, 314, 117, 459, 494, 121, 159, 356, 245, 26, 475, 327, 302, 182, 402, 359, 10, 467, 242, 438, 464, 146, 64]
Tree:
None
Fitness on 5000 data:
-5.192035842430962

Fitness:
-5.075720935024472