Generation:
500

Phenotype:
u = bern(0.2)  - x; 
 v = bern(0.9); 
 w = 0 + bern(0.1); 
  if u == 0 { 
       if v == 1{ 
             x = bern(0.7) + 0; 
       } else { 
             x = 0  - bern(0.1); 
       } end if; 
 } else { 
       if bern(0.9) <= 0{ 
             x = 1; 
       } else { 
             x = bern(0.1)  - 0; 
       } end if; 
 } end if;

Genotype:
[371, 425, 84, 243, 361, 240, 134, 23, 243, 298, 295, 485, 145, 243, 352, 66, 23, 243, 18, 184, 18, 184, 432, 101, 292, 21, 274, 82, 431, 105, 473, 18, 23, 177, 400, 104, 127, 45, 105, 194, 17, 44, 309, 352, 66, 23, 177, 134, 104, 127, 45, 105, 194, 17, 44, 309, 352, 66, 23, 243, 18, 447, 177, 168, 184, 432, 17, 23, 177, 134, 422, 127, 45, 105, 194, 17, 23, 134, 473, 23, 158, 18, 66, 243, 18, 246, 177, 177, 134, 243, 18, 23, 177, 134, 44, 127, 45, 105, 194, 17, 23, 134, 473, 23, 243, 18, 66, 243, 18, 295, 177, 145, 80, 360, 23, 66, 23, 168, 184, 432, 17, 292, 177, 274, 80, 431, 105, 473, 425, 408, 243, 361, 240, 342, 23, 243, 295, 177, 134, 44, 309, 352, 105, 473, 23, 243, 18, 66, 23, 243, 11, 295, 177, 134, 44, 309, 352, 66, 23, 243, 18, 295, 177, 134, 44, 207, 352, 105, 194, 17, 23, 134, 473, 23, 243, 18, 66, 23, 243, 11, 295, 177, 134, 44, 309, 352, 66, 23, 243, 18, 295, 177, 134, 44, 207, 352, 105, 432, 17, 201, 145, 80, 44, 309, 352, 66, 23, 243, 18, 295, 177, 134, 44, 207, 352, 105, 432, 17, 201, 145, 80, 288, 23, 342, 23, 243, 18, 295, 295, 177, 134, 44, 309, 352, 50, 473, 23, 105, 194, 17, 236, 145, 80, 360, 23, 243, 18, 295, 394, 433, 44, 323, 352, 105, 330, 17, 394, 15, 426, 415, 358, 262, 264, 380, 213, 469, 258, 426, 415, 358, 262, 264, 380, 213, 231, 32, 326, 270, 47, 302, 81, 473, 404, 118, 415, 83, 49, 352, 105, 194, 17, 73, 15, 270, 126, 339, 426, 415, 358, 262, 264, 380, 213, 231, 32, 326, 270, 47, 231, 32, 326, 270, 47, 302, 219, 473, 404, 423, 57, 427, 234, 293, 450, 412, 317, 98, 457, 323, 335, 288, 357, 498, 478, 468, 136, 480, 304, 145, 80, 360, 401, 433, 469, 258, 362, 10, 21, 366, 135, 17, 282, 183, 398]
Tree:
None
Fitness on 5000 data:
-inf

Fitness:
-1.4522195575975365