Generation:
500

Phenotype:
skill2 = uniform([9, 20.9], 1);
skill1 = 6 + uniform([7, 13.5], 1);
if skill1-skill2 > 0 { 
  p1wins = 1.0;
 } else { 
   p1wins = 0.0; 
 } end if;

Genotype:
[360, 80, 430, 163, 214, 27, 237, 474, 164, 53, 237, 170, 276, 351, 474, 381, 120, 430, 278, 214, 285, 351, 474, 7, 369, 385, 184, 40, 351, 474, 182, 243, 248, 237, 433, 40, 351, 474, 182, 473, 351, 474, 182, 462, 248, 303, 474, 53, 237, 40, 473, 351, 474, 248, 303, 214, 430, 278, 40, 40, 40, 351, 474, 182, 243, 248, 303, 474, 237, 40, 40, 351, 474, 182, 462, 248, 462, 248, 418, 404, 425, 351, 474, 214, 283, 351, 182, 53, 166, 40, 351, 474, 182, 392, 262, 40, 351, 474, 351, 474, 248, 418, 167, 93, 404, 124, 116, 448, 112, 353, 246, 289, 164, 343, 11, 66, 389, 330, 68, 465, 174, 351, 347, 244, 331, 216, 472, 65, 143, 451, 325, 386, 69, 112, 473, 75]
Tree:
None
Fitness on 5000 data:
-6.071279189362527

Fitness:
-5.816804325020314