Generation:
500

Phenotype:
skill1 = gm([5, 22.5, 5])  - bern(0.6); 
skill2 = 17  - 1 * 15; 
p1wins = 6  * skill2  - uniform([4, 9], 2);
p1wins = bern(0.4);
skill2 = 15 + 18;
skill2 = gm([9.9, 8.5, 4]) + uniform([8, 8], 2);;

Genotype:
[382, 440, 183, 433, 426, 270, 408, 223, 270, 157, 412, 160, 369, 39, 437, 170, 290, 358, 358, 41, 293, 466, 15, 458, 190, 68, 352, 142, 15, 458, 190, 68, 197, 97, 244, 492, 434, 230, 378, 174, 483, 210, 86, 29, 358, 319, 56, 466, 201, 458, 190, 452, 438, 42, 31, 391, 433, 15, 29, 186, 161, 443, 485, 223, 39, 67, 412, 438, 186, 242, 101, 192, 52, 57, 198, 96, 365, 269, 374, 467, 372, 421, 388, 189, 335, 460, 409, 103, 55, 474, 45, 68, 443, 185, 223, 300, 219, 147, 270, 448, 472, 232, 318, 192, 52, 57, 198, 17, 477, 184, 447, 371, 66, 79, 9, 493, 162, 384, 465, 154, 447, 417, 82, 130, 454, 468, 196, 96, 365, 97, 244, 492, 434, 230, 378, 174, 483, 187, 18, 29, 186, 41, 56, 466, 460, 321, 142, 341, 497, 90, 300, 219, 147, 492, 434, 230, 378, 174, 60, 292, 86, 29, 358, 383, 56, 466, 15, 458, 190, 68, 438, 42, 15, 318, 192, 52, 57, 198, 96, 365, 269, 374, 467, 372, 421, 388, 189, 335, 460, 409, 103, 55, 474, 45, 68, 443, 185, 223, 300, 219, 147, 270, 448, 472, 232, 318, 192, 52, 57, 198, 17, 477, 184, 447, 371, 66, 79, 9, 493, 162, 384, 465, 154, 447, 417, 82, 130, 454, 468, 196, 96, 365, 45, 68, 473, 185, 223, 300, 185, 223]
Tree:
None
Fitness on 5000 data:
-6.431928570621714

Fitness:
-6.300103726110719