Generation:
500

Phenotype:
b = 16  * b + gm([11.3, 5, 5.7]);
a = gm([19.8, 12, 2.3])  - 11;;

Genotype:
[162, 257, 284, 496, 303, 487, 253, 140, 33, 475, 270, 322, 196, 153, 11, 128, 298, 284, 273, 408, 96, 141, 390, 153, 392, 488, 234, 412, 148, 487, 453, 205, 208, 477, 315, 374, 236, 299, 296, 290, 469, 259, 208, 477, 315, 374, 236, 50, 296, 290, 131, 265, 284, 273, 282, 17, 141, 390, 444, 392, 488, 183, 412, 148, 359, 469, 278, 499, 357, 191, 264, 479, 385, 53, 159, 199, 72, 138, 344, 369, 493, 173, 442, 442, 110, 263]
Tree:
None
Fitness on 5000 data:
-5.291824261665137

Fitness:
-5.180385851497712