Generation:
500

Phenotype:
mu = gm([14.2, 19.8, 5], [10.5, 19.8, 3], [1.8, 22.8, 9.2]) + 5  * x; 
sigma = x + gm([1, 1.4, 26], [30.7, 2, 1], [0.9, 24.6, 27.6]);
x = 4  * sigma + 21  * mu;
x = uniform([0, 11.8], 1) + uniform([14, 4], 3);

Genotype:
[200, 73, 429, 178, 309, 453, 169, 91, 247, 360, 268, 456, 191, 35, 1, 475, 355, 247, 360, 268, 456, 468, 458, 217, 125, 412, 321, 301, 484, 29, 40, 442, 286, 377, 69, 290, 487, 156, 138, 398, 318, 217, 231, 414, 311, 59, 156, 228, 360, 150, 449, 483, 247, 348, 82, 157, 128, 1, 280, 107, 403, 341, 351, 365, 401, 275, 213, 194, 391, 391, 35, 453, 412, 91, 362, 18, 297, 136, 66, 149, 248, 469, 321, 7, 176, 447, 170, 386, 156, 336, 142, 195, 217, 272, 288, 447, 230, 90, 205, 457, 232, 410, 70, 399, 447, 278, 386, 156, 336, 52, 195, 217, 272, 288, 447, 230, 90, 205, 457, 232, 410, 347, 399, 420, 487, 112, 50, 106, 307, 479, 427, 92, 159, 383, 432, 403, 328, 406, 256, 280, 321, 57, 61, 462, 25, 427, 390, 410, 109, 77, 114, 441, 352, 447, 70, 369, 139, 127, 227, 228, 365, 264, 346, 354, 161, 281, 138, 115, 337, 31, 258, 264, 145, 255, 316, 31, 30, 215, 22, 215, 54, 406, 256, 280, 321, 163, 46, 415, 133, 236, 444, 30, 1, 43, 390, 152, 465, 126, 293, 57, 263, 50, 106, 307, 479, 427, 92, 159, 383, 432, 403, 328, 406, 256, 280, 321, 163, 46, 415, 133, 236, 444, 30, 1, 43, 390, 359, 465, 126, 293, 57, 263, 110, 201, 399, 420, 487, 112, 50, 106, 307, 352, 447, 70, 369, 139, 127, 227, 228, 365, 264, 346, 354, 161, 281, 138, 12, 337, 31, 258, 264, 145, 255, 316, 31, 30, 215, 22, 215, 54, 119, 3, 19, 341, 409, 74, 359, 201, 375, 179, 202, 288, 490, 259, 236, 75, 418, 194, 372, 310, 224, 264, 483, 108, 280, 336, 114]
Tree:
None
Fitness on 5000 data:
-6.8772845874623

Fitness:
-6.479535709097479