Generation:
500

Phenotype:
skill1 = uniform([14, 20.5], 1) + 27  * cond; 
skill2 = 10 + gm([13.6, 10.2, 3]); 
p1wins = bern(0.2);
skill1 = 10 + gm([13.4, 10.2, 4]);;

Genotype:
[227, 466, 345, 246, 324, 45, 299, 427, 140, 448, 182, 156, 487, 448, 428, 460, 382, 288, 201, 358, 381, 13, 77, 233, 444, 118, 92, 127, 234, 141, 487, 352, 318, 470, 351, 316, 274, 92, 460, 382, 288, 201, 358, 381, 13, 390, 61, 444, 118, 92, 66, 66, 446, 127, 234, 468, 193, 234, 468, 487, 13, 77, 233, 444, 118, 92, 127, 234, 228, 487, 352, 318, 470, 74, 339, 490, 37, 469, 143, 69, 408, 56, 459, 132, 386, 180, 244, 404, 272, 388, 225, 469, 349, 18, 80, 313, 226, 77, 159, 444, 66, 268, 10, 429, 89, 466, 175, 52, 374, 194, 112, 71, 345, 360, 487, 190, 143, 69, 408, 100, 459, 132, 386, 180, 244, 78, 272, 388, 225, 469, 349, 18, 80, 313, 226, 351, 471, 55, 351, 66, 244, 404, 23, 26, 23, 316, 351, 66, 66, 92, 127, 234, 468, 487, 352, 351, 412, 26, 23, 317, 74, 399, 159, 421, 23, 33, 159, 15, 448, 121, 30, 244, 488, 460, 233, 444, 66, 92, 127, 234, 468, 229, 352, 351, 412, 26, 219, 317, 74, 102, 159, 421, 425, 367, 311, 114, 455, 340, 101, 119, 438, 33, 58, 416, 142, 196, 313, 231, 101, 192, 112, 266, 345, 74, 86, 74, 339, 490, 37, 469, 143, 69, 408, 100, 459, 132]
Tree:
None
Fitness on 5000 data:
-6.212031290792911

Fitness:
-5.7133341319386775