Generation:
500

Phenotype:
skill1 = 1  * p1wins  - 20  * uniform([27, 10.8], 4); 
skill2 = 27 * 4 + 24; 
p1wins = 17 * 0;
skill1 = gm([10.9, 29, 15.7])  - uniform([9, 5.2], 2);
skill2 = 24  * gm([20.9, 3, 13]) + 7;
skill1 = gm([10.9, 0, 28.9])  - uniform([26, 15.4], 3);
skill1 = gm([12.6, 26.5, 11.6], [2.4, 6.2, 16], [29, 22, 5.3]);
skill2 = 25  * uniform([0, 1.3], 1);
p1wins = bern(0.9) + 25;
p1wins = bern(0.6) + bern(0.1);;

Genotype:
[55, 182, 337, 280, 448, 185, 214, 175, 22, 368, 175, 165, 385, 211, 298, 86, 481, 306, 283, 392, 62, 210, 189, 494, 261, 203, 372, 410, 268, 251, 483, 491, 363, 105, 274, 15, 444, 260, 414, 494, 277, 294, 285, 30, 462, 164, 223, 315, 352, 481, 118, 494, 165, 385, 211, 298, 86, 481, 442, 283, 392, 62, 210, 189, 494, 261, 203, 372, 410, 268, 251, 483, 491, 363, 105, 150, 15, 444, 260, 414, 310, 81, 245, 386, 156, 430, 243, 91, 201, 399, 70, 278, 420, 56, 96, 168, 480, 125, 481, 219, 446, 149, 15, 460, 400, 443, 104, 482, 7, 285, 157, 462, 255, 223, 19, 344, 481, 402, 494, 277, 178, 208, 223, 315, 344, 481, 118, 53, 277, 294, 208, 25, 166, 217, 459, 497, 101, 460, 156, 430, 341, 91, 201, 399, 377, 278, 420, 56, 96, 168, 480, 125, 481, 219, 39, 149, 15, 99, 432, 443, 104, 482, 7, 251, 410, 338, 295, 412, 244, 316, 25, 336, 166, 199, 70, 77, 87, 176, 317, 241, 206, 330, 262, 44, 166, 199, 70, 77, 87, 176, 317, 241, 206, 330, 262, 44, 166, 101, 481, 243, 466, 22, 306, 375, 140, 269, 193, 259, 75, 107, 95, 320, 23, 109, 92, 27, 282, 457, 255, 493, 263, 109, 124, 325, 402, 143, 381, 118, 473, 98, 335, 470, 31, 355, 338, 100, 328, 268, 373, 377, 162, 322, 343]
Tree:
None
Fitness on 5000 data:
-7.235561452573915

Fitness:
-7.073167484881946