Generation:
500

Phenotype:
u = bern(0.8);
if uniform([27, 30.1], 1) + gm([30.3, 0.3, 11]) > 0 { 
   v = uniform([8, 9.4], 2); 
 } else { 
   v = v + gm([8.8, 27, 8.1]); 
 } end if;
if u==1 { 
  if v > 12 { 
    w = gm([1,12.,2.]);
   } else { 
    w = gm([1,6.,2.]); 
   } end if;
 } else { 
  w = gm([1,6.,2.]); 
 } end if;

Genotype:
[15, 56, 178, 496, 456, 474, 201, 367, 430, 474, 75, 73, 345, 456, 474, 492, 367, 247, 288, 360, 364, 180, 225, 378, 361, 123, 2, 165, 372, 2, 374, 352, 35, 496, 456, 32, 75, 367, 345, 192, 474, 225, 207, 474, 201, 345, 456, 474, 492, 367, 247, 288, 360, 364, 180, 225, 352, 361, 225, 349, 474, 492, 367, 39, 288, 360, 364, 180, 225, 352, 361, 225, 2, 165, 372, 2, 374, 352, 35, 496, 496, 456, 32, 75, 474, 492, 367, 34, 468, 360, 352, 2, 374, 492, 367, 34, 468, 360, 352, 180, 225, 186, 180, 225, 349, 165, 75, 2, 374, 352, 35, 496, 456, 352, 428, 2, 364, 352, 35, 496, 456, 474, 201, 361, 345, 456, 474, 424, 468, 280, 352, 428, 481, 359, 165, 387, 110, 406, 29, 22, 36, 474, 201, 367, 331, 393, 180, 417, 331, 75, 71, 417, 463, 41, 198, 415, 384, 336, 428, 477, 336, 474, 202, 468, 338, 148, 41, 441, 111, 259, 137, 195, 426, 36, 474, 201, 367, 331, 75, 176, 417, 463, 41, 198, 415, 384, 336, 428, 477, 336, 474, 202, 468, 398, 204, 399, 281, 458, 198, 110, 259, 409, 426, 285, 299, 63, 38, 24, 374, 361, 445]
Tree:
None
Fitness on 5000 data:
19.840033872967236

Fitness:
21.03755002672959