Generation:
500

Phenotype:
u = 24 * 1;
v = 1  * gm([1, 29.6, 9], [29.2, 10, 2])  - 24  * v;
u = bern(0.2);
w = gm([14, 8, 1], [1, 9.6, 5], [27.6, 7, 4], [0, 25, 6.1])  - bern(0.5);;

Genotype:
[6, 17, 72, 370, 456, 54, 269, 31, 241, 94, 10, 228, 87, 193, 335, 70, 435, 373, 379, 118, 249, 381, 91, 221, 208, 381, 24, 103, 184, 235, 294, 444, 418, 436, 388, 210, 0, 376, 366, 107, 378, 222, 444, 255, 496, 240, 448, 47, 335, 74, 381, 101, 497, 126, 45, 294, 380, 418, 373, 205, 118, 249, 381, 71, 221, 208, 470, 369, 185, 306, 14, 294, 38, 418, 4, 382, 210, 0, 376, 366, 477, 378, 405, 444, 255, 400, 170, 477, 378, 222, 444, 255, 388, 444, 448, 195, 335, 74, 40, 10, 228, 418, 193, 380, 418, 4, 382, 195, 376, 287, 477, 378, 222, 444, 303, 254, 34, 116, 195, 366, 120, 36, 258, 102, 314, 237, 258, 318, 136, 382, 442, 356, 284, 144, 284, 318, 270, 303, 476, 407, 448, 195, 107, 273, 308, 252, 142, 487, 14, 409, 20, 181, 68, 239, 188, 206, 116]
Tree:
None
Fitness on 5000 data:
-5.145766008165526

Fitness:
-5.0903076208045