Generation:
500

Phenotype:
u = 14 * 17  - 18  * v;
v = 17  * v + 1  * uniform([6, 9], 1);
u = bern(0.3);
w = uniform([0, 11.5], 1)  - 28  * w;;

Genotype:
[14, 499, 20, 116, 42, 305, 149, 281, 355, 48, 76, 483, 404, 199, 90, 119, 130, 130, 385, 327, 396, 70, 250, 94, 158, 254, 260, 404, 236, 5, 132, 217, 36, 447, 81, 467, 236, 180, 478, 313, 350, 140, 210, 170, 0, 249, 228, 328, 264, 418, 431, 28, 350, 295, 210, 200, 385, 178, 377, 366, 118, 123, 208, 487, 442, 352, 244, 174, 46, 450, 236, 322, 127, 296, 222, 5, 186, 158, 183, 395, 394, 45, 365, 422, 429, 223, 138]
Tree:
None
Fitness on 5000 data:
-5.198679308593763

Fitness:
-5.069661501073036