Generation:
500

Phenotype:
earthquake = alarm;
burglary = bern(0.8);
burglary = alarm;
burglary = 0;
earthquake = earthquake + burglary;
alarm = bern(0.5) + bern(0.8);
alarm = 0  - johncalls;

Genotype:
[232, 231, 232, 157, 177, 93, 416, 60, 170, 150, 198, 276, 300, 248, 363, 52, 112, 330, 456, 198, 276, 300, 474, 363, 112, 52, 296, 90, 445, 228, 112, 100, 489, 52, 296, 90, 445, 198, 276, 300, 112, 330, 2, 28, 248, 363, 112, 100, 489, 52, 296, 90, 112, 330, 2, 231, 82, 186, 28, 395, 456, 112, 100, 489, 52, 296, 90, 445, 228, 112, 100, 489, 52, 296, 90, 445, 228, 174, 324, 196, 341, 467, 384, 254, 458, 356, 88, 453, 254, 47, 117, 158, 233, 117, 360, 474, 266, 219, 292, 34, 484, 213, 495, 120, 114, 174, 324, 200, 213, 148, 36, 479, 123, 11, 288, 421, 381, 322, 230, 130, 75, 377, 314, 330, 419, 236, 439, 341, 454, 361, 297, 196, 489, 380, 199, 13, 387, 223, 403, 430, 69, 83, 206, 225, 371, 88, 475, 296, 162, 145, 164, 31, 293, 7, 124, 365, 48, 46, 285, 108, 46, 192, 367, 406, 174, 443, 299, 285, 59, 294, 202, 409, 351, 455, 277, 27, 358, 197, 185, 41, 223, 272, 398, 384, 111, 33, 12, 74, 274, 271, 2, 262, 498, 218, 89, 453, 146, 383, 262, 152, 313, 8, 101, 378, 30, 331, 270, 237, 159, 476, 435, 52, 105, 440, 7, 101, 237, 368, 459]
Tree:
None
Fitness on 5000 data:
-inf

Fitness:
2.2204460492503128e-16