Generation:
500

Phenotype:
b = 25 * 23  - a;
b = gm([27, 6.4, 2], [9, 11.8, 27]) + 3 * 0;
a = uniform([11, 4.2], 2)  - uniform([11, 2.6], 1);;

Genotype:
[190, 259, 16, 325, 325, 461, 491, 273, 211, 54, 60, 276, 48, 164, 258, 221, 343, 84, 244, 263, 392, 27, 163, 68, 57, 12, 467, 116, 48, 164, 199, 259, 16, 402, 461, 368, 305, 344, 341, 360, 16, 323, 142, 488, 141, 323, 228, 409, 4, 469, 445, 108, 260, 352, 301, 219, 239, 348, 167, 308, 301, 244, 311, 392, 27, 137, 366, 288, 284, 85, 482, 288, 367, 237, 78, 341, 60, 276, 48, 164, 278, 221, 296, 84, 244, 64, 392, 288, 284, 85, 482, 57, 12, 257, 276, 48, 164, 155, 240, 296, 84, 244, 311, 392, 27, 137, 366, 271, 57, 12, 257]
Tree:
None
Fitness on 5000 data:
-5.951562548600176

Fitness:
-5.072673862245743