Generation:
500

Phenotype:
skill1 = 26  * uniform([22, 4], 1) + bern(0.4);
skill2 = gm([15, 20, 5]);
skill1 = 21  * bern(0.8)  - gm([6, 0.7, 4.5]);
p1wins = 1  * bern(0.1) + 26  * p1wins;;

Genotype:
[245, 271, 398, 185, 75, 16, 118, 212, 330, 487, 212, 138, 240, 75, 487, 444, 294, 433, 34, 435, 249, 341, 116, 74, 46, 352, 423, 368, 439, 212, 330, 487, 183, 143, 88, 393, 159, 142, 9, 177, 206, 452, 37, 115, 496, 51, 445, 190, 346, 24, 230, 178, 92, 469, 157, 404, 471, 270, 154, 181, 228, 413, 4, 182, 412, 424, 252, 359, 106, 26, 131, 347, 159, 484]
Tree:
None
Fitness on 5000 data:
-6.4831293721375225

Fitness:
-6.03702428168031