Generation:
500

Phenotype:
johncalls = johncalls + 0;
burglary = alarm;
earthquake = alarm;

Genotype:
[430, 485, 196, 271, 119, 241, 196, 228, 107, 489, 196, 409, 42, 84, 92, 174, 4, 328, 478, 324, 124, 319, 421, 234, 478, 188, 498, 421, 324, 254, 32, 319, 381, 232, 42, 329, 108, 50, 378, 488, 270, 319, 390, 496, 340, 123, 213, 419, 472, 162, 30, 408, 418, 49, 489, 334, 114, 82, 243, 290, 477, 378, 188, 100, 54, 102, 287, 25, 388, 0, 19, 156, 448, 90, 471, 62, 473, 319, 491, 390, 182, 385, 354, 72, 89, 40, 26, 244, 154, 453, 8, 4, 5, 18, 141, 242, 175, 0, 96, 177, 426, 407, 152, 375, 237, 285, 254, 355, 244, 1, 114, 220, 92, 232, 322, 178, 487, 102, 287, 25, 388, 0, 19, 156, 448, 90, 471, 62, 473, 319, 491, 457, 351, 379, 200, 387, 438, 150, 0, 305, 446, 437, 478, 23, 334, 197, 281, 290, 5, 422, 104, 451, 364, 383, 175, 2, 284, 488, 460, 307, 334, 419, 494, 461, 256, 11, 71, 56, 305, 72, 192, 319, 426, 433, 416, 416]
Tree:
None
Fitness on 5000 data:
-inf

Fitness:
0.0