Generation:
500

Phenotype:
a = gm([19.6, 29, 2])  - 27; 
if gm([2, 6.1, 2.3], [6, 9, 22]) > 23 { 
  b = 6  * a + gm([4.3, 2.6, 6]); 
 } else { 
  b = uniform([6, 3], 3); 
 } end if;

Genotype:
[110, 203, 387, 295, 480, 405, 236, 446, 88, 91, 274, 64, 341, 6, 306, 405, 236, 446, 496, 91, 274, 64, 71, 6, 306, 405, 405, 236, 446, 496, 192, 158, 102, 306, 53, 423, 116, 460, 76, 6, 306, 22, 306, 295, 358, 107, 345, 470, 405, 405, 482, 446, 6, 414, 42, 86, 192, 414, 362, 306, 47, 32, 192, 158, 102, 306, 53, 423, 372, 199, 76, 6, 306, 22, 306, 295, 478, 107, 480, 47, 32, 192, 158, 102, 306, 53, 423, 372, 199, 76, 6, 306, 22, 306, 295, 457, 107, 345, 409, 405, 145, 486, 6, 47, 32, 192, 158, 102, 422, 53, 423, 372, 6, 306, 405, 145, 486, 6, 47, 32, 192, 158, 102, 306, 53, 423, 372, 199, 76, 6, 306, 22, 446, 6, 414, 42, 86, 158, 6, 322, 130, 398, 274, 351, 158, 41, 306, 405, 308, 184, 66, 274, 64, 158, 100, 70, 6, 3, 94, 323, 236, 121, 405, 470, 409, 100, 220, 138, 462, 238, 93, 385, 457, 62, 258, 98, 231, 236, 446, 6, 47, 274, 192, 158, 6, 158, 6, 373, 486, 276, 468, 409, 134, 333, 358, 236, 446, 6, 306, 223, 423, 423, 372, 97, 6, 273, 187, 333, 148, 91, 274, 64, 158, 6, 306, 405, 236, 94, 323, 236, 121, 405, 470, 409, 100, 220, 138, 462, 238, 93, 385, 457, 62, 258, 98, 231, 338, 46, 489, 9, 43, 230, 409, 58, 290, 460, 153, 102, 486, 306, 468, 409, 134, 333, 358, 107, 345, 409, 94, 220, 60, 52, 231, 352, 280, 320, 495, 336, 73, 95, 438, 480, 405, 236, 446, 496, 91, 278, 470, 473, 409, 438, 333, 358, 473, 219, 381, 344, 46, 277, 221, 344, 286, 480, 236, 446, 496, 91, 274, 64, 158, 345, 134, 333, 358, 484, 230, 409, 409, 94, 220, 138, 97, 368, 120, 177, 236, 328, 297, 236, 476, 277, 280, 214, 78, 154]
Tree:
None
Fitness on 5000 data:
-4.498799990354353

Fitness:
-4.193409532513654