Generation:
500

Phenotype:
skill1 = gm([21.5, 18.7, 4])  - 15  * skill2; 
skill2 = gm([4.5, 22.1, 5])  - 25 * 0;
cond = cond + 16  * cond; 
if bern(0.1) + 20 * bern(0.6) + uniform([3, 7.7], 1) < 4 { 
  p1wins = 1;
 } else { 
   p1wins = 0; 
 } end if;

Genotype:
[362, 374, 468, 257, 464, 249, 238, 76, 71, 204, 168, 68, 469, 469, 325, 180, 261, 446, 468, 257, 464, 263, 283, 76, 71, 239, 9, 24, 98, 446, 435, 180, 279, 249, 238, 76, 71, 19, 9, 68, 71, 19, 78, 68, 19, 251, 257, 68, 435, 180, 279, 249, 361, 127, 32, 456, 134, 18, 34, 379, 472, 204, 168, 68, 469, 469, 107, 180, 261, 446, 468, 257, 464, 263, 283, 76, 71, 239, 142, 382, 98, 249, 238, 76, 252, 466, 437, 373, 2, 212, 240, 418, 45, 113, 9, 342, 230, 69, 495, 311, 452, 424, 15, 141, 120, 190, 7, 249, 18, 261, 446, 60, 10, 361, 142, 32, 478, 288, 417, 6, 330, 54, 188, 217, 231, 362, 167, 99, 169, 284, 450, 495, 66, 402, 188, 95, 103, 458, 117, 110, 244, 32, 273, 466, 437, 373, 2, 212, 240, 418, 472, 203, 500, 212, 67, 290, 249, 238, 76, 71, 19, 9, 68, 98, 469, 435, 180, 261, 446, 60, 10, 361, 142, 32, 478, 288, 417, 6, 243, 54, 188, 217, 231, 362, 167, 299, 169, 261, 54, 456, 217, 231, 472, 30, 197, 57, 62, 472, 203, 133, 212, 400, 290, 249, 238, 76, 71, 19, 9, 68, 98, 469, 101, 112, 30, 284, 450, 495, 66, 402, 188, 95, 103, 458, 117, 110, 244, 32, 273, 188, 217, 231, 295, 167, 99, 203, 6, 330, 54, 188, 217, 231, 362, 167, 99, 89, 67, 290, 249, 18, 76, 71, 19, 9, 68, 98, 469, 435, 180, 261, 290, 249, 238, 76, 71, 19, 9, 32, 273, 466, 437, 373, 2, 212, 240, 418, 45, 113, 9, 40, 230, 69, 495, 311, 452, 424, 15, 141, 120, 190, 7]
Tree:
None
Fitness on 5000 data:
-6.299518543969275

Fitness:
-5.737902115695443