Generation:
500

Phenotype:
skill1 = 26  * skill1  - uniform([21, 1.3], 3); 
skill2 = uniform([15, 10.5], 1); 
p1wins = bern(0.4);
skill1 = uniform([15, 10.1], 1);;

Genotype:
[216, 233, 391, 274, 132, 51, 51, 390, 114, 253, 497, 254, 254, 117, 159, 130, 356, 375, 289, 4, 452, 255, 234, 179, 210, 273, 42, 352, 51, 117, 399, 130, 356, 375, 289, 297, 452, 255, 234, 253, 318, 12, 212, 382, 202, 375, 289, 388, 452, 255, 234, 179, 210, 273, 42, 352, 51, 216, 114, 253, 318, 12, 7, 373, 117, 159, 130, 356, 375, 289, 4, 452, 255, 234, 179, 210, 54, 42, 352, 51, 66, 114, 397, 318, 12, 212, 110, 202, 342, 5, 290, 489, 415, 286, 462, 0, 7, 254, 71, 254, 117, 337, 275, 487, 186, 147, 292, 123, 21]
Tree:
None
Fitness on 5000 data:
-6.47865580243586

Fitness:
-6.05825722972593