Generation:
500

Phenotype:
u = bern(0.2) + u; 
v = uniform([5, 9], 1); 
w = bern(0.6) + 28;
w = gm([2, 1, 1], [25.8, 5.8, 2]);;

Genotype:
[238, 151, 78, 179, 37, 78, 72, 411, 21, 144, 430, 36, 60, 17, 388, 151, 486, 195, 284, 362, 200, 276, 285, 462, 365, 263, 171, 222, 429, 99, 66, 312, 142, 342, 72, 32, 2, 375, 490, 430, 415, 36, 385, 32, 2, 78, 179, 37, 78, 72, 411, 21, 144, 430, 36, 60, 17, 388, 151, 486, 164, 284, 362, 200, 276, 285, 462, 227, 263, 171, 222, 429, 99, 491, 149, 500, 297, 151, 486, 164, 82, 362, 200, 276, 285, 462, 227, 263, 171, 222, 37, 78, 72, 411, 21, 144, 321, 36, 60, 17, 388, 293, 486, 285, 355, 320, 400, 38, 210, 330, 348, 411, 161, 318, 365, 49, 488, 193, 364, 396, 247, 302, 253, 180, 461, 344, 108, 59, 189, 179, 440, 373, 2, 76, 131, 203, 237, 183, 130, 449, 200, 70, 336, 402, 278, 242, 431, 496, 4, 409, 229, 214, 14, 358, 219, 122, 333, 331, 483, 413, 485, 79, 438, 38, 61, 124, 185, 455, 251, 236, 466, 200, 400, 227, 3, 477, 437, 279, 233, 499, 248, 354, 328, 450, 58, 427, 362, 281, 452, 266, 303, 174, 35, 92, 399, 372, 59, 440, 43, 146, 20, 253, 347, 218, 114, 230, 288, 158, 476, 474, 98, 237, 451, 225, 340, 46, 55, 240, 53, 297, 472, 22, 71, 272, 381, 94, 281, 40, 484, 203, 331, 350, 52, 65, 207, 332, 424, 320, 367, 233, 469, 489, 214, 14, 358, 304, 122, 333, 331, 483, 413, 485, 79, 438, 38, 61, 124, 185, 455, 251, 236, 466, 200, 400, 227, 3, 477, 437, 279, 233, 499, 248, 354, 328, 450, 58, 427, 362, 281, 452, 266, 303, 174, 35, 92, 399, 372, 59, 440, 43, 146, 20, 253, 347, 218, 114, 230, 288, 158, 476, 474, 98, 237, 451, 225, 340, 46, 237, 183, 130, 449, 200, 70, 336, 402, 278, 242, 431, 496, 4, 409, 229, 214, 14, 358, 219, 122, 333, 331, 483, 413, 485, 79, 438, 38, 61, 124, 185, 455, 251, 236, 466, 200, 400, 227, 3, 477, 437, 279, 233, 499, 248, 354, 328, 450, 58, 427, 362, 281, 452, 266, 303, 174, 35, 92, 399, 372, 59, 440, 43, 146, 20, 253, 347, 348, 411, 161, 318, 365, 49, 488, 193, 364, 396, 247, 302, 253, 180, 461, 344, 108, 59, 189, 179, 440, 373, 2, 76, 131, 203, 237, 183, 130, 449, 200, 70, 336, 402, 278, 242, 431, 496, 4, 409, 229, 214, 14, 358, 219, 122, 333, 331, 483, 413, 485, 79, 438, 38, 61, 124, 185, 455, 251, 236, 466, 200, 400, 227, 3, 477, 437, 279, 233, 499, 248, 354, 328, 450, 58, 427, 362, 281, 452, 266, 303, 174, 35, 92, 399, 372, 59, 440, 43, 146, 20, 253, 347, 218, 114, 230, 288, 158, 476, 474, 98, 237, 451, 225, 340, 46]
Tree:
None
Fitness on 5000 data:
-5.184450898198131

Fitness:
-4.7792583244834415