Generation:
500

Phenotype:
u = 21  - 15 * 21;
u = bern(0.7);
if v != 3 { 
   u = bern(0.3) + 25  * w;
  v = 3 * 23  - gm([14.2, 11, 3.9]); 
 } else { 
   w = 2  - w; 
 } end if;
v = 0  * uniform([6, 28.5], 4) + 30;
if v == 11 { 
   w = 25  * gm([24, 21.9, 17])  - uniform([6, 7], 3);
  w = 2 * 10  - gm([6, 14.2, 3]);
  v = uniform([15, 8], 1)  - 9; 
 } else { 
   w = 9  - uniform([15, 6], 3); 
 } end if;
w = 21 * 17  - uniform([6, 28.5], 4);
w = uniform([15, 6], 3);
w = 2 * 10  - gm([24, 14.6, 3]);
v = uniform([15, 8], 1)  - 9;;

Genotype:
[26, 116, 450, 486, 384, 170, 476, 450, 486, 110, 343, 77, 21, 359, 424, 79, 465, 198, 285, 243, 276, 391, 415, 116, 412, 495, 158, 116, 166, 486, 384, 55, 21, 359, 110, 343, 242, 284, 320, 486, 384, 170, 484, 419, 284, 205, 158, 116, 258, 113, 482, 9, 324, 226, 306, 476, 419, 158, 242, 9, 324, 226, 170, 476, 419, 158, 2, 174, 488, 284, 320, 158, 79, 424, 79, 465, 198, 285, 243, 276, 391, 415, 116, 412, 495, 242, 9, 324, 226, 170, 476, 419, 158, 21, 359, 110, 343, 242, 437, 258, 486, 303, 77, 21, 359, 424, 79, 465, 198, 285, 486, 303, 158, 2, 174, 488, 284, 320, 158, 79, 436, 351, 285, 425, 276, 324, 347, 163, 76, 388, 158, 499, 174, 336, 284, 412, 158, 150, 430, 170, 116, 412, 412, 113, 482, 9, 324, 226, 474, 476, 419, 158, 242, 9, 324, 226, 170, 476, 419, 158, 2, 174, 488, 284, 320, 158, 79, 424, 79, 465, 198, 285, 243, 276, 391, 415, 116, 412, 495, 242, 9, 324, 226, 170, 476, 419, 158, 2, 174, 488, 284, 320, 158, 79, 436, 351, 285, 425, 276, 324, 334, 163, 76, 419, 158, 499, 390, 336, 284, 412, 158, 150, 430, 170, 116, 412, 412, 359, 124, 9, 324, 226, 474, 476, 419, 158, 2, 174, 259, 380, 284, 209, 321, 40, 161, 139, 129]
Tree:
None
Fitness on 5000 data:
-5.086079898981898

Fitness:
-4.992734067543606