Generation:
500

Phenotype:
a = uniform([1, 6.8], 2)  - uniform([3, 1], 2); 
if 15 * b + a >= 15 { 
  b = gm([1, 18.7, 2.1]); 
 } else { 
  b = gm([27, 4, 4.6], [17, 7.6, 0.8]); 
 } end if;

Genotype:
[105, 116, 330, 491, 249, 387, 440, 286, 373, 45, 302, 344, 162, 243, 205, 257, 217, 283, 387, 285, 483, 68, 450, 483, 312, 314, 108, 447, 195, 208, 58, 170, 32, 399, 483, 285, 483, 312, 450, 447, 438, 82, 7, 334, 58, 238, 128, 373, 345, 302, 344, 162, 234, 379, 7, 473, 283, 279, 277, 261, 59, 8, 99, 477, 21, 120, 391, 97, 183, 288, 456, 67, 375, 392, 161, 106, 118, 41, 183, 22, 389, 134, 362, 481, 475, 441, 48, 316, 44, 128, 51, 425, 422, 177, 185, 386, 486, 177, 185, 386, 486, 415, 111, 450, 447, 494, 250, 369, 334, 58, 68, 450, 308, 285, 483, 21, 120, 391, 97, 183, 288, 106, 355, 166]
Tree:
None
Fitness on 5000 data:
-5.4693432191891045

Fitness:
-4.503455934222419