Generation:
500

Phenotype:
contentDifficulty = uniform([14, 13.1], 1);
questionsAfterLectureLength = 0  * gm([28.2, 27, 7.5]) + uniform([5, 13.4], 1);
contentDifficulty = uniform([8, 5], 1) + contentDifficulty;;

Genotype:
[336, 256, 310, 289, 58, 351, 234, 318, 355, 309, 292, 378, 400, 456, 386, 211, 430, 256, 310, 289, 198, 159, 90, 100, 300, 368, 211, 441, 238, 351, 234, 5, 355, 292, 291, 100, 456, 386, 211, 192, 58, 351, 234, 318, 318, 355, 292, 291, 100, 162, 289, 58, 351, 234, 318, 355, 309, 292, 378, 100, 456, 386, 19, 314, 18, 297, 292, 378, 351, 190, 220, 27, 292, 309, 292, 291, 159, 190, 220, 34, 292, 67, 440, 457, 172, 208, 159, 356, 456, 386, 211, 430, 189, 420, 289, 18, 71, 9, 265, 252, 23, 159, 491, 475, 465, 128, 137, 387, 84, 277, 361, 373, 311, 340, 446, 67, 346, 106, 191, 419, 81, 352, 329, 234, 318, 355, 309, 292, 291, 159, 190, 220, 228, 117, 150, 29, 464, 485, 413, 101, 153, 223]
Tree:
None
Fitness on 5000 data:
-7.019796649488021

Fitness:
-6.344745072945225