Generation:
500

Phenotype:
mu = 8  * x  - 14  * mu; 
sigma = 16  - gm([0.4, 16, 14], [15, 13.8, 1]); 
x = 3  * uniform([14, 7.2], 3)  - uniform([30, 2], 3);
mu = 17  * gm([14.9, 26, 16.1]) + 19  * uniform([20, 1], 3);
mu = 8 * 4  - uniform([6, 8.7], 1);;

Genotype:
[140, 155, 28, 349, 150, 149, 394, 14, 474, 285, 179, 434, 350, 171, 69, 307, 227, 129, 341, 138, 474, 47, 52, 293, 158, 182, 418, 311, 13, 232, 224, 249, 248, 118, 3, 125, 169, 47, 69, 316, 66, 495, 200, 92, 410, 37, 58, 23, 264, 305, 6, 127, 100, 17, 490, 138, 107, 76, 305, 6, 150, 149, 419, 387, 52, 143, 179, 20, 184, 189, 2, 492, 184, 192, 339, 410, 218, 67, 349, 438, 264, 305, 6, 427, 225, 438, 264, 305, 6, 427, 50, 264, 305, 19, 127, 100, 17, 490, 138, 28, 214, 305, 6, 150, 149, 394, 387, 52, 143, 179, 20, 184, 189, 2, 492, 184, 192, 339, 410, 218, 67, 349, 438, 264, 305, 6, 427, 50, 275, 11, 138, 28, 349, 150, 149, 394, 68, 52, 143, 179, 467, 184, 189, 2, 492, 184, 192, 339, 410, 470, 73, 349, 438, 420, 430, 139, 145, 392, 26, 260, 254, 202, 252, 392, 26, 260, 254, 202, 186, 392, 176, 378, 254, 202, 197, 328, 145, 392, 26, 260, 254, 202, 252, 392, 26, 260, 254, 202, 252, 392, 176, 378, 254, 202, 197, 328, 79, 46, 289, 301, 392, 26, 373, 142, 366, 192, 339, 477, 470, 73, 66, 129, 420, 430, 139, 145, 342, 228, 36, 254, 71, 220, 287, 238, 191, 112, 470, 465, 69, 213, 370, 413, 384, 184, 189, 444, 458, 108, 241, 470, 112, 413, 465, 383, 213, 370, 413, 384, 184, 189, 2, 142, 215, 314, 410, 69, 304, 269, 63, 105, 124, 238, 474, 434, 47, 325, 17, 298, 71, 292, 51, 80, 185, 268, 111, 117, 252, 392, 278, 415, 90, 496, 166, 407, 134, 151, 72, 209, 276, 89, 162, 26, 187, 252, 191, 291]
Tree:
None
Fitness on 5000 data:
-7.194242931414498

Fitness:
-6.938244477723604