Generation:
500

Phenotype:
a = uniform([8, 5], 1)  - 8; 
if a < 0 { 
  b = 3 * a + gm([1,0.,1.]); 
 } else { 
  b = gm([1,8.,1.]); 
 } end if;

Genotype:
[375, 249, 98, 324, 338, 164, 228, 38, 349, 442, 382, 492, 464, 38, 349, 152, 365, 164, 228, 38, 38, 104, 478, 379, 324, 418, 59, 492, 104, 478, 379, 324, 418, 59, 492, 171, 498, 71, 234, 62, 280, 407, 50, 106, 70, 347, 491, 221, 181, 100, 92, 94, 228, 38, 152, 342, 300, 453, 244, 135, 411, 292]
Tree:
None
Fitness on 5000 data:
-4.750993597815251

Fitness:
-3.403825630010863