Generation:
500

Phenotype:
x = 1  - 0;
x = 0  - 0;
w = 1 + w;
w = bern(0.6)  - bern(0.5);
x = v + bern(0.8);
u = bern(0.4);
v = bern(0.8) + 0;
w = bern(0.1);

Genotype:
[146, 0, 346, 499, 17, 349, 307, 455, 250, 122, 333, 299, 374, 17, 462, 233, 144, 121, 90, 14, 90, 280, 303, 187, 372, 270, 362, 365, 374, 17, 462, 233, 144, 121, 113, 14, 27, 436, 303, 292, 448, 123, 4, 486, 190, 17, 462, 349, 214, 206, 56, 372, 270, 116, 365, 183, 228, 307, 445, 178, 320, 179, 70, 269, 188, 284, 300, 300, 234, 0, 434, 365, 270, 362, 365, 183, 228, 307, 445, 178, 320, 179, 124, 124, 306, 435, 466, 474, 188, 145, 300, 244, 303, 292, 448, 123, 4, 100, 190, 17, 462, 349, 407, 206, 82, 372, 270, 362, 365, 60, 228, 292, 448, 123, 4, 100, 190, 17, 462, 349, 300, 234, 0, 362, 365, 60, 228, 307, 226, 178, 320, 179, 59, 388, 188, 284, 300, 300, 82, 372, 270, 362, 365, 60, 228, 307, 445, 178, 307, 445, 218, 414, 484, 269, 497, 374, 333, 299, 374, 17, 462, 233, 144, 121, 113, 14, 90, 436, 303, 292, 448, 123, 4, 486, 190, 17, 462, 349, 214, 206, 56, 372, 270, 116, 365, 183, 228, 307, 445, 178, 320, 179, 70, 269, 188, 284, 300, 300, 234, 0, 434, 365, 270, 362, 365, 183, 228, 307, 445, 178, 320, 179, 124, 124, 306, 435, 466, 474, 188, 145, 300, 244, 303, 292, 448, 123, 4, 100, 190, 17, 462, 349, 407, 206, 82, 372, 270, 362, 365, 60, 228, 292, 448, 123, 4, 100, 190, 17, 462, 349, 300, 234, 0, 362, 365, 60, 228, 307, 226, 178, 320, 179, 59, 388, 188, 284, 300, 300, 82, 372, 270, 362, 365, 60, 228, 307, 445, 178, 320, 179, 59, 269, 188, 284, 300, 300, 234, 0, 362, 365, 60, 228, 307, 226, 178, 320, 179, 59, 388, 188, 284, 300, 300, 234, 100, 56, 76, 76, 294, 416, 494, 95, 382, 386, 488, 100, 81, 300, 225, 319, 332, 92, 112, 388, 351, 92, 323, 367, 21, 241, 115, 84, 27, 456, 68, 56]
Tree:
None
Fitness on 5000 data:
-2.0374759872523756

Fitness:
-1.7842740008473204