Generation:
500

Phenotype:
skill1 = 13  * bern(0.4)  - gm([15, 2, 25.4]);
skill2 = gm([2, 13.5, 6.8], [27.5, 21, 4.2]);
p1wins = uniform([23, 9.7], 1)  - skill2;
skill1 = uniform([23, 9.7], 1)  - skill2;
skill1 = 28  - gm([15.8, 9.6, 4]);
p1wins = bern(0.5)  - 5 * 0;;

Genotype:
[135, 476, 204, 320, 396, 257, 397, 292, 355, 336, 411, 433, 132, 476, 77, 320, 219, 257, 397, 12, 488, 58, 224, 148, 330, 195, 485, 213, 424, 405, 433, 44, 319, 157, 285, 430, 108, 243, 337, 58, 2, 145, 81, 190, 55, 149, 154, 315, 323, 449, 114, 54, 333, 379, 133, 33, 60, 192, 208, 178, 2, 70, 81, 195, 485, 114, 54, 333, 379, 133, 33, 60, 456, 208, 178, 2, 70, 81, 195, 485, 293, 336, 369, 231, 405, 110, 301, 139, 412, 495, 133, 419, 62, 221, 387, 346, 62, 62, 431, 117, 307, 499, 320, 387, 346, 62, 62, 12, 117, 307, 55, 436, 291, 117, 307, 55, 436, 291, 249, 264, 98, 264, 495, 424, 262, 338, 320]
Tree:
None
Fitness on 5000 data:
-6.439113553819891

Fitness:
-6.294395913669399