Generation:
500

Phenotype:
mu = uniform([24, 11.1], 1)  - uniform([7, 6], 2); 
sigma = uniform([15, 23.4], 4) + 28 * 21; 
x = uniform([26, 13.1], 3)  - gm([6, 13, 15.9], [29, 14.5, 0], [15, 17.4, 5.5], [24.5, 7.3, 1.3]);
sigma = gm([0, 27, 11], [3, 2, 1]);;

Genotype:
[306, 182, 69, 449, 86, 231, 290, 243, 176, 480, 323, 348, 2, 347, 249, 130, 300, 323, 449, 249, 54, 300, 347, 380, 217, 214, 52, 359, 348, 2, 367, 435, 199, 360, 10, 219, 115, 399, 360, 130, 450, 323, 449, 480, 449, 267, 234, 246, 235, 448, 454, 380, 217, 115, 480, 449, 267, 234, 246, 89, 36, 454, 380, 217, 458, 130, 323, 348, 2, 367, 435, 74, 360, 10, 219, 115, 399, 360, 442, 269, 380, 217, 214, 399, 360, 104, 224, 196, 499, 348, 2, 448, 249, 130, 300, 323, 449, 480, 449, 267, 234, 246, 235, 389, 454, 380, 217, 214, 52, 323, 348, 2, 367, 435, 199, 360, 10, 219, 115, 399, 360, 442, 115, 399, 360, 442, 224, 196, 323, 348, 2, 448, 249, 130, 300, 323, 449, 480, 449, 267, 234, 346, 235, 36, 454, 380, 217, 214, 52, 323, 348, 2, 367, 435, 199, 360, 10, 219, 115, 399, 360, 442, 224, 54, 323, 348, 2, 448, 2, 37, 162, 413, 483, 231, 237, 417, 380, 217, 214, 19, 22, 449, 10, 219, 115, 165, 360, 442, 224, 54, 69, 207, 42, 217, 130, 300, 323, 449, 231, 483, 39, 454, 380, 23, 370, 289, 243, 176, 480, 449, 294, 231, 483, 246, 267, 269, 246, 235, 36, 454, 380, 217, 214, 52, 323, 348, 2, 367, 46, 199, 360, 10, 219, 115, 399, 360, 442, 224, 262, 323, 348, 449, 77, 235, 36, 454, 380, 448, 138, 37, 162, 413, 483, 76, 315, 106, 468, 437, 110]
Tree:
None
Fitness on 5000 data:
-6.940536419264801

Fitness:
-6.705465586989675