Generation:
500

Phenotype:
if burglary + earthquake <= 0 { 
   earthquake = alarm + johncalls; 
 } else { 
   alarm = 1; 
 } end if;

Genotype:
[53, 32, 491, 417, 297, 244, 484, 148, 310, 201, 353, 214, 112, 122, 310, 201, 460, 214, 224, 142, 112, 90, 359, 244, 484, 148, 310, 201, 353, 241, 266, 112, 90, 359, 122, 310, 201, 460, 214, 144, 142, 112, 90, 359, 122, 332, 390, 473, 271, 465, 308, 12, 49, 353, 241, 266, 112, 90, 359, 122, 310, 201, 460, 214, 144, 142, 112, 90, 359, 122, 250, 390, 473, 271, 465, 308, 12, 49, 160, 148, 310, 201, 460, 387, 68, 232, 332, 390, 473, 271, 465, 308, 12, 445, 390, 122, 328, 457, 241, 134, 489, 339, 436, 440, 121, 259, 258, 272, 453, 202, 72, 158, 114, 239, 203, 260, 32, 36, 72, 378, 379, 36, 348, 387, 368, 214, 359, 122, 310, 201, 155, 214, 144, 148, 310, 201, 460, 387, 68, 232, 332, 390, 122, 328, 487, 241, 390, 122, 328, 457, 241, 134, 489, 339, 436, 440, 121, 259, 258, 272, 453, 202, 72, 158, 114, 239, 203, 260, 32, 36, 72, 378, 379, 36, 348, 387, 368, 214, 144, 100, 112, 90, 359, 122, 349, 370, 489, 296, 436, 440, 121, 47, 258, 272, 453, 202, 72, 158, 114, 239, 203, 260, 32, 36, 72, 378, 379, 36, 348, 387, 68, 232, 332, 390, 122, 328, 457, 241, 134, 445, 3, 25, 50, 221, 70, 95, 431, 409, 84, 255, 113, 345, 368, 345, 72, 150, 410, 108, 273, 429, 81]
Tree:
None
Fitness on 5000 data:
-inf

Fitness:
0.0