Generation:
500

Phenotype:
sigma = 9  * gm([9.8, 28.4, 0])  - 14 * 13;
if x != 2 { 
   mu = uniform([7, 20.4], 1);
  sigma = uniform([10, 2], 4)  - uniform([7, 3.8], 4); 
 } else { 
   x = 5 * 26 + 30  * x;
  sigma = 9 + 20  * gm([14, 13.1, 23.9], [10.6, 6.1, 3]);
  x = sigma; 
 } end if;
 x = sigma * gm([1,1,1]);
x = x + mu;

Genotype:
[3, 347, 360, 247, 247, 344, 448, 133, 247, 304, 23, 443, 304, 299, 307, 408, 274, 217, 464, 45, 479, 44, 315, 247, 364, 134, 379, 374, 476, 116, 370, 312, 216, 231, 446, 348, 31, 237, 228, 32, 429, 276, 304, 190, 185, 477, 476, 227, 128, 118, 55, 345, 470, 472, 247, 344, 448, 99, 247, 304, 23, 443, 304, 299, 307, 408, 274, 217, 464, 45, 323, 44, 315, 247, 364, 230, 374, 443, 304, 299, 274, 217, 464, 45, 323, 44, 315, 247, 364, 17, 374, 345, 72, 32, 429, 285, 414, 278, 96, 480, 274, 217, 272, 45, 96, 480, 274, 217, 272, 342, 479, 304, 315, 247, 364, 316, 379, 444, 81, 37, 262, 21, 129, 441, 6, 500, 315, 54, 381, 347, 419, 378, 228, 347, 360, 500, 315, 247, 163, 361, 315, 334, 304, 347, 443, 304, 299, 45, 479, 304, 315, 247, 364, 316, 379, 444, 81, 223, 279, 39, 247, 304, 300, 304, 315, 247, 364, 316, 379, 444, 81, 223, 279, 39, 96, 185, 378, 228, 374, 476, 116, 395, 312, 216, 231, 446, 408, 31, 237, 228, 32, 429, 276, 304, 388, 378, 228, 374, 476, 116, 272, 312, 216, 231, 446, 408, 31, 237, 228, 32, 429, 276, 304, 388, 185, 273, 476, 227, 128, 118, 374, 345, 470, 472, 102, 21, 129, 441, 6, 300, 208, 242, 17, 374, 345, 470, 472, 102, 239, 72, 44, 140, 439, 342, 37, 262, 21, 129, 441, 6, 300, 208, 242, 324, 27, 373, 101, 158, 476, 116, 272, 45, 216, 231, 446, 408, 31, 237, 228, 32, 429, 276, 304, 388, 185, 273, 237, 138, 32, 429, 276, 304, 388, 185, 434, 444, 262, 410, 279, 197, 96, 185, 237, 228, 374, 408, 31, 237, 228, 32, 429, 276, 480, 446, 408, 31, 237, 228, 32, 429, 276, 304, 388, 185, 273, 476, 227, 128, 470, 472, 102, 239, 72, 44, 140, 439, 342, 37, 262, 21, 129, 441, 6, 300, 208, 242, 324, 27, 373, 101, 158]
Tree:
None
Fitness on 5000 data:
-6.25530234282262

Fitness:
-6.128684383451423