Generation:
500

Phenotype:
skill2 = 12  * uniform([3, 9.3], 2);
p1wins = 9  * uniform([12, 7], 2) + 7;
p1wins = uniform([12, 9.4], 2)  - bern(0.3);
skill2 = gm([26.5, 17.9, 7], [5, 20, 8], [13, 18, 10.4]);
skill1 = gm([4, 7, 3])  - 6;;

Genotype:
[10, 289, 44, 228, 256, 297, 223, 167, 318, 282, 129, 319, 47, 301, 310, 75, 83, 334, 52, 412, 126, 167, 402, 402, 97, 137, 106, 224, 28, 60, 183, 65, 284, 318, 126, 167, 215, 350, 129, 421, 192, 183, 191, 122, 318, 283, 90, 408, 129, 251, 251, 26, 310, 75, 265, 224, 62, 131, 283, 14, 191, 276, 392, 90, 287, 200, 12, 261, 74, 297, 305, 444, 300, 9, 202, 6, 366, 113, 270, 49, 154, 56, 376, 424, 472, 30, 437, 140, 454, 37, 251, 288, 263, 428, 233, 453, 77, 172, 297, 332, 140, 454, 195, 297, 271, 60, 147, 55, 238, 251, 464, 56, 376, 8, 472, 53, 8, 472, 77, 392, 192, 49, 200, 310, 334, 159, 182, 310, 444, 42, 9, 499, 51, 366, 113, 192, 49, 105, 56, 376, 8, 472, 297, 332, 140, 454, 500, 192, 128, 306, 412, 51, 303, 46, 192, 200, 310, 423, 265, 186, 449, 39, 276, 67, 75, 352, 486, 34, 410, 46, 471, 421, 303, 74, 214, 100, 90, 444, 290, 479, 369, 64, 299, 341, 285, 374, 28, 52, 499, 201, 401, 170, 290, 367, 396, 168, 475, 148, 379, 47]
Tree:
None
Fitness on 5000 data:
-7.880602982726851

Fitness:
-7.3613311979387515