Generation:
500

Phenotype:
skill1 = 13 * 4 + 9 * 20; 
skill2 = 16 * 2 + bern(0.3); 
p1wins = p1wins + bern(0.5);
skill2 = uniform([12, 16.4], 4)  - p1wins;
skill1 = uniform([14, 9], 1);;

Genotype:
[373, 88, 113, 73, 354, 35, 491, 127, 226, 330, 376, 44, 19, 78, 467, 75, 343, 56, 163, 213, 376, 44, 453, 183, 58, 317, 84, 281, 376, 44, 264, 78, 74, 75, 450, 3, 163, 273, 252, 44, 453, 78, 160, 75, 324, 282, 474, 386, 278, 341, 56, 88, 36, 252, 324, 393, 30, 376, 44, 19, 78, 160, 75, 343, 56, 420, 213, 328, 133, 113, 405, 418, 394, 2, 135, 465, 302, 363, 479, 235, 232, 57, 479, 222, 464, 409]
Tree:
None
Fitness on 5000 data:
-6.6175687098035825

Fitness:
-6.320916860997112