Generation:
500

Phenotype:
skill1 = uniform([7, 3], 1) + 2  * skill1; 
skill2 = gm([26, 18, 6.1]); 
p1wins = bern(0.4);
skill1 = uniform([6, 8.6], 4) + uniform([6, 8.6], 4);;

Genotype:
[8, 352, 120, 426, 255, 288, 398, 88, 34, 95, 160, 123, 156, 90, 405, 196, 10, 398, 364, 18, 365, 440, 315, 66, 18, 223, 381, 201, 112, 83, 249, 193, 120, 350, 223, 393, 380, 464, 223, 12, 66, 223, 315, 380, 464, 223, 12, 66, 160, 231, 223, 418, 420, 223, 128, 201, 116, 350, 249, 193, 456, 350, 223, 393, 350, 384, 272, 116, 350, 249, 193, 120, 350, 223, 262, 350, 384, 372, 453, 178, 81, 409, 323, 443, 174, 478, 404, 163, 15, 266, 68, 375, 316, 203, 432, 311, 170, 425, 81, 96, 445, 225, 478, 393, 125, 9, 228, 138, 222, 134, 266, 68, 375, 316, 203, 432, 311, 170, 425, 242, 96, 445, 225, 478, 393, 125, 9, 228, 138, 222, 134, 488, 22, 387, 115, 4, 1, 59, 390, 88, 34, 95, 477, 445, 25, 305, 335, 464, 244, 288, 309, 161, 329, 346, 213, 444, 53, 494, 41, 288, 462, 396, 190, 464, 411, 364, 413, 495, 352, 170, 425, 242, 252, 384, 200, 187, 44, 123, 198, 479, 361, 12, 123, 198, 277, 361, 12, 234, 167, 494, 165, 96, 91, 66, 402, 395, 15, 28, 15, 289, 219, 348, 481, 252, 123, 169, 150, 322, 475, 495, 494, 78, 100, 262, 43, 77, 356, 329, 114, 480, 130, 400, 484, 142, 480, 362, 261, 72, 435, 225, 32, 370, 418, 36, 472, 26, 289, 75, 149, 321, 485, 425, 374, 115, 361, 262, 314, 196, 263, 138, 222, 287, 125, 108, 273, 128, 11, 75, 94, 26, 47, 423, 18, 311, 273, 27, 364, 353, 256, 297, 18, 477, 445, 25, 305, 335, 464, 244, 288, 309, 161, 329, 346, 213, 444, 53, 494, 41, 288, 462, 396, 190, 464, 411, 364, 413, 495, 352, 266, 449, 133, 352, 354, 399, 481, 252, 123, 169, 150, 322, 475, 211, 359, 78, 195, 435, 225, 449, 160, 415, 250, 494, 103, 395, 482, 144, 469, 105, 354]
Tree:
None
Fitness on 5000 data:
-6.578515669370409

Fitness:
-6.274878728086074