Generation:
500

Phenotype:
contentDifficulty = bern(0.9) + gm([2.2, 29, 4.7], [0.6, 29, 6.5]);
questionsAfterLectureLength = contentDifficulty  - uniform([3, 26.8], 1);;

Genotype:
[314, 266, 218, 258, 488, 325, 315, 339, 377, 66, 165, 405, 263, 64, 343, 488, 339, 379, 66, 465, 188, 343, 186, 437, 308, 308, 111, 99, 238, 444, 116, 435, 483, 338, 93, 164, 208, 138, 410, 220, 281, 57, 16, 216, 231, 458, 346, 325, 9, 129, 22, 5, 151, 345, 417, 201, 129, 22, 44, 41, 56, 480, 161, 71, 138, 377, 220, 281, 247, 359, 216, 231, 458, 346, 325, 9, 450]
Tree:
None
Fitness on 5000 data:
-6.235436349163701

Fitness:
-6.17817877506831