Generation:
500

Phenotype:
u = bern(0.4) + x; 
 v = bern(0.9) + v; 
 w = 0 + u; 
 x = bern(0.6); 
 w = bern(0.1)  - 0;

Genotype:
[145, 259, 472, 95, 210, 270, 490, 447, 283, 280, 331, 413, 360, 152, 1, 133, 405, 456, 272, 444, 120, 402, 302, 453, 491, 108, 338, 90, 58, 335, 142, 15, 324, 23, 22, 22, 214, 269, 321, 151, 496, 226, 481, 85, 65, 491, 220, 338, 495, 70, 196, 236, 80, 43, 68, 103, 174, 143, 259, 148, 39, 435, 490, 30, 356, 319, 362, 201, 10, 15, 321, 498, 310, 124, 427, 133, 105, 88, 145, 75, 277]
Tree:
None
Fitness on 5000 data:
-2.036079121267052

Fitness:
-1.720358378277818