Generation:
500

Phenotype:
u = bern(0.4); 
 v = bern(0.1); 
 w = v + bern(0.1); 
 x = 0 + bern(0.6); 
 v = bern(0.9)  - 0;

Genotype:
[371, 0, 452, 25, 111, 372, 372, 347, 54, 49, 422, 24, 45, 0, 293, 477, 178, 269, 252, 96, 499, 131, 228, 344, 178, 269, 368, 292, 49, 422, 269, 368, 54, 49, 422, 24, 263, 178, 269, 368, 54, 49, 422, 24, 263, 269, 439, 336, 422, 24, 263, 324, 304, 193, 54, 49, 304, 96, 54, 37, 24, 263, 324, 304, 96, 499, 41, 324, 370, 387, 372, 228, 344, 178, 269, 439, 336, 422, 24, 263, 324, 304, 96, 499, 228, 344, 178, 247, 308, 183, 46, 58, 369, 247, 304, 96, 499, 228, 344, 178, 269, 439, 336, 67, 3, 304, 349, 33, 396, 381, 165, 152, 396, 307, 27, 94, 216, 304, 382, 203, 49, 225, 125, 412, 45, 456]
Tree:
None
Fitness on 5000 data:
-2.0009757001111517

Fitness:
-1.7556119952006923