Generation:
500

Phenotype:
p1wins = 20  * p1wins;
skill2 = 10  * p1wins + gm([18, 19, 4.1]);
skill1 = gm([25.8, 22.3, 4.6]);
if skill1-skill2 > 0 { 
  p1wins = 1.0;
 } else { 
   p1wins = 0.0; 
 } end if;

Genotype:
[66, 331, 410, 376, 275, 366, 376, 392, 224, 410, 108, 376, 28, 376, 28, 103, 104, 35, 210, 333, 120, 210, 421, 290, 329, 311, 376, 18, 219, 366, 155, 225, 90, 57, 69, 376, 371, 366, 313, 225, 84, 398, 147, 376, 383, 471, 120, 364, 465, 90, 10, 273, 26, 24, 163, 376, 371, 210, 421, 290, 498, 311, 444, 17, 336, 104, 35, 210, 333, 371, 17, 336, 488, 96, 247, 137, 177, 498, 311, 488, 15, 61, 28, 376, 28, 40, 333, 378, 147, 376, 219, 366, 155, 225, 90, 57, 376, 329, 311, 444, 336, 480, 54, 376, 371, 17, 336, 488, 15, 414, 248, 28, 376, 352, 103, 104, 35, 210, 389, 40, 130, 373, 77, 366, 155, 225, 90, 57, 376, 366, 376, 28, 376, 28, 103, 104, 35, 210, 389, 40, 130, 457, 441, 15, 414, 248, 424, 50, 6, 210, 348, 456, 219, 373, 376, 219, 366, 155, 225, 90, 376, 371, 210, 421, 290, 498, 311, 444, 17, 336, 104, 35, 210, 333, 371, 17, 336, 488, 96, 247, 137, 177, 498, 311, 488, 15, 61, 28, 376, 28, 40, 333, 378, 147, 376, 219, 366, 155, 225, 90, 57, 376, 329, 311, 444, 336, 480, 54, 376, 371, 17, 336, 488, 15, 414, 248, 28, 376, 352, 103, 104, 35, 210, 389, 40, 130, 373, 77, 366, 155, 225, 90, 57, 376, 366, 376, 28, 376, 28, 103, 104, 35, 210, 389, 40, 130, 457, 441, 15, 414, 248, 424, 50, 6, 210, 348, 456, 219, 373, 376, 219, 366, 155, 225, 90, 57, 376, 329, 311, 444, 336, 480, 54, 376, 371, 17, 336, 488, 15, 414, 248, 28, 376, 352, 103, 104, 35, 210, 389, 40, 130, 373]
Tree:
None
Fitness on 5000 data:
-6.184064728494102

Fitness:
-5.680669495662736