Generation:
500

Phenotype:
a = gm([28.3, 0.3, 3], [0.4, 18.2, 22.6]);
b = uniform([16, 5], 1)  - gm([3, 11.3, 0.1], [2.3, 23, 3]);;

Genotype:
[218, 290, 474, 51, 438, 150, 198, 286, 383, 299, 59, 461, 463, 341, 83, 350, 437, 126, 447, 0, 255, 395, 80, 316, 201, 394, 167, 420, 12, 203, 35, 470, 324, 35, 357, 324, 265, 88, 402, 478, 395, 402, 220, 17, 228, 92, 463, 341, 369, 196, 437, 126, 398, 478, 395, 402, 220, 299, 228, 129, 463, 341, 369, 196, 437, 126, 398, 392, 364, 51, 96, 364, 51, 96, 410, 478, 166, 59, 478, 217, 190, 262, 299, 59, 16, 463, 341, 431, 34, 405, 280, 139, 243, 292, 198, 19, 383, 481, 183, 402, 474, 460, 198, 201, 269, 167, 420, 376, 55, 405, 280, 139, 243, 292, 265, 499, 224, 324, 392, 383, 427, 150, 484, 262, 451, 224, 328, 322, 292, 265, 100, 303, 84, 272, 301, 183, 402, 270, 95, 481, 59, 461, 463, 457, 281, 120, 203, 437, 54]
Tree:
None
Fitness on 5000 data:
-4.8552465972994625

Fitness:
-4.628370407855032