Generation:
500

Phenotype:
u = gm([10, 27, 28], [21.4, 12, 30.3]) + uniform([30, 4], 3);
u = bern(0.2) + 26  * u;
u = bern(0.2) + 0  * bern(0.7);
v = uniform([29, 6.3], 1)  - 22;
if u==1 { 
  if v > 12 { 
    w = gm([1,12.,2.]);
   } else { 
    w = gm([1,6.,2.]); 
   } end if;
 } else { 
  w = gm([1,6.,2.]); 
 } end if;

Genotype:
[369, 37, 492, 480, 450, 283, 270, 373, 461, 422, 10, 70, 58, 232, 462, 122, 217, 393, 192, 420, 74, 229, 340, 74, 492, 130, 278, 300, 336, 122, 130, 292, 291, 157, 381, 271, 451, 130, 274, 300, 336, 122, 130, 292, 291, 157, 381, 271, 451, 46, 465, 63, 420, 447, 304, 360, 193, 416, 339, 454, 463, 399, 440, 434, 348, 107, 364, 270, 373, 461, 422, 10, 70, 58, 130, 462, 122, 217, 393, 7, 420, 74, 229, 372, 74, 477, 130, 278, 300, 336, 156, 130, 292, 291, 157, 381, 271, 70, 58, 130, 462, 122, 217, 393, 7, 420, 74, 229, 372, 74, 477, 130, 278, 300, 336, 156, 130, 292, 291, 157, 381, 271, 451, 46, 465, 63, 80, 447, 304, 360, 193, 416, 339, 454, 463, 399, 376, 480, 423, 4, 304, 337, 172, 199, 485, 423, 4, 300, 150, 315, 216, 176, 159, 250, 74, 401, 37, 202, 67, 498, 283, 277, 217, 214, 65, 227, 113, 46]
Tree:
None
Fitness on 5000 data:
-4.927784165745489

Fitness:
-4.47584052559209