Generation:
500

Phenotype:
b = 18 + uniform([17, 2], 3);
b = 9  - gm([21, 3.4, 6.2]);
a = 28  * a + gm([7, 1.5, 2.1]);;

Genotype:
[99, 364, 84, 144, 485, 55, 209, 4, 390, 465, 311, 203, 296, 28, 170, 4, 390, 465, 311, 203, 296, 257, 111, 415, 200, 76, 424, 461, 499, 336, 301, 192, 217, 132, 364, 41, 166, 229, 40, 152, 108, 74, 57, 322, 342, 462, 100, 385, 63, 283, 29, 312, 234, 352, 4, 390, 465, 311, 203, 406, 499, 55, 209, 481, 245, 448, 74, 234, 352, 4, 390, 465, 364, 41, 166, 229, 40, 152, 246, 74, 57, 322, 342, 462, 100, 385, 496, 283, 356]
Tree:
None
Fitness on 5000 data:
-5.251179389636795

Fitness:
-5.196371526930879