Generation:
500

Phenotype:
mu = 1 + uniform([11, 16.6], 1); 
sigma = 1  * uniform([0, 4], 1);
x = x + gm([5.7, 1, 25], [18, 8, 24.7], [3.3, 5.6, 13], [11, 10.9, 28]);
x = gm([14, 21, 4]);

Genotype:
[422, 415, 284, 430, 32, 42, 257, 166, 117, 450, 59, 128, 264, 142, 249, 392, 496, 6, 156, 8, 277, 117, 123, 275, 405, 154, 245, 67, 408, 249, 392, 32, 344, 87, 17, 266, 142, 156, 8, 277, 117, 123, 275, 405, 127, 245, 67, 408, 32, 216, 478, 378, 160, 228, 473, 41, 134, 302, 400, 207, 234, 232, 496, 470, 448, 20, 52, 258, 97, 275, 405, 127, 4, 67, 138, 281, 344, 424, 17, 266, 142, 249, 314, 32, 284, 344, 138, 157, 156, 438, 321, 478, 338, 17, 308, 142, 448, 392, 32, 344, 110, 309, 289, 156, 493, 481, 63, 403, 486, 21, 475, 271, 345, 102, 200, 25, 21, 475, 271, 413, 102, 379, 38, 17, 308, 142, 249, 392, 32, 344, 46, 243, 276, 175, 393, 493, 481, 63, 403, 61, 277, 470, 364, 20, 52, 258, 97, 385, 19, 477, 489, 202, 389, 84, 52, 372, 119, 104, 250, 349, 283, 415, 395, 332, 88, 228, 425, 178, 195, 240, 107, 270]
Tree:
None
Fitness on 5000 data:
-6.726780769093682

Fitness:
-6.615596469114236