Generation:
500

Phenotype:
skill2 = 5  * gm([26.3, 6.9, 1], [0.1, 9.3, 24])  - 15;
skill1 = 5  * uniform([1, 6.3], 1) + bern(0.5);
p1wins = bern(0.9)  - bern(0.9);;

Genotype:
[483, 73, 254, 310, 466, 2, 52, 377, 377, 255, 141, 305, 299, 233, 440, 251, 164, 280, 216, 363, 403, 90, 473, 412, 335, 334, 55, 308, 354, 77, 250, 107, 45, 157, 322, 284, 366, 94, 169, 316, 263, 348, 369, 107, 490, 84, 468, 411, 185, 185, 168, 59, 53, 291, 183, 17, 176, 274, 406, 112, 351, 306, 182, 150, 493, 165, 144, 70, 216, 16, 43, 339, 324, 351, 413, 247, 185, 405, 370, 52, 224, 235]
Tree:
None
Fitness on 5000 data:
-6.815952184136065

Fitness:
-6.417085414669972