Generation:
500

Phenotype:
skill1 = 8 * 3  - gm([6, 3.7, 4.1]); 
skill2 = uniform([11, 17.5], 1); 
p1wins = 25  - 27;
p1wins = bern(0.6);;

Genotype:
[229, 482, 395, 113, 163, 406, 246, 333, 50, 410, 192, 213, 282, 276, 371, 221, 36, 291, 360, 254, 352, 175, 451, 139, 172, 299, 20, 164, 56, 233, 262, 213, 282, 276, 400, 395, 36, 159, 327, 59, 44, 472, 13, 293, 325, 183, 399, 76, 283, 225, 154, 100, 277, 206, 6, 173, 286, 171, 492, 100, 461, 477, 195, 239, 290, 35, 243, 176, 240, 397, 380, 32, 431, 31, 470, 38, 337, 470, 36, 7, 360, 254, 352, 434, 206, 6, 173, 173, 315, 19, 195, 241, 371, 331, 458, 270, 130, 407, 254, 336, 86, 421, 244, 302, 442, 368, 278, 395]
Tree:
None
Fitness on 5000 data:
-6.371544493455542

Fitness:
-6.176440002240045