Generation:
500

Phenotype:
mu = gm([13, 30, 26]); 
sigma = 1 * 8  - gm([18.7, 6, 0.8], [18.7, 6, 0.8], [3.5, 24, 11]); 
x = uniform([29, 7], 1)  - gm([16.1, 10.5, 5]);
mu = gm([11.4, 20.2, 3]);;

Genotype:
[159, 465, 435, 79, 372, 214, 13, 112, 216, 12, 274, 308, 317, 469, 1, 349, 264, 475, 83, 153, 173, 69, 344, 130, 67, 62, 322, 83, 153, 173, 69, 344, 130, 67, 62, 322, 346, 183, 65, 229, 252, 458, 304, 259, 71, 402, 347, 432, 74, 168, 120, 162, 73, 434, 95, 419, 423, 1, 72, 499, 254, 253, 12, 274, 321, 42, 243, 18, 148, 162, 89, 352, 309, 419, 423, 1, 72, 499, 254, 267, 12, 274, 321, 42, 243, 18, 148, 386, 73, 189, 486, 69, 80, 35, 317, 469, 1, 349, 27, 475, 83, 153, 173, 120, 344, 130, 67, 62, 322, 298, 183, 65, 277, 252, 250, 304, 259, 71, 402, 347, 432, 74, 168, 120, 162, 73, 434, 95, 419, 475, 83, 153, 173, 120, 344, 130, 67, 343, 322, 166, 183, 65, 165, 148, 250, 304, 259, 71, 402, 347, 290, 74, 168, 120, 162, 73, 173, 120, 325, 130, 67, 343, 322, 166, 183, 65, 165, 148, 250, 304, 259, 71, 402, 347, 290, 74, 148, 250, 304, 259, 71, 402, 347, 290, 74, 168, 120, 162, 73, 434, 95, 446, 423, 197, 97, 452, 390, 490, 114, 274, 445, 104, 243, 18, 148, 162, 73, 197, 197, 97, 452, 390, 490, 114, 274, 445, 104, 243, 18, 481, 356, 163, 3, 485, 217, 357, 253, 327, 108, 126, 443, 82, 481, 250, 304, 259, 393, 19, 256, 170, 8, 409, 99, 169, 306, 471, 225, 95, 446, 423, 197, 97]
Tree:
None
Fitness on 5000 data:
-7.026545784552052

Fitness:
-6.4991850778367715