Generation:
500

Phenotype:
mu = gm([12.3, 0, 0.2]) + 1  * uniform([14, 11.1], 1); 
sigma = uniform([0, 4], 1);
x = gm([14, 21.3, 30], [15, 20.8, 25.8])  - gm([7, 14, 26.3]);
x = uniform([21, 10.8], 2)  - uniform([0, 8], 4);

Genotype:
[239, 172, 123, 109, 40, 411, 291, 380, 324, 217, 259, 279, 262, 319, 125, 269, 293, 83, 321, 144, 124, 480, 393, 254, 124, 72, 192, 144, 95, 324, 217, 107, 102, 293, 415, 238, 227, 124, 185, 144, 124, 480, 393, 361, 124, 377, 25, 124, 249, 448, 288, 398, 286, 296, 200, 77, 460, 137, 125, 24, 293, 83, 301, 227, 124, 377, 351, 254, 124, 92, 349, 307, 393, 25, 124, 286, 426, 77, 460, 319, 125, 269, 293, 83, 238, 227, 124, 374, 238, 254, 124, 374, 448, 460, 296, 154, 48, 24, 423, 247, 290, 56, 423, 247, 210, 56, 162, 315, 376, 185, 3, 162, 315, 43, 372, 284, 460, 286, 304, 343, 448, 288, 226, 484, 166, 284, 460, 296, 154, 48, 24, 423, 247, 210, 56, 423, 247, 210, 56, 472, 359, 394, 436, 174, 160, 263, 359, 113, 102, 252, 36, 411, 452, 57, 205, 69, 145, 335, 481, 459, 57, 205, 69, 145, 335, 481, 459, 193, 67, 224, 474, 116, 354, 395, 14, 182, 209, 79, 424, 187, 160, 353, 352, 360, 24, 126, 152, 158, 310, 273, 356, 344, 353, 252, 144, 370, 311, 44, 156, 434, 21, 472, 359, 457, 436, 174, 160, 263, 359, 113, 181, 335, 291, 24, 418, 248, 459, 278, 397, 80, 481, 140, 281, 161, 98, 175, 174, 233, 362, 400, 416, 140, 376, 150, 90, 477]
Tree:
None
Fitness on 5000 data:
-6.790247294099513

Fitness:
-6.3649040017809195