Generation:
500

Phenotype:
b = gm([9.5, 3, 7], [9, 8, 1], [0, 25.7, 7]) + 26  * a;
b = b;
a = 9  * a + gm([7, 1.3, 2]);;

Genotype:
[257, 400, 364, 80, 31, 220, 75, 445, 27, 445, 257, 364, 330, 189, 264, 162, 75, 454, 102, 122, 256, 386, 63, 364, 268, 31, 417, 335, 195, 44, 7, 67, 181, 39, 414, 464, 247, 455, 78, 264, 162, 407, 144, 384, 401, 40, 115, 289, 319, 156, 142, 258, 499, 254, 326, 255, 277, 187, 110, 162, 95, 499, 254, 326, 255, 277, 187, 110, 162, 407, 162, 407, 115, 384, 185, 192, 115, 264, 162, 36, 187, 110, 162, 407, 72, 384, 159, 192, 252, 326, 222, 75, 2, 102, 122, 256, 386, 262, 364, 268, 31, 220, 143, 435, 44, 7, 67, 39, 337, 204, 247, 482, 78, 264, 143, 435, 44, 7, 67, 39, 337, 204, 247, 482, 78, 264, 162, 407, 72, 384, 50, 192]
Tree:
None
Fitness on 5000 data:
-4.730633080527862

Fitness:
-4.4808834187030175