Generation:
500

Phenotype:
sigma = uniform([22, 1], 1)  - 1  * uniform([17, 6], 1);
x = gm([17, 13.7, 4.1]) + 8;
mu = gm([21, 12, 4.1]) + 7;

Genotype:
[146, 43, 30, 401, 319, 53, 126, 131, 425, 94, 261, 472, 184, 94, 17, 389, 272, 5, 12, 240, 302, 260, 406, 435, 472, 184, 94, 17, 389, 199, 42, 233, 66, 432, 356, 352, 287, 387, 8, 304, 297, 145, 159, 391, 366, 158, 300, 416, 477, 159, 314, 126, 278, 462, 472, 240, 302, 260, 406, 435, 175, 256, 90, 455, 97, 44, 239, 233, 69, 432, 356, 352, 286, 387, 8, 304, 297, 145, 406, 435, 175, 256, 90, 366, 244, 477, 408, 477, 24, 331, 43, 30, 94, 319, 53, 205, 97, 44, 468, 206, 69, 432, 233, 69, 432, 356, 352, 286, 387, 8, 304, 297, 145, 159, 391, 366, 244, 222, 131, 425, 94, 261, 466, 184, 94, 17, 389, 272, 321, 12, 240, 302, 260, 406, 435, 175, 256, 90, 205, 97, 44, 251, 233, 69, 432, 356, 352, 286, 387, 8, 304, 297, 145, 159, 391, 366, 244, 477, 408, 477, 159, 314, 126, 278, 238, 260, 406, 435, 175, 256, 90, 205, 97, 44, 251, 233, 69, 432, 356, 352, 286, 273, 416, 312, 242, 90, 132, 462, 75, 420, 247, 73, 47, 384, 369, 324, 334, 297, 145, 159, 391, 366, 72, 165, 408, 480, 159, 314, 380, 278, 302, 260, 168, 216, 175, 22, 90, 205, 97, 44, 162, 233, 69, 432, 356, 352, 286, 387, 480, 355, 297, 145, 159, 391, 366, 233, 420, 247, 73, 47, 384, 369, 324, 471, 90, 205, 97, 44, 162, 233, 69, 432, 356, 352, 286, 482, 90, 205, 97, 414, 162, 0, 69, 432, 214, 352, 286, 387, 8, 324, 385, 45, 293, 477, 250, 217, 339, 345, 359, 162, 117, 128, 486, 463, 372, 217, 17, 34, 479, 264, 217, 67, 31, 324, 205, 31, 97, 34]
Tree:
None
Fitness on 5000 data:
-7.153878905432672

Fitness:
-6.96297263000572