Generation:
500

Phenotype:
mu = 25  * sigma  - 23  * gm([15, 15.5, 9], [11.3, 11.3, 8], [17, 7, 1.1], [0, 9.7, 19]); 
sigma = gm([5.9, 1.4, 1.2]); 
x = 1  * gm([4.1, 23, 4]);
mu = gm([13.9, 8, 3]) + gm([9, 13.2, 1.1]);;

Genotype:
[66, 497, 394, 180, 216, 160, 232, 116, 256, 197, 266, 201, 443, 418, 256, 402, 257, 219, 85, 228, 110, 111, 228, 110, 412, 411, 85, 228, 110, 412, 193, 261, 32, 99, 32, 316, 124, 315, 164, 51, 114, 81, 186, 330, 487, 110, 461, 129, 80, 53, 280, 210, 411, 342, 145, 12, 97, 187, 469, 152, 337, 221, 0, 32, 333, 214, 469, 213, 394, 8, 222, 214, 21, 412, 150, 393, 168, 251, 6, 256, 402, 189, 411, 85, 228, 110, 412, 193, 261, 451, 99, 435, 315, 411, 342, 26, 12, 97, 187, 274, 152, 337, 221, 0, 187, 469, 187, 469, 152, 337, 221, 193, 32, 333, 444, 469, 339, 394, 145, 222, 223, 21, 342, 26, 12, 97, 187, 469, 152, 337, 32, 333, 134, 469, 339, 394, 145, 222, 214, 21, 412, 315, 460, 51, 214, 21, 355, 496, 256, 197, 266, 201, 382, 418, 256, 402, 257, 411, 85, 197, 266, 201, 382, 228, 110, 412, 369, 261, 32, 316, 435, 315, 164, 51, 424, 81, 186, 330, 226, 110, 333, 129, 80, 15, 280, 182, 411, 342, 26, 12, 97, 187, 469, 152, 337, 221, 83, 32, 333, 444, 469, 339, 394, 315, 164, 51, 424, 146, 186, 330, 226, 110, 333, 129, 80, 15, 35, 182, 411, 342, 26, 12, 97, 187, 469, 152, 337, 221, 193, 32, 333, 469, 152, 337, 221, 0, 32, 333, 444, 469, 339, 426, 145, 29, 145, 202, 487, 475, 83, 41, 280, 454, 301, 400, 182, 418, 231, 453, 202, 179, 381, 407, 287, 337, 450, 327, 81, 475, 386, 492, 198, 311, 165, 341, 35, 499, 83, 118, 351, 314, 372, 419, 165, 91, 160, 169, 452, 418, 29, 145, 202, 487, 475, 83, 41, 280, 454, 301, 400, 182, 418, 231, 453, 202, 179, 381, 407, 287, 337, 450, 327, 81, 475, 386, 492, 198, 311, 165, 341, 3, 251, 99, 379, 51, 166, 266, 24, 344, 81, 133, 169, 177, 330, 184, 360, 486, 426, 235, 489, 47, 285, 132, 23, 356, 340, 312, 181, 78, 310, 453, 89, 284, 203, 139, 124, 217, 347, 62, 484, 481, 188, 77, 257, 160, 325, 326, 391, 154, 183, 185, 137]
Tree:
None
Fitness on 5000 data:
-6.928590725128658

Fitness:
-6.508750434876563