Generation:
500

Phenotype:
x = gm([21, 26, 7], [8.7, 14.7, 7.7]) + 29  * mu;
sigma = 10  * uniform([0, 0.7], 1)  - uniform([1, 2], 2);
mu = 0  * gm([19.8, 18.9, 15.9]) + uniform([16, 8.3], 1);

Genotype:
[230, 280, 40, 127, 26, 172, 297, 94, 441, 84, 486, 290, 26, 310, 193, 500, 189, 380, 294, 309, 107, 33, 487, 7, 294, 403, 463, 345, 234, 330, 492, 124, 449, 493, 72, 191, 124, 5, 93, 312, 260, 0, 197, 249, 454, 262, 261, 132, 74, 296, 384, 286, 70, 341, 160, 272, 309, 19, 124, 5, 390, 26, 437, 480, 233, 102, 236, 357, 37, 318, 74, 260, 384, 286, 25, 140, 494, 448, 348, 297, 299, 102, 209, 449, 146, 312, 437, 0, 197, 102, 236, 262, 37, 318, 74, 260, 384, 286, 70, 341, 160, 272, 258, 60, 25, 140, 494, 448, 292, 297, 299, 102, 209, 214, 39, 204, 50, 3, 458, 283, 293, 423, 155, 341, 297, 318, 213, 386, 485, 37]
Tree:
None
Fitness on 5000 data:
-7.7026416634730035

Fitness:
-7.289869714702638