Generation:
500

Phenotype:
questionsAfterLectureLength = gm([10, 26.4, 9], [29, 8.7, 3]);
contentDifficulty = 26  * uniform([30, 9], 4);
contentDifficulty = 0 * 3;
contentDifficulty = gm([19, 15.2, 6]) + 16;;

Genotype:
[481, 455, 322, 430, 151, 6, 168, 133, 319, 294, 10, 421, 336, 102, 92, 412, 152, 358, 184, 207, 256, 6, 374, 499, 310, 6, 102, 204, 78, 421, 336, 102, 92, 412, 152, 195, 184, 207, 256, 6, 374, 499, 310, 344, 102, 204, 488, 46, 34, 60, 77, 74, 428, 236, 319, 294, 226, 258, 6, 74, 428, 388, 343, 197, 199, 46, 34, 60, 77, 7, 44, 370, 293, 407, 241, 72, 268, 347, 388, 343, 437, 199, 46, 34, 60, 211, 72, 437, 199, 46, 34, 60, 77, 74, 109, 274, 199, 240, 107, 345, 65, 338, 10, 392, 355, 423, 437, 450, 101, 7, 153, 370, 293, 355, 46, 34, 60, 77, 74, 60, 199, 46, 34, 60, 77, 74, 428, 191, 274, 199, 46, 256, 207, 176, 6, 101, 250, 234, 151, 360, 140, 419, 467, 185, 425, 166, 128, 396, 94, 199, 101, 7, 44, 370, 293, 407, 211, 72, 268, 347, 388, 343, 437, 199, 46, 34, 60, 77, 7, 44, 370, 293, 407, 241, 72, 268, 347, 388, 343, 437, 199, 46, 34, 60, 77, 74, 109, 274, 199, 240, 107, 345, 65, 338, 10, 392, 355, 423, 437, 450, 101, 7, 153, 370, 293, 355, 46, 34, 60, 77, 74, 60, 77, 74, 7, 44, 370, 293, 407, 211, 72, 437, 199, 46, 34, 60, 77, 74, 109, 274, 199, 240, 107, 345, 65, 338, 10, 392, 355, 423, 437, 450, 101, 7, 153, 370, 293, 355, 46, 34, 60, 77, 74, 60, 77, 74, 7, 44, 370, 293, 407, 211, 72, 46, 256, 207, 293, 6, 355, 404, 421, 240, 274, 199, 46, 34, 60, 77, 74, 256, 421, 442, 89, 195, 430, 310, 240, 274, 199, 116, 430, 355, 240, 274, 345, 65, 338, 10, 392, 402, 256, 6, 152, 240, 274, 199, 46, 34, 274, 199, 81, 389, 430, 355, 240, 274, 199, 46, 34, 274, 199, 116, 430, 355, 437, 170, 148, 166, 81, 389, 430, 355, 240, 274, 199, 46, 34, 274, 199, 81, 389, 430, 355, 240, 274, 199, 46, 34, 274, 199, 116, 430, 355, 240, 274, 345, 65, 338, 10, 392, 402, 424, 302, 95, 360, 357, 366, 425, 152, 423, 257, 356, 486, 281, 201, 326, 419]
Tree:
None
Fitness on 5000 data:
-6.202447640760021

Fitness:
-6.04813068504598