Generation:
500

Phenotype:
skill2 = 23  * skill2 + gm([18, 22, 3.9]);
skill1 = skill2  - gm([13.5, 0, 5.1]);
p1wins = gm([9, 19.9, 5.1])  - skill2;;

Genotype:
[94, 265, 440, 257, 52, 454, 190, 333, 363, 283, 120, 1, 476, 454, 359, 474, 456, 147, 3, 395, 76, 34, 486, 458, 474, 138, 232, 258, 133, 6, 327, 385, 112, 192, 217, 231, 377, 306, 234, 318, 287, 353, 290, 363, 283, 30, 190, 71, 255, 143, 368, 233, 439, 333, 363, 363, 283, 454, 190, 333, 363, 283, 454, 190, 333, 363, 283, 120, 454, 476, 454, 202, 474, 456, 147, 377, 395, 76, 34, 162, 202, 474, 138, 232, 258, 133, 6, 327, 477, 333, 363, 283, 120, 454, 345, 344, 291, 202, 474, 456, 147, 139, 133, 76, 476, 162, 202, 474, 138, 232, 258, 133, 6, 327, 477, 112, 86, 500, 231, 377, 395, 234, 318, 287, 353, 298, 58, 407, 106, 291, 260, 112, 146, 500, 181, 377, 395, 234, 318, 287, 353, 298, 58, 407, 106, 291, 114, 24, 347, 260, 181, 438, 52, 200, 190, 172, 202, 474, 344, 213, 139, 438, 138, 232, 258, 133, 6, 327, 477, 112, 86, 500, 231, 377, 395, 183, 318, 287, 353, 298, 58, 407, 106, 291, 114, 24, 347, 260, 181, 438, 52, 200, 190, 172, 202, 474, 309, 232, 139, 438, 6, 327, 390, 318, 287, 353, 298, 58, 407, 106, 291, 95, 24]
Tree:
None
Fitness on 5000 data:
-8.633696265108988

Fitness:
-7.968771593141633