Generation:
500

Phenotype:
skill1 = uniform([14, 12.5], 3); 
skill2 = 22  * skill2 + uniform([13, 14.5], 1); 
if p1wins <= 25 { 
  p1wins = bern(0.6);
 } else { 
  p1wins = 7  * bern(0.5) + 5  * gm([13, 14.5, 24], [29, 26.5, 28]); 
 } end if;

Genotype:
[427, 261, 477, 290, 138, 261, 477, 382, 38, 307, 427, 301, 160, 421, 33, 226, 416, 327, 386, 247, 204, 303, 140, 256, 60, 395, 337, 242, 75, 447, 51, 194, 385, 382, 38, 307, 427, 301, 160, 421, 33, 226, 416, 327, 386, 247, 204, 303, 140, 256, 60, 395, 88, 382, 486, 307, 427, 384, 96, 421, 435, 341, 386, 264, 139, 350, 5, 460, 5, 405, 354, 27, 427, 88, 382, 38, 307, 427, 384, 96, 421, 435, 341, 416, 327, 384, 96, 421, 435, 226, 416, 327, 386, 264, 204, 303, 140, 256, 60, 395, 337, 242, 459, 186, 51, 204, 303, 140, 256, 60, 395, 337, 242, 459, 186, 51, 194, 385, 139, 350, 5, 93, 311, 169, 233, 386, 264, 88, 453, 309, 453, 309, 222, 498, 186, 51, 194, 385, 139, 350, 5, 93, 311, 169, 233, 386, 38, 173, 427, 384, 239, 421, 435, 226, 416, 327, 386, 264, 386, 453, 233, 211, 382, 38, 307, 65, 102, 239, 465, 207, 405, 294, 416, 327, 386, 264, 239, 408, 435, 226, 159, 207, 477, 393, 477, 284, 362, 118, 379, 75, 5, 79, 307, 47, 317, 322, 397, 326, 286, 406, 213, 159, 207, 405, 80, 260, 327, 469, 386, 197, 170, 474, 169, 1, 89, 179, 271, 155, 114, 459, 186, 51, 194, 385, 139, 350, 5, 93, 311, 69, 70, 381, 37, 40, 84, 117, 373, 71, 105, 197, 402, 90, 456, 93, 264, 204, 303, 17, 256, 122, 395, 337, 416, 326, 152, 477, 382, 38, 27, 427, 481, 386, 453, 309, 318, 396, 169, 233, 386, 264, 284, 362, 118, 379, 75, 5, 79, 307, 47, 478, 413, 408, 435, 226, 159, 207, 405, 80, 113, 327, 469, 386, 453, 309, 222, 396, 169, 233, 386, 264, 88, 453, 309, 222, 498, 435, 276, 382, 38, 27, 148, 295, 481, 396, 183, 395, 294, 275, 453, 202, 353, 20, 383, 138, 376, 344, 151, 480, 161, 2, 443, 492, 134, 164, 20, 77, 491, 19, 445, 269, 384, 279, 427, 214, 303, 73, 387, 151, 108, 83, 406, 9, 434, 485, 325, 100, 302, 14, 253, 347, 233, 121, 342, 338, 108, 331, 224, 263, 150, 178, 322, 279, 384, 445, 181, 349, 324, 204, 27, 264, 297, 137, 399, 225, 459, 315, 159, 378, 476, 258, 196, 477, 16, 105, 448, 30, 187, 272, 323, 413, 352, 103, 285, 119, 280, 213, 84, 269, 425, 284, 102, 210, 462, 98, 384, 422, 370]
Tree:
None
Fitness on 5000 data:
-6.956929756168929

Fitness:
-6.091233772089365