Generation:
500

Phenotype:
a = 5  - uniform([0, 6.4], 1); 
if b == 10 { 
  b = 4  * gm([10, 3.1, 7.4]) + 8  * gm([23.4, 4.3, 18]); 
 } else { 
  b = gm([30, 2, 4.2]) + a; 
 } end if;

Genotype:
[22, 68, 419, 138, 439, 69, 56, 434, 481, 223, 408, 496, 194, 469, 314, 351, 481, 223, 66, 496, 194, 314, 351, 209, 127, 81, 481, 410, 408, 496, 194, 469, 314, 351, 209, 210, 81, 345, 128, 440, 204, 358, 321, 487, 170, 124, 30, 412, 405, 267, 345, 334, 84, 204, 358, 321, 487, 176, 154, 235, 405, 369, 223, 128, 84, 86, 452, 375, 487, 60, 21, 31, 30, 478, 97, 441, 420, 445, 128, 84, 86, 452, 375, 487, 60, 21, 31, 30, 478, 97, 441, 420, 445, 472, 134, 336, 102, 95, 106, 165, 319, 389, 272, 31, 420, 445, 472, 134, 336, 102, 95, 106, 165, 319, 389, 272, 31, 72, 486, 490, 341, 250, 370, 144, 80, 212, 243, 498, 52, 108, 358, 113, 295, 56, 479, 121, 332, 309, 235, 4, 69, 471, 192, 150, 154, 235, 33, 293, 408, 393, 356, 138, 464, 221, 246, 140, 475, 423, 311, 22, 171, 40, 204, 248, 326, 202, 22, 440, 324, 312, 272, 441, 451, 122, 66, 232]
Tree:
None
Fitness on 5000 data:
-5.175504657224772

Fitness:
-4.81114999702467