Generation:
500

Phenotype:
u = bern(0.3)  - u;
w = 24 * 6;
if uniform([22, 2], 1) > 30 { 
   u = 12  * v; 
 } else { 
   v = bern(0.8) + uniform([6, 7], 1); 
 } end if;
w = 21  - gm([5, 26.4, 6]);
w = 29;
if u==1 { 
  if v > 12 { 
    w = gm([1,12.,2.]);
   } else { 
    w = gm([1,6.,2.]); 
   } end if;
 } else { 
  w = gm([1,6.,2.]); 
 } end if;

Genotype:
[467, 259, 312, 261, 21, 119, 231, 339, 11, 486, 112, 72, 458, 280, 428, 153, 383, 231, 179, 440, 71, 489, 105, 344, 24, 458, 456, 82, 19, 360, 171, 402, 93, 30, 440, 393, 141, 229, 43, 404, 328, 24, 458, 456, 82, 19, 360, 171, 448, 93, 54, 440, 376, 141, 320, 440, 376, 434, 302, 239, 320, 456, 83, 489, 21, 66, 382, 470, 55, 274, 75, 266, 316, 369, 416, 78, 50, 24, 386, 450, 184, 456, 456, 266, 316, 308, 416, 78, 50, 24, 386, 450, 184, 456, 456, 471, 477, 483, 268, 369, 153, 70, 256, 252, 29, 124, 297, 313, 23, 261, 362, 373, 465, 362, 231, 395, 363, 206, 494, 260, 78, 287, 353, 354, 321, 452, 0, 313, 10, 164, 452, 231, 470, 55, 274, 75, 266, 316, 369, 416, 78, 50, 24, 386, 450, 184, 456, 456, 266, 316, 369, 416, 78, 50, 24, 386, 450, 184, 456, 456, 471, 477, 483, 268, 55, 274, 75, 266, 316, 369, 416, 78, 50, 24, 386, 450, 184, 456, 456, 266, 316, 369, 416, 78, 50, 24, 386, 450, 184, 456, 456, 471, 477, 483, 268, 369, 153, 70, 256, 252, 411, 124, 297, 313, 23, 261, 362, 373, 465, 362, 231, 395, 363, 206, 494, 260, 78, 193, 353, 354, 321, 452, 0, 313, 10, 164, 452, 231, 359, 90, 489, 142, 448, 438, 464, 200, 370, 248, 92, 31, 257, 239, 20, 305]
Tree:
None
Fitness on 5000 data:
-5.052068154607374

Fitness:
-4.686939152879765