Generation:
500

Phenotype:
contentDifficulty = uniform([14, 29.1], 1);
questionsAfterLectureLength = contentDifficulty  - uniform([10, 18.8], 1);;

Genotype:
[285, 230, 204, 349, 444, 204, 465, 46, 231, 299, 339, 54, 204, 381, 66, 46, 383, 239, 456, 120, 18, 363, 66, 41, 195, 204, 349, 444, 423, 465, 46, 231, 323, 54, 204, 381, 66, 254, 136, 239, 271, 349, 204, 381, 66, 195, 383, 46, 230, 204, 125, 444, 204, 195, 46, 231, 299, 339, 59, 204, 363, 66, 46, 383, 299, 339, 120, 18, 363, 363, 66, 46, 383, 299, 339, 120, 18, 111, 66, 12, 411, 19, 92, 291, 156, 213, 69, 359, 484, 283, 384, 383, 402, 420, 480, 436, 92, 200, 156, 213, 432, 340, 299, 109, 145, 239, 209, 121, 162, 154, 81, 363, 284, 78, 254, 219, 448, 96, 484, 33, 328, 261, 275]
Tree:
None
Fitness on 5000 data:
-6.337508563359019

Fitness:
-6.247465967725477