Generation:
500

Phenotype:
u = bern(0.3); 
 v = bern(0.8)  - 0; 
 w = bern(0.1); 
  if bern(0.8) > 0 { 
       if u != 1{ 
             x = 0 + v; 
       } else { 
             x = 0  - 0; 
       } end if; 
 } else { 
       if w + x + bern(0.8) >= 0{ 
             x = bern(0.1) + 0; 
       } else { 
             x = bern(0.9) + 0; 
       } end if; 
 } end if;

Genotype:
[105, 336, 492, 473, 326, 473, 68, 367, 178, 137, 430, 318, 452, 349, 162, 351, 378, 137, 430, 451, 430, 318, 452, 349, 351, 178, 137, 430, 318, 452, 349, 452, 451, 412, 349, 466, 305, 389, 430, 326, 473, 68, 351, 178, 137, 430, 318, 452, 349, 162, 351, 378, 137, 430, 451, 412, 349, 350, 161, 496, 419, 444, 155, 450, 16, 473, 326, 82, 341, 496, 419, 68, 430, 318, 452, 349, 162, 317, 386, 349, 242, 393, 4, 419, 444, 406, 399, 214, 176, 218, 308, 394, 406, 399, 214, 176, 438, 308, 265, 193, 228, 67, 118, 193, 329, 241, 379, 147, 212, 177, 203, 58, 269, 55, 31, 321, 200, 162, 50, 141, 114, 36, 422, 193, 112, 241, 379, 309, 24, 485, 306, 431, 55, 495, 86, 242, 356, 210, 395, 387, 134, 111, 359, 212, 159, 87, 43, 50, 233]
Tree:
None
Fitness on 5000 data:
-2.1112243133780852

Fitness:
-1.4748725789224368