Generation:
500

Phenotype:
preplevel = 0 + gm([0.4, 0, 0], [0.1, 1, 0], [0.3, 2, 0]); 
  if preplevel + gm([0.7, 0, 0], [0.7, 1, 0], [0.6, 2, 0]) < 3 { 
       damage = damage + gm([0.2, 0, 0], [0.7, 1, 0]); 
 } else { 
       if preplevel == 3 { 
             damage = gm([0.2, 0, 0], [0.7, 1, 0]) + gm([0.3, 0, 0], [0.7, 1, 0]); 
       } else { 
             damage = 0; 
       } end if; 
 } end if;

Genotype:
[1, 59, 425, 145, 172, 443, 425, 345, 99, 209, 11, 423, 124, 24, 364, 194, 399, 366, 24, 455, 324, 433, 11, 98, 308, 29, 24, 455, 324, 433, 240, 350, 358, 358, 308, 29, 24, 455, 324, 433, 240, 350, 358, 308, 29, 78, 334, 63, 30, 24, 159, 500, 172, 443, 425, 345, 99, 209, 11, 423, 112, 24, 202, 194, 399, 366, 24, 423, 124, 380, 202, 194, 399, 366, 24, 455, 324, 433, 240, 350, 358, 308, 29, 78, 334, 166, 413, 264, 443, 172, 443, 425, 345, 366, 24, 455, 324, 433, 240, 240, 350, 358, 308, 349, 78, 334, 166, 413, 24, 202, 194, 455, 428, 159, 145, 172, 443, 166, 413, 264, 202, 194, 455, 428, 159, 145, 172, 443, 324, 433, 240, 350, 358, 308, 29, 306, 334, 166, 202, 11, 423, 124, 398, 202, 69, 399, 366, 99, 209, 11, 423, 124, 398, 202, 69, 399, 366, 399, 229, 166, 24, 455, 18, 433, 240, 350, 302, 166, 413, 63, 30, 24, 455, 317, 278, 240, 172, 443, 425, 345, 366, 24, 455, 324, 433, 240, 350, 302, 308, 29, 78, 334, 166, 110, 12, 115, 329, 17, 414, 81, 375, 419, 68, 73, 393, 233, 286, 91, 249, 229, 65, 141, 236, 330, 288, 253, 340, 185, 69, 247, 208, 197, 475, 461, 69, 251, 299, 395, 284, 340, 282, 461, 117, 266, 173, 62, 279, 103, 315, 170, 60, 21, 145, 233, 286, 91, 249, 229, 65, 141, 236, 330, 288, 453, 340, 185, 69, 247, 208, 197, 475, 461, 69, 251, 299, 395, 284, 340, 282, 461, 117, 266, 173, 62, 279, 103, 315, 170, 60, 21, 145, 328, 333, 488, 4, 429, 455, 110, 293, 305, 216, 350, 379, 469, 15, 487, 131, 450, 171, 339, 353, 251, 443, 468, 488, 283, 450, 110, 292, 212, 343, 242]
Tree:
None
Fitness on 5000 data:
-1.664926547895895

Fitness:
-1.3705625703309718