Generation:
500

Phenotype:
mu = uniform([11, 15.8], 1)  - 13  * mu; 
sigma = uniform([0, 4], 1) + sigma;
x = uniform([27, 5], 4)  - 20  * x;
x = uniform([0, 4], 1) + mu;

Genotype:
[97, 425, 372, 488, 197, 213, 232, 151, 500, 142, 137, 330, 288, 91, 435, 59, 124, 442, 327, 196, 30, 372, 385, 197, 183, 197, 213, 232, 13, 259, 142, 51, 237, 299, 91, 114, 59, 124, 262, 336, 196, 30, 426, 372, 488, 197, 213, 232, 151, 500, 436, 330, 237, 299, 91, 435, 59, 124, 262, 372, 488, 197, 270, 124, 262, 142, 330, 481, 258, 91, 19, 284, 339, 208, 39, 163, 481, 481, 330, 295, 159, 275, 481, 45, 443, 21, 199, 481, 481, 481, 262, 327, 330, 237, 299, 91, 435, 59, 124, 262, 327, 196, 29, 480, 299, 91, 435, 59, 191, 21, 384, 91, 425, 286, 129, 302, 59, 215, 306, 270, 45, 299, 91, 435, 59, 124, 262, 327, 196, 29, 480, 299, 91, 435, 59, 191, 262, 327, 196, 19, 284, 339, 208, 39, 163, 481, 481, 330, 295, 61, 275, 124, 293, 48, 420, 306, 270, 124, 293, 358, 420, 405, 195, 281, 426, 19, 284, 339, 19, 284, 339, 433, 216, 142, 330, 237, 215, 91, 435, 416, 124, 293, 358, 219, 266, 163, 130, 304, 329, 116, 340, 62, 313, 495, 490, 226, 67, 210, 6, 42, 242, 335, 9, 475, 466, 172, 490, 11, 188, 306, 353, 260, 367, 226, 392, 411, 480, 392, 178, 361, 476, 341]
Tree:
None
Fitness on 5000 data:
-8.06978284118457

Fitness:
-6.18847719534162