Generation:
500

Phenotype:
skill1 = bern(0.1)  - uniform([25, 4], 1); 
skill2 = 2  * gm([3, 10, 2]); 
p1wins = bern(0.2);
skill1 = p1wins + 2  * gm([9, 10, 2]);;

Genotype:
[403, 491, 444, 175, 81, 60, 178, 490, 392, 165, 76, 342, 91, 467, 361, 118, 276, 189, 266, 10, 254, 2, 375, 246, 267, 208, 168, 178, 277, 392, 484, 165, 308, 342, 91, 467, 361, 118, 374, 257, 266, 10, 254, 2, 132, 246, 267, 208, 168, 178, 490, 392, 413, 157, 342, 356, 118, 276, 257, 178, 274, 246, 133, 469, 168, 178, 490, 392, 413, 157, 208, 91, 467, 369, 118, 168, 433, 277, 392, 484, 178, 490, 392, 165, 157, 342, 41, 178, 490, 392, 165, 157, 342, 2, 132, 246, 175, 208, 168, 178, 277, 392, 339, 178]
Tree:
None
Fitness on 5000 data:
-6.238045825795655

Fitness:
-5.718693721713544