Generation:
500

Phenotype:
skill1 = 2 * 18  - 22  * p1wins; 
skill2 = bern(0.6) + gm([6.2, 6.5, 14], [29, 18, 5], [0, 17, 0], [4, 11.4, 9], [20, 17.5, 3.7]); 
p1wins = p1wins + bern(0.5);
skill1 = uniform([10, 18.3], 1);;

Genotype:
[483, 374, 266, 485, 157, 421, 316, 146, 276, 344, 472, 216, 491, 347, 60, 257, 285, 7, 130, 388, 43, 68, 22, 28, 479, 331, 460, 494, 184, 204, 218, 160, 441, 252, 465, 310, 172, 102, 31, 469, 32, 438, 159, 476, 102, 242, 9, 232, 374, 113, 257, 79, 292, 299, 189, 276, 400, 474, 452, 257, 333, 303, 328, 348, 302, 388, 408, 39, 381, 246, 72, 61, 204, 218, 444, 441, 252, 465, 310, 172, 102, 169, 469, 115, 438, 159, 102, 102, 242, 402, 232, 374, 113, 257, 395, 292, 353, 189, 276, 151, 306, 452, 257, 105, 303, 328, 348, 302, 388, 10, 48, 450, 339, 290, 400, 44, 441, 37, 475, 110, 447, 485, 15, 252, 401, 215, 380, 178, 396, 66, 416, 266, 469, 446, 187, 120, 163, 331, 55, 280, 105, 493, 115, 440, 31, 183, 96, 156, 286, 335, 305, 38, 214, 437, 292, 379, 162, 273, 106, 358, 139, 462, 259, 73, 13]
Tree:
None
Fitness on 5000 data:
-6.618109726443073

Fitness:
-6.323009444390161