Generation:
500

Phenotype:
b = uniform([6, 17.8], 2)  - uniform([11, 1], 4);
a = 24  - uniform([18, 8], 1);;

Genotype:
[227, 71, 188, 308, 409, 68, 138, 11, 223, 73, 17, 349, 33, 285, 251, 476, 256, 432, 91, 396, 262, 190, 78, 95, 128, 458, 210, 69, 311, 18, 128, 457, 308, 409, 68, 112, 1, 453, 81, 376, 132, 274, 338, 117, 138, 11, 223, 385, 428, 221, 125, 260, 436, 321, 101, 497, 106, 242, 473, 427, 189, 329, 336, 467, 275, 101, 130, 401]
Tree:
None
Fitness on 5000 data:
-5.2635362390315015

Fitness:
-5.0005478199301585