Generation:
500

Phenotype:
mu = uniform([12, 14.9], 1)  - x;
x = gm([19, 23, 3], [15, 22, 6], [0, 13, 29.2]) + sigma;
sigma = 29  * sigma + gm([0, 20, 21.5], [14.5, 2.2, 0.9]);

Genotype:
[446, 38, 62, 337, 399, 437, 477, 278, 198, 465, 14, 377, 72, 216, 477, 236, 236, 194, 434, 239, 82, 42, 262, 477, 236, 236, 86, 147, 262, 468, 231, 402, 356, 456, 363, 366, 378, 6, 294, 31, 456, 75, 419, 246, 433, 495, 450, 349, 228, 120, 414, 331, 391, 58, 246, 33, 400, 399, 277, 331, 334, 310, 58, 330, 197, 52, 85, 456, 427, 138, 400, 469, 157, 253, 485, 403, 278, 198, 465, 14, 377, 72, 216, 477, 236, 236, 236, 101, 147, 262, 468, 367, 402, 356, 377, 72, 216, 477, 236, 236, 194, 434, 239, 82, 42, 29, 477, 236, 236, 86, 147, 262, 377, 72, 437, 219, 269, 213, 198, 20, 244, 377, 72, 216, 477, 236, 236, 194, 72, 239, 82, 315, 62, 194, 433, 495, 450, 349, 228, 120, 414, 185, 309, 184, 300, 222, 294, 435, 285, 346, 299, 196, 50, 263, 428, 213, 19, 33, 80, 138, 452, 294, 90, 434, 239, 401, 442, 253, 367, 270]
Tree:
None
Fitness on 5000 data:
-6.977396204096226

Fitness:
-6.7205239681853985