Generation:
500

Phenotype:
a = gm([29, 1, 1.2]) + a;
b = gm([29, 1, 6]) + a;;

Genotype:
[453, 206, 260, 24, 358, 202, 141, 400, 68, 24, 401, 182, 435, 435, 156, 154, 3, 153, 346, 135, 410, 325, 23, 202, 447, 460, 68, 24, 401, 144, 435, 156, 68, 3, 357, 388, 135, 410, 420, 109, 24, 375, 121, 306, 464, 451, 477, 162, 313, 358, 202, 447, 117, 259, 24, 401, 182, 435, 156, 68, 3, 153, 346, 135, 410, 420, 23, 24, 375, 121, 483, 29, 408, 489, 306, 221, 451, 477, 162, 313, 466, 227, 156, 68, 3, 106, 466, 34, 28, 380, 156, 68, 3, 168, 346, 135, 410, 420, 109, 24, 375, 380, 18, 241, 435, 406, 46, 150, 284, 182, 435, 156, 68, 3, 153, 346, 135, 410, 420, 109, 24, 375, 121, 483, 29, 408, 489, 306, 221, 394]
Tree:
None
Fitness on 5000 data:
-5.658296159127101

Fitness:
-4.9347141107224886