Generation:
500

Phenotype:
skill1 = gm([30.5, 20, 5.2]);
skill2 = uniform([11, 15.3], 1);
if skill1-skill2 > 0 { 
  p1wins = 1.0;
 } else { 
   p1wins = 0.0; 
 } end if;

Genotype:
[461, 407, 76, 149, 87, 48, 174, 427, 182, 109, 154, 58, 498, 454, 379, 222, 109, 90, 430, 323, 250, 207, 174, 335, 383, 1, 77, 227, 12, 240, 76, 240, 87, 48, 498, 207, 351, 116, 383, 1, 240, 383, 103, 399, 434, 261, 184, 336, 232, 177, 464, 212, 265, 383, 274]
Tree:
None
Fitness on 5000 data:
-5.768204438751252

Fitness:
-5.708857569580441