Generation:
500

Phenotype:
a = uniform([8, 5], 1)  - uniform([8, 3.3], 4);
b = gm([26.7, 24.5, 15.3])  - 27;
b = 1  * gm([15.9, 30, 1.6])  - 6  * uniform([3, 3], 2);;

Genotype:
[123, 430, 404, 237, 278, 380, 63, 80, 256, 284, 148, 324, 63, 428, 256, 223, 344, 326, 335, 370, 300, 87, 233, 249, 274, 256, 249, 88, 285, 223, 365, 256, 223, 449, 272, 80, 288, 430, 420, 370, 451, 87, 116, 376, 249, 274, 256, 223, 449, 440, 132, 278, 275, 63, 194, 256, 223, 449, 282, 80, 38, 89, 80, 256, 132, 278, 47, 63, 80, 256, 223, 38, 38, 430, 420, 370, 451, 87, 449, 282, 80, 38, 89, 420, 370, 451, 87, 449, 440, 498, 278, 275, 63, 80, 282, 80, 38, 275, 63, 80, 256, 223, 449, 282, 80, 38, 430, 420, 370, 451, 87, 95, 376, 249, 274, 256, 223, 449, 440, 132, 309, 63, 80, 256, 223, 38, 430, 420, 370, 408, 309, 204, 35, 495, 318, 207, 210, 387, 219, 235, 485, 335, 288, 272, 281, 13, 221, 10, 340, 287, 12, 178, 445, 102, 465, 324, 237]
Tree:
None
Fitness on 5000 data:
-5.259643754493016

Fitness:
-4.967831211411935