Generation:
500

Phenotype:
skill1 = gm([0, 18, 26.7], [12.5, 22, 7]) + 1  * skill2; 
skill2 = 14  * skill2 + uniform([14, 13.8], 1); 
if gm([13.1, 18, 14], [19, 13.9, 4.5], [7.2, 25, 9]) > 20 { 
  p1wins = 29  * p1wins;
 } else { 
  p1wins = bern(0.8); 
 } end if;

Genotype:
[151, 355, 378, 361, 255, 280, 279, 180, 204, 465, 243, 348, 278, 7, 198, 427, 98, 239, 334, 38, 160, 249, 96, 82, 256, 373, 200, 92, 313, 210, 366, 448, 65, 478, 16, 72, 323, 260, 430, 117, 47, 203, 416, 99, 50, 421, 114, 417, 301, 260, 360, 361, 261, 134, 287, 438, 49, 414, 211, 131, 325, 160, 25, 64, 288, 231, 361, 255, 280, 122, 180, 71, 465, 132, 403, 367, 280, 285, 110, 154, 368, 487, 363, 174, 421, 436, 241, 484, 163, 113, 160, 467, 132, 315, 91, 437, 379, 89, 370, 274, 472, 163, 113, 400, 427, 7, 365, 334, 165, 469, 498, 437, 350, 89, 370, 274, 472, 163, 113, 160, 467, 132, 347, 244, 191, 49, 44, 42, 75, 459, 22, 445, 448, 191, 99, 279, 303, 379, 278, 7, 400, 427, 7, 365, 334, 165, 469, 498, 479, 436, 200, 398, 34, 208, 262, 68, 400, 467, 132, 347, 244, 191, 49, 44, 42, 75, 459, 22, 445, 448, 191, 99, 279, 303, 423, 249, 261, 152, 239, 28, 20, 445, 48]
Tree:
None
Fitness on 5000 data:
-6.661521730332344

Fitness:
-6.376403613706567