Generation:
500

Phenotype:
burglary = alarm + earthquake;
johncalls = 0 + 0;

Genotype:
[100, 97, 12, 277, 212, 226, 52, 338, 478, 328, 338, 229, 100, 368, 437, 339, 283, 125, 182, 277, 212, 128, 52, 338, 478, 6, 338, 229, 100, 368, 426, 233, 27, 45, 386, 455, 197, 171, 321, 2, 478, 72, 114, 244, 278, 269, 298, 303, 80, 38, 77, 440, 237, 100, 70, 53, 288, 353, 109, 361, 38, 169, 100, 460, 296, 162, 188, 5, 220, 244, 10, 15, 489, 155, 172, 437, 74, 336, 404, 362, 452, 37, 136, 137, 224, 70, 367, 57, 118, 261, 341, 260, 464, 462, 124, 412, 95, 299, 61, 147, 308, 311, 207, 71, 399, 95, 9, 383, 117, 313, 444, 162, 137, 447, 178, 463, 425, 171, 283, 55, 83, 112, 9, 226, 395, 40, 445, 266, 495, 308, 234, 465, 225, 104, 147, 369, 170, 36, 353, 286, 85, 394, 465, 188, 255, 403, 213, 6, 121, 477, 349, 291, 199, 108, 91, 447, 70, 196, 127, 150, 160, 350, 225, 79, 165, 182, 195, 259, 435]
Tree:
None
Fitness on 5000 data:
-inf

Fitness:
0.0