Generation:
500

Phenotype:
v = 5  * gm([16.3, 1.7, 1]);
u = bern(0.2)  - 20  * u;
w = gm([9.8, 6, 2.3]);;

Genotype:
[268, 16, 158, 30, 217, 69, 247, 36, 189, 64, 265, 295, 146, 359, 249, 33, 332, 63, 84, 428, 414, 53, 135, 15, 469, 217, 51, 112, 207, 300, 64, 115, 35, 147, 84, 425, 56, 197, 71, 124, 280, 347, 189, 64, 308, 214, 146, 359, 249, 447, 332, 63, 84, 389, 414, 238, 135, 15, 119, 478, 97, 112, 207, 300, 64, 115, 35, 147, 84, 425, 169, 197, 71, 225, 278, 30, 217, 69, 247, 347, 189, 64, 489, 236, 207, 359, 332, 415, 238, 389, 414, 362, 339, 15, 274, 217, 225, 112, 207, 189, 64, 489, 35, 147, 84, 425, 406, 339, 15, 187, 190, 489, 35, 147, 84, 425, 335, 490, 249, 288, 189, 64, 449, 307, 297, 90, 65, 307, 64, 489, 35, 207, 430, 249, 189, 64, 278, 416, 490, 405, 265, 83, 226, 171, 221, 189, 142, 90, 65, 249, 173, 332, 189, 108, 234, 414, 362, 173, 441, 189, 108, 234, 414, 469, 210, 432, 178, 246, 341, 117, 342, 249, 294, 144, 117, 347, 222, 489, 249, 500, 332, 189, 207, 189, 64, 489, 35, 207, 359, 249, 173, 332, 189, 108, 234, 414, 362, 431, 15, 428, 217, 225, 247, 207, 189, 64, 15, 35, 147, 84, 425, 335, 339, 15, 428, 217, 225, 247, 207, 189, 52, 428, 217, 489, 462, 207, 359, 249, 173, 332, 189, 108, 72, 414, 362, 339, 15, 428, 217, 225, 247, 207, 189, 64, 489, 35, 147, 84, 425, 335, 339, 15, 428, 217, 225, 247, 207, 189, 190, 489, 35, 147, 84, 425, 335, 490, 249, 288, 189, 64, 449, 307, 297, 90, 65, 307, 64, 489, 35, 207, 430, 249, 461, 405, 265, 83, 226, 171, 221, 216, 142, 90, 483, 307, 106, 341, 117, 342, 249, 294, 144, 190, 489, 35, 147, 84, 425, 116, 490, 249, 288, 189, 64, 449, 307, 297, 90, 65, 307, 64, 35, 207, 430, 249, 461, 405, 265, 83, 226, 171, 221, 216, 142, 90, 483, 307, 106, 341, 117, 342, 249, 294, 144, 448, 347, 222, 216, 309, 119, 43, 280, 178, 376, 379, 278, 416, 490, 405, 265, 83, 226, 171, 221, 189, 142, 90, 65, 249, 173, 332, 189, 108, 234, 414, 362, 173, 441, 189, 108, 234, 414, 469, 189, 432, 178, 246, 489, 221, 20, 348, 186, 432, 225, 212, 339, 258, 408, 217, 448, 347, 222, 216, 309, 119, 43, 280, 178, 376, 379, 278, 416, 324, 278, 224, 15, 4, 411, 104, 268, 349, 194, 398, 459, 445, 187, 107, 405, 359]
Tree:
None
Fitness on 5000 data:
-5.538841469441635

Fitness:
-5.425714123804097