Generation:
500

Phenotype:
mu = uniform([24, 10.3], 3)  - uniform([7, 5], 1);
x = 7  * mu + 28  * uniform([11, 5.7], 3);
sigma = 17  - uniform([12, 5], 4);
 x = sigma * gm([1,1,1]);
x = x + mu;

Genotype:
[26, 67, 246, 287, 54, 314, 0, 275, 117, 71, 351, 488, 334, 429, 269, 317, 10, 31, 436, 64, 434, 380, 250, 67, 348, 486, 369, 331, 493, 425, 73, 401, 5, 69, 430, 114, 190, 288, 235, 125, 248, 98, 389, 429, 287, 12, 56, 121, 167, 64, 344, 352, 223, 235, 314, 0, 392, 117, 71, 289, 42, 190, 429, 269, 344, 352, 223, 67, 414, 486, 368, 1, 493, 125, 323, 239, 277, 494, 308, 0, 289, 38, 479, 429, 269, 209, 10, 376, 167, 64, 344, 117, 71, 418, 42, 470, 429, 0, 190, 136, 15, 357, 234, 1, 493, 425, 430, 239, 129, 412, 209, 0, 190, 288, 241, 308, 365, 223, 67, 433, 150, 160, 92, 241, 308, 15, 357, 234, 204, 365, 271, 476, 348, 486, 204, 167, 292, 429, 269, 420, 10, 376, 167, 64, 344, 365, 223, 67, 348, 486, 204, 1, 493, 425, 430, 239, 129, 494, 209, 0, 190, 288, 290, 379, 441, 121, 368, 440, 415, 114, 463, 287, 92, 141, 97, 149, 98, 205, 475, 76, 269, 177, 120, 203, 359, 282, 71]
Tree:
None
Fitness on 5000 data:
-6.280691425089875

Fitness:
-5.994797860481976