Generation:
500

Phenotype:
u = bern(0.3); 
v = 20  * gm([1.7, 4, 11])  - uniform([8, 8], 4); 
w = gm([17, 6, 4.3]);
v = 18  * gm([3, 2, 28.5], [7, 27, 30], [9.8, 9, 13.5]);
v = uniform([6, 7], 1);;

Genotype:
[294, 75, 39, 75, 137, 332, 106, 454, 357, 302, 235, 373, 276, 452, 35, 360, 166, 438, 478, 225, 266, 106, 123, 315, 126, 205, 252, 336, 358, 174, 440, 405, 314, 119, 110, 126, 18, 454, 381, 106, 173, 205, 157, 336, 220, 30, 312, 381, 214, 454, 357, 362, 255, 154, 275, 222, 278, 18, 461, 381, 106, 454, 381, 275, 106, 454, 357, 362, 255, 154, 276, 222, 278, 192, 428, 87, 360, 450, 18, 49, 362, 255, 154, 276, 222, 278, 192, 428, 87, 207, 450, 18, 49, 207, 267, 154, 111, 368, 390, 262, 135, 481, 299, 94, 377, 226, 416, 330, 44, 67, 120, 449, 223, 393, 201, 116, 350, 194, 63, 170, 34, 135, 358, 416, 375, 493, 198, 76, 127, 160, 71, 297, 118, 201, 329, 359, 63, 8, 178, 303, 262, 94, 115, 144, 471, 444, 20, 250, 46, 148, 303, 298, 1, 467, 315, 322, 218, 59, 234, 22, 302, 268, 182, 168, 191, 49, 141, 361, 16, 258, 188, 412, 294, 376, 40, 447, 403, 484, 339, 362, 14, 359, 145, 242, 267, 369, 213, 328, 5, 379, 433, 194, 95, 157, 149, 102, 226, 302, 228, 458, 474, 482, 181, 343, 21, 333, 332, 455, 412, 87, 72, 184, 476, 5, 126, 4, 383, 320, 342, 420, 462, 280, 135, 236, 70, 451, 21, 105, 449, 423, 375, 65, 72, 71, 487, 68, 173, 428, 382, 265, 470, 34, 278, 192, 428, 87, 207, 450, 18, 49, 362, 255, 154, 276, 222, 278, 192, 428, 87, 207, 450, 18, 49, 207, 267, 154, 111, 368, 390, 262, 135, 481, 299, 94, 377, 226, 416, 330, 44, 67, 120, 449, 223, 393, 201, 116, 350, 194, 63, 170, 34, 135, 358, 416, 375, 493, 198, 76, 127, 160, 71, 297, 118, 201, 329, 359, 63, 8, 178, 303, 262, 94, 115, 144, 471, 444, 20, 250, 46, 148, 303, 298, 1, 467, 315, 322, 218, 59, 234, 22, 302, 268, 182, 168, 191, 49, 141, 361, 16, 258, 188, 412, 294, 376, 40, 447, 403, 484, 339, 362, 14, 359, 145, 242, 267, 369, 213, 328, 5, 379, 433, 194, 95, 157, 149, 102, 226, 302, 228, 458, 474, 482, 181, 343, 21, 333, 332, 455, 412, 87, 72, 184, 476, 5, 126, 4, 383, 320, 342, 420, 462, 280, 135, 236, 70, 451, 21, 105, 449, 423, 375, 65, 72, 71, 487, 68, 173, 428, 382, 265, 470, 34, 397, 295, 327, 432, 178, 470, 227, 316, 407, 387, 290, 285, 487, 239, 247, 231, 494, 157, 176, 475, 414, 160, 220, 118, 390, 21, 413, 160, 362, 212, 258, 179, 41, 144, 138, 423, 132, 164, 105, 451, 477, 96, 238, 24, 429, 305, 358, 402, 161, 479, 148, 157, 123, 296, 234]
Tree:
None
Fitness on 5000 data:
-5.168097398648021

Fitness:
-5.031410497658329