Generation:
500

Phenotype:
a = b + 9  * gm([10, 26, 11], [16, 21.9, 16]); 
b = uniform([2, 5], 4) + gm([1.5, 21, 19.7], [24.8, 0.2, 7]); 
a = gm([1.1, 28, 0], [22.4, 1, 2]);;

Genotype:
[115, 115, 216, 405, 163, 358, 412, 25, 335, 126, 10, 240, 150, 124, 259, 148, 262, 202, 31, 486, 332, 262, 202, 10, 240, 248, 2, 40, 454, 291, 186, 352, 133, 479, 466, 211, 248, 207, 85, 267, 60, 134, 157, 179, 304, 169, 31, 262, 202, 224, 240, 248, 144, 332, 105, 291, 412, 273, 335, 249, 270, 152, 400, 384, 124, 80, 129, 115, 453, 200, 125, 176, 157, 412, 304, 259, 414, 262, 202, 75, 476, 248, 144, 332, 105, 291, 412, 25, 465, 249, 252, 352, 12, 227, 230, 13, 1, 52, 228, 163, 305, 456, 104, 19, 310, 323, 285, 124, 120, 255, 120]
Tree:
None
Fitness on 5000 data:
-5.395233541010591

Fitness:
-5.140283570888401