Generation:
500

Phenotype:
earthquake = 0; 
  burglary = alarm  - 0; 
    if bern(0.4) <= 0 { 
        if burglary != 1 { 
              alarm = 0; 
        } else { 
              alarm = bern(0.7) + 0; 
        } end if; 
  } else { 
        if bern(0.9) + alarm <= 0 { 
              alarm = earthquake  - 0; 
        } else { 
              alarm = 0 + burglary; 
        } end if; 
  } end if; 
    if burglary >= 0 { 
        johncalls = 0  - burglary; 
  } else { 
        johncalls = bern(0.2)  - 1; 
  } end if;

Genotype:
[440, 315, 93, 392, 230, 462, 192, 374, 273, 24, 167, 482, 313, 282, 5, 150, 40, 136, 45, 273, 168, 167, 482, 313, 282, 5, 150, 95, 136, 45, 459, 345, 143, 304, 424, 218, 473, 218, 83, 282, 378, 425, 425, 240, 415, 1, 32, 270, 20, 428, 231, 126, 76, 32, 270, 20, 428, 231, 126, 426, 410, 12, 485, 148, 153, 253, 355, 399, 29, 346, 119, 380, 346, 122, 293, 493, 455, 361, 137, 0, 448, 182, 422, 450, 13, 5, 27, 487, 9, 138, 260, 99, 82, 364, 379, 49, 361, 160, 207, 182, 276, 187, 127, 216, 116, 458, 96, 188, 318, 457, 177, 445, 48, 372, 144, 58, 493, 329, 133, 474, 201, 372, 47, 116, 287, 96, 411, 430, 128, 496, 282, 484, 304, 385, 55, 105, 253, 229, 386, 462, 96, 229, 416, 81, 46, 437, 63, 284, 307, 379, 59, 378, 109, 318, 366, 468, 303, 28, 38, 170, 470, 83, 351, 325, 195, 112, 387, 14, 51, 69, 438, 89, 499, 276]
Tree:
None
Fitness on 5000 data:
-inf

Fitness:
0.0