Generation:
500

Phenotype:
mu = 9 + gm([21, 11, 4]); 
sigma = gm([16, 2, 1.1]);
x = 9  * uniform([27, 4], 4)  - 28  * uniform([12, 4], 3);
x = 11 + gm([21, 10, 4]);

Genotype:
[250, 430, 227, 430, 350, 318, 58, 292, 318, 176, 430, 228, 318, 314, 438, 54, 412, 442, 288, 419, 318, 250, 363, 187, 243, 371, 364, 412, 227, 430, 290, 318, 487, 292, 121, 176, 353, 228, 318, 282, 412, 227, 430, 290, 318, 487, 292, 318, 176, 430, 351, 318, 314, 363, 316, 458, 192, 292, 187, 277, 116, 111, 438, 327, 412, 442, 430, 451, 290, 318, 250, 363, 348, 398, 447, 292, 492, 351, 149, 243, 148, 243, 371, 241, 276, 137, 141, 135, 426, 384, 246, 343, 358, 83, 234, 309, 9, 258, 110, 171, 81, 242, 377, 142, 123, 82, 47, 480, 16, 309, 462, 459, 153, 430, 431, 202, 408, 65, 95, 338, 344, 50, 254, 42, 428, 26, 466, 151, 132, 146, 423, 60, 497, 226, 481, 28, 186, 242, 198, 5, 270]
Tree:
None
Fitness on 5000 data:
-6.944112399493118

Fitness:
-6.489524924875111