Generation:
500

Phenotype:
earthquake = burglary  - earthquake; 
  burglary = 0; 
    if bern(0.1) + bern(0.7) + bern(0.9) <= 1 { 
        if earthquake == 1 { 
              alarm = bern(0.1)  - 0; 
        } else { 
              alarm = 1  - 1; 
        } end if; 
  } else { 
        if johncalls > 1 { 
              alarm = bern(0.6) + bern(0.8); 
        } else { 
              alarm = burglary; 
        } end if; 
  } end if; 
    if burglary != 0 { 
        johncalls = 0  - bern(0.3); 
  } else { 
        johncalls = 0 + 0; 
  } end if;

Genotype:
[143, 368, 6, 82, 448, 186, 344, 457, 306, 317, 310, 387, 147, 275, 450, 31, 31, 159, 230, 317, 395, 257, 159, 212, 289, 334, 211, 308, 174, 157, 450, 31, 262, 317, 395, 257, 147, 481, 25, 382, 8, 47, 367, 261, 136, 310, 147, 221, 480, 367, 367, 258, 296, 26, 304, 80, 64, 429, 416, 467, 311, 296, 26, 39, 371, 67, 45, 174, 157, 450, 31, 262, 159, 212, 289, 334, 211, 410, 249, 50, 158, 222, 435, 194, 241, 121, 469, 83, 281, 97, 467, 218, 164, 350, 301, 481, 395, 257, 147, 339, 480, 367, 216, 265, 158, 229, 198, 287, 468, 296, 365, 411, 92, 479, 271, 170, 397, 461, 434, 244, 170, 410, 249, 50, 158, 222, 435, 194, 241, 312, 469, 83, 281, 97, 467, 218, 164, 350, 301, 481, 184, 365, 404, 322, 241, 235, 354, 320, 305, 422, 366, 217, 194, 234, 373, 423, 398, 103, 97, 94, 438, 108, 407, 176, 498, 106, 229, 210, 285, 412, 405, 376, 293, 410, 6]
Tree:
None
Fitness on 5000 data:
-inf

Fitness:
0.0