Generation:
500

Phenotype:
damage = gm([0.5, 0, 0], [0.9, 1, 0], [0.6, 2, 0]);
preplevel = 3 + preplevel;
preplevel = gm([0.7, 0, 0], [0.2, 1, 0], [0.3, 2, 0]);
damage = gm([0.4, 0, 0], [0.9, 1, 0]);

Genotype:
[85, 392, 188, 172, 29, 120, 210, 310, 29, 346, 377, 302, 364, 192, 22, 235, 477, 178, 272, 360, 500, 355, 170, 392, 302, 458, 192, 22, 235, 483, 253, 245, 378, 346, 30, 377, 366, 362, 378, 276, 30, 494, 378, 276, 30, 377, 366, 69, 29, 378, 276, 30, 377, 366, 178, 37, 76, 482, 7, 259, 401, 213, 173, 471, 409, 355, 366, 259, 401, 213, 173, 471, 409, 355, 366, 259, 375, 482, 251, 297]
Tree:
None
Fitness on 5000 data:
-1.6495967355452177

Fitness:
-1.4668277314708587