Generation:
500

Phenotype:
questionsAfterLectureLength = gm([6, 12, 7]);
contentDifficulty = 13 + gm([1, 25, 8.4], [19.9, 17, 4.5]);;

Genotype:
[5, 116, 258, 91, 199, 363, 444, 21, 488, 242, 316, 442, 12, 494, 317, 117, 58, 272, 234, 328, 116, 228, 199, 399, 453, 117, 498, 156, 340, 242, 161, 442, 12, 494, 317, 329, 485, 14, 110, 449, 376, 130, 439, 199, 260, 160, 460, 125, 250, 302, 162, 27, 328, 254, 361, 258, 303, 494, 184, 466, 399, 475, 84, 271, 142, 369, 224, 199, 363, 366, 177, 14, 242, 316, 442]
Tree:
None
Fitness on 5000 data:
-6.440608860254426

Fitness:
-6.172980529739143