Generation:
500

Phenotype:
burglary=earthquake; 
 earthquake=1  - bern(0.9); 
 alarm=alarm; 
 johncalls=0; 
 earthquake = alarm  - 0;

Genotype:
[99, 192, 478, 448, 149, 326, 305, 75, 446, 181, 116, 60, 498, 170, 170, 465, 189, 22, 464, 170, 116, 465, 245, 22, 464, 170, 329, 296, 261, 16, 189, 22, 498, 170, 170, 230, 189, 22, 464, 170, 329, 380, 4, 380, 258, 326, 22, 464, 332, 218, 356, 272, 170, 329, 425, 32, 255, 446, 181, 116, 168, 465, 64, 170, 329, 202, 425, 16, 4, 380, 425, 495, 26, 327, 417, 229, 402, 436, 154, 51, 438, 113]
Tree:
None
Fitness on 5000 data:
-inf

Fitness:
0.0