Generation:
500

Phenotype:
v = 19  * gm([12, 14, 19.1], [12, 14, 2.1], [3, 7, 24.5])  - 25 * 8;
u = bern(0.7) + gm([29, 23, 21.6]);
w = 2  * v;
v = uniform([24, 2.1], 1)  - uniform([12, 7.2], 3);
u = bern(0.1);
if u==1 { 
  if v > 12 { 
    w = gm([1,12.,2.]);
   } else { 
    w = gm([1,6.,2.]); 
   } end if;
 } else { 
  w = gm([1,6.,2.]); 
 } end if;

Genotype:
[138, 310, 50, 417, 340, 80, 268, 484, 369, 289, 464, 105, 294, 417, 363, 484, 369, 289, 464, 105, 294, 417, 363, 343, 351, 168, 474, 127, 230, 162, 47, 427, 49, 50, 417, 428, 411, 350, 246, 231, 202, 297, 203, 159, 402, 277, 310, 50, 494, 146, 457, 337, 21, 491, 196, 306, 206, 80, 462, 382, 343, 272, 445, 484, 411, 289, 53, 105, 294, 210, 363, 343, 351, 168, 474, 246, 198, 375, 410, 343, 298, 447, 306, 46, 105, 246, 411, 347, 297, 196, 306, 206, 80, 462, 382, 343, 272, 445, 484, 411, 289, 53, 105, 294, 210, 363, 343, 351, 168, 474, 246, 198, 375, 410, 343, 298, 447, 306, 46, 156, 246, 411, 347, 297, 203, 398, 405, 277, 310, 50, 494, 312, 457, 337, 403, 411, 196, 306, 206, 80, 462, 382, 343, 272, 445, 328, 366, 442, 289, 340]
Tree:
None
Fitness on 5000 data:
-5.000167509716549

Fitness:
-4.701842282166446