Generation:
500

Phenotype:
if alarm + bern(0.3) <= 0 { 
   earthquake = 0  - burglary; 
 } else { 
   burglary = johncalls  - burglary; 
 } end if;

Genotype:
[265, 344, 25, 181, 225, 90, 274, 388, 253, 236, 461, 126, 436, 440, 388, 253, 236, 461, 126, 436, 440, 456, 252, 496, 484, 484, 164, 124, 182, 435, 480, 498, 168, 252, 58, 484, 484, 164, 124, 182, 435, 480, 483, 168, 388, 253, 236, 496, 484, 484, 256, 290, 282, 274, 480, 253, 325, 319, 261, 64, 281, 493, 471, 487, 410, 244, 100, 119, 33, 155, 68, 393, 391, 315, 399, 28]
Tree:
None
Fitness on 5000 data:
-inf

Fitness:
0.0