Generation:
500

Phenotype:
v = uniform([6, 7], 1);
u = bern(0.3);
if u == 15 { 
   u = bern(0.1) + 3; 
 } else { 
   w = uniform([3, 7], 1); 
 } end if;;

Genotype:
[478, 1, 56, 482, 424, 399, 183, 322, 285, 304, 492, 140, 232, 228, 75, 240, 84, 335, 335, 72, 461, 228, 492, 140, 232, 228, 240, 340, 240, 64, 243, 91, 144, 140, 232, 499, 306, 322, 285, 71, 66, 258, 2, 3, 366, 285, 72, 26, 349, 71, 81, 258, 465, 291, 281, 280, 228, 243, 240, 84, 106, 430, 451, 296, 443, 131, 238, 49, 72, 326, 266, 143, 250, 179, 484]
Tree:
None
Fitness on 5000 data:
-5.082417138851233

Fitness:
-4.863935040600669