Generation:
500

Phenotype:
skill1 = 10  * uniform([6, 3], 3)  - 27;
skill2 = gm([6, 21.6, 5])  - skill2;
skill1 = 10  * uniform([4, 9], 3) + 27;
skill1 = 4  * gm([23, 10.7, 7], [10.9, 0, 26]);
p1wins = 4 * 11;
skill1 = gm([7, 7.4, 18.1], [15, 3.6, 10.7]) + skill2;
p1wins = uniform([11, 19.4], 2)  - skill1;;

Genotype:
[152, 53, 28, 285, 252, 77, 241, 196, 260, 161, 186, 452, 362, 209, 352, 89, 242, 150, 271, 352, 323, 399, 223, 234, 484, 68, 107, 145, 428, 164, 67, 135, 336, 124, 362, 40, 361, 249, 178, 241, 196, 260, 438, 186, 242, 150, 209, 352, 89, 242, 150, 425, 213, 471, 166, 221, 412, 171, 432, 178, 327, 196, 249, 44, 162, 178, 241, 196, 260, 438, 186, 242, 150, 209, 352, 89, 242, 150, 425, 213, 376, 166, 221, 412, 171, 432, 178, 327, 196, 249, 44, 162, 377, 317, 390, 447, 204, 0, 10, 444, 418, 191, 282, 221, 389, 103, 456, 381, 348, 454, 447, 204, 264, 17, 98, 15, 191, 166, 361, 267, 183, 53, 399, 285, 234, 484, 129, 250, 191, 403, 323, 399, 285, 150, 271, 489, 323, 399, 223, 234, 484, 68, 107, 145, 428, 164, 67, 135, 336, 124, 362, 432, 363, 245, 191, 166, 361, 249, 183, 323, 399, 285, 459, 484, 68, 147, 143, 418, 51, 54, 235, 456, 425, 213, 376, 166, 456, 425, 16, 376, 418, 191, 167, 139, 67, 432, 178, 241, 196, 249, 44, 162, 377, 204, 475, 447, 204, 189, 56, 444, 418, 191, 166, 221, 389, 293, 456, 381, 348, 454, 447, 204, 189, 56, 248, 418, 191, 166, 361, 249, 44, 162, 377, 204, 475, 447, 204, 189, 56, 162, 377, 204, 475, 447, 204, 189, 56, 444, 418, 191, 166, 221, 389, 293, 456, 381, 348, 454, 447, 204, 189, 56, 444, 418, 191, 166, 8, 432, 348, 320, 464, 8, 475, 69, 102, 81, 452, 238, 120, 262, 138, 54, 471, 172, 102, 81, 310, 238, 172, 483, 172, 102, 56, 123, 250, 384, 105, 492, 402, 395, 468, 120, 156, 395, 135, 495, 92, 247, 254, 376, 366, 437, 411, 237, 237, 470, 261, 237, 235, 480, 260, 271, 273, 179, 56, 162, 495, 92, 247, 99]
Tree:
None
Fitness on 5000 data:
-8.63223059551618

Fitness:
-8.495522930602926