Generation:
500

Phenotype:
u = bern(0.3); 
v = 6  * w; 
w = uniform([0, 6], 1) + 4;
v = uniform([6, 7], 1);;

Genotype:
[307, 6, 30, 307, 182, 438, 496, 192, 140, 350, 49, 354, 438, 496, 88, 68, 88, 401, 454, 438, 219, 42, 254, 106, 213, 39, 42, 254, 474, 213, 140, 350, 55, 354, 438, 496, 228, 30, 9, 205, 116, 350, 55, 354, 438, 496, 88, 401, 88, 401, 454, 438, 39, 72, 281, 478, 320, 327, 346, 30, 490, 315, 398, 28, 32, 345, 9, 116, 32, 140, 350, 55, 99, 28, 32, 163, 9, 205, 116, 116, 354, 438, 438, 126, 195, 454, 438, 315, 398, 281, 268, 268, 320, 327, 346, 106, 232, 303, 60, 22, 350, 343, 82, 36, 465, 421, 496, 367, 430, 340, 169, 235, 272, 88, 437, 454, 274, 323, 412, 447, 211, 27, 356, 106, 114, 88, 401, 454, 438, 315, 398, 281, 268, 320, 327, 346, 496, 88, 401, 454, 438, 315, 398, 281, 268, 320, 327, 346, 106, 232, 303, 60, 22, 350, 343, 82, 36, 465, 401, 88, 401, 454, 438, 39, 72, 281, 268, 320, 327, 346, 30, 490, 315, 398, 28, 32, 345, 9, 116, 32, 140, 116, 55, 99, 28, 32, 345, 9, 205, 116, 350, 55, 354, 438, 496, 88, 401, 88, 401, 454, 438, 39, 72, 281, 478, 320, 327, 346, 30, 490, 315, 398, 28, 32, 345, 9, 116, 32, 140, 350, 55, 99, 28, 32, 163, 9, 205, 116, 116, 354, 438, 438, 126, 195, 454, 438, 315, 398, 281, 268, 268, 320, 327, 346, 106, 232, 303, 60, 22, 350, 343, 82, 36, 465, 421, 496, 367, 430, 340, 169, 235, 272, 88, 437, 454, 274, 323, 412, 447, 211, 27, 356, 106, 114, 88, 401, 454, 438, 315, 398, 281, 268, 320, 327, 346, 496, 88, 401, 454, 438, 315, 398, 281, 268, 320, 327, 346, 106, 232, 303, 60, 22, 350, 343, 82, 36, 465, 421, 496, 367, 430, 340, 169, 235, 272, 88, 437, 454, 274, 323, 412, 447, 211, 27, 356, 106, 114, 303, 167, 22, 16, 33, 36, 302, 73, 203, 159, 187, 358, 329, 302, 288, 323, 412, 447, 211, 27, 356, 106, 114, 303, 48, 22, 16, 33, 36, 170, 73, 302, 288, 280, 485, 450, 485, 61, 304, 418, 494, 313, 348, 242, 26, 244, 139, 194, 291, 426, 113, 288, 202, 350, 343, 82, 194, 465, 421, 496, 367, 430, 101, 437, 74, 274, 342, 412, 447, 211, 27, 356, 26, 244, 289, 194, 291, 426, 234, 288, 202, 350, 15, 469, 163, 261, 212, 170, 348, 423, 148, 185, 404, 281, 445, 293, 302, 492, 77, 458, 340, 254, 485, 43, 74, 316, 398, 281, 353, 140, 410, 482, 46, 402, 262, 167, 150, 490, 216, 159, 390, 350, 318, 364, 55, 349, 288, 47, 403, 267, 180, 205, 145, 304, 309, 162, 85, 467, 37, 109, 11, 16, 461, 291, 203]
Tree:
None
Fitness on 5000 data:
-5.1472327409765395

Fitness:
-4.988235673526905