Generation:
500

Phenotype:
skill1 = 14 + 8  * bern(0.3); 
skill2 = gm([19, 5.4, 5])  - bern(0.7); 
p1wins = 1  * bern(0.6);
skill1 = gm([14, 5, 2.3]) + uniform([12, 6.6], 2);
skill2 = uniform([15, 18.9], 4)  - uniform([0, 7], 3);;

Genotype:
[140, 376, 338, 432, 293, 400, 411, 311, 407, 263, 276, 229, 0, 256, 112, 471, 284, 390, 496, 315, 348, 299, 285, 0, 256, 156, 471, 284, 398, 88, 215, 348, 127, 276, 285, 68, 340, 169, 130, 36, 91, 64, 164, 351, 350, 415, 299, 347, 248, 41, 495, 178, 83, 496, 347, 117, 214, 46, 93, 297, 449, 443, 66, 46, 93, 400, 411, 442, 407, 401, 395, 137, 234, 490, 127, 408, 285, 68, 340, 213, 198, 263, 91, 323, 333, 0, 256, 156, 471, 284, 398, 10, 215, 348, 127, 276, 285, 68, 340, 213, 130, 36, 91, 383, 164, 351, 350, 415, 299, 347, 248, 41, 495, 178, 83, 496, 260, 117, 214, 46, 93, 297, 449, 443, 297, 46, 93, 246, 238, 443, 66, 55, 213, 198, 409, 91, 458, 164, 0, 256, 390, 226, 158, 415, 326, 26, 290, 252, 364, 111, 299, 421, 316, 202, 237, 38, 121, 14, 273, 303, 375, 407, 424, 167, 164, 465, 451, 68, 205, 246, 483, 50, 215, 348, 127, 408, 164, 0, 256, 390, 226, 158, 415, 326, 26, 290, 252, 364, 111, 299, 421, 316, 202, 237, 38, 121, 14, 64, 303, 375, 407, 424, 167, 164, 465, 451, 68, 205, 334, 59, 262, 485, 276, 83, 370, 211, 489, 79, 282, 150, 116, 49, 247, 240, 23, 6, 170, 70, 101, 230, 422, 84]
Tree:
None
Fitness on 5000 data:
-6.6602360702032914

Fitness:
-6.26869080758131