Generation:
500

Phenotype:
contentDifficulty = uniform([18, 21.7], 1);
questionsAfterLectureLength = 14  * questionsAfterLectureLength + gm([28, 12.1, 6.1]);;

Genotype:
[485, 89, 66, 159, 112, 333, 90, 66, 204, 11, 424, 375, 52, 66, 212, 288, 3, 163, 448, 107, 200, 345, 87, 273, 294, 270, 183, 409, 74, 261, 177, 161, 234, 26, 328, 3, 163, 448, 72, 212, 269, 87, 273, 270, 88, 409, 397, 261, 222, 438, 66, 204, 66, 204, 90, 66, 204, 383, 177, 307, 52, 234, 212, 328, 3, 163, 448, 234, 212, 84, 46, 381, 39, 123, 88, 1, 303, 233, 202, 165, 162, 177, 381, 490, 408, 370, 322, 88, 1, 303, 233, 383, 274, 84, 46, 381, 39, 123, 88, 1, 303, 233, 395, 165]
Tree:
None
Fitness on 5000 data:
-6.446491407442354

Fitness:
-6.243514131122937