Generation:
500

Phenotype:
u = bern(0.2)  - 0; 
 v = 1  - bern(0.2); 
 w = bern(0.1); 
  if bern(0.2) + w + u + bern(0.6) <= 1 { 
       if w != 1{ 
             x = 1 + 0; 
       } else { 
             x = x + 1; 
       } end if; 
 } else { 
       if x != 1{ 
             x = 0 + x; 
       } else { 
             x = 1; 
       } end if; 
 } end if;

Genotype:
[450, 224, 320, 103, 433, 285, 216, 227, 81, 115, 82, 77, 388, 348, 448, 187, 342, 341, 447, 265, 334, 81, 242, 82, 83, 388, 348, 326, 341, 338, 265, 221, 82, 338, 265, 221, 448, 81, 115, 107, 342, 448, 224, 320, 103, 433, 285, 216, 227, 81, 115, 82, 77, 388, 348, 448, 187, 342, 341, 447, 265, 334, 81, 242, 82, 83, 82, 338, 265, 221, 448, 81, 115, 107, 496, 448, 81, 265, 203, 348, 320, 103, 433, 285, 216, 227, 112, 115, 186, 221, 265, 221, 82, 83, 388, 81, 115, 82, 77, 388, 82, 83, 388, 50, 448, 447, 107, 326, 341, 338, 0, 221, 265, 221, 82, 83, 388, 231, 448, 187, 342, 341, 447, 265, 107, 326, 341, 338, 265, 221, 448, 81, 115, 107, 326, 379, 338, 265, 221, 80, 87, 448, 227, 81, 115, 82, 83, 388, 348, 448, 187, 342, 341, 447, 265, 107, 326, 341, 338, 265, 169, 477, 456, 83, 388, 348, 448, 187, 425, 341, 447, 265, 221, 80, 87, 169, 477, 447, 265, 107, 326, 341, 338, 265, 221, 82, 83, 388, 231, 448, 187, 342, 341, 447, 265, 107, 326, 341, 338, 265, 221, 448, 81, 115, 107, 326, 379, 338, 265, 221, 80, 87, 448, 81, 115, 456, 83, 388, 348, 448, 187, 342, 341, 447, 456, 83, 388, 348, 448, 187, 342, 341, 16, 40, 491, 351, 350, 84, 443, 137, 64, 361, 454, 150, 132, 362, 205, 258, 471, 3, 96, 7]
Tree:
None
Fitness on 5000 data:
-inf

Fitness:
-1.582726472106591