Generation:
500

Phenotype:
u = bern(0.4)  - w; 
v = uniform([14, 9], 1); 
w = uniform([2, 8], 1);
v = gm([4.6, 10.3, 2]);;

Genotype:
[136, 107, 228, 159, 84, 396, 284, 461, 498, 141, 386, 14, 322, 386, 336, 216, 423, 206, 498, 284, 385, 44, 135, 62, 228, 103, 33, 204, 57, 390, 291, 159, 221, 103, 165, 56, 408, 498, 474, 386, 114, 430, 227, 50, 71, 375, 459, 476, 239, 50, 71, 375, 372, 50, 415, 352, 452, 61, 125, 125, 378, 125, 234, 71, 453, 372, 331, 276, 235, 459, 476, 239, 71, 375, 372, 50, 415, 352, 72, 61, 125, 125, 378, 297, 459, 259, 422, 235, 452, 61, 125, 125, 378, 297, 459, 259, 422, 235, 331, 276, 378, 297, 459, 259, 211, 303, 90, 393, 488, 339, 62, 192, 154, 310, 229, 212, 471, 383, 323, 281, 40, 462, 417, 413, 440, 219, 247, 333, 212, 491, 341, 160, 11, 160, 52, 183, 5, 404, 394, 275, 236, 144, 326, 473, 497, 499, 430, 297, 134, 183]
Tree:
None
Fitness on 5000 data:
-4.9748093038001

Fitness:
-4.72490665092737