Generation:
500

Phenotype:
skill2 = 19 * 17  - 18  * skill1;
skill1 = gm([11.4, 0, 9.3], [8, 22.6, 13], [14.6, 2, 9.4]);
p1wins = 21 + 30;
p1wins = bern(0.1)  - gm([28, 0.7, 1.6], [11, 4.2, 25]);
skill2 = 27  * p1wins + uniform([25, 19.5], 2);;

Genotype:
[53, 76, 250, 254, 463, 326, 218, 19, 205, 141, 400, 18, 236, 183, 122, 414, 87, 243, 12, 353, 321, 215, 414, 309, 164, 434, 243, 164, 200, 391, 178, 442, 275, 239, 356, 414, 478, 478, 461, 448, 473, 70, 126, 309, 226, 264, 391, 74, 276, 260, 319, 245, 184, 207, 473, 262, 464, 262, 371, 44, 20, 27, 227, 414, 201, 277, 467, 92, 307, 459, 155, 42, 421, 342, 149, 336, 202, 290, 215, 128, 127, 164, 87, 243, 226, 78, 391, 178, 442, 275, 332, 356, 465, 270, 149, 91, 81, 310, 213, 77, 380]
Tree:
None
Fitness on 5000 data:
-9.446606523730571

Fitness:
-8.561873905372032