Generation:
500

Phenotype:
contentDifficulty = uniform([27, 20.4], 1)  - 7;
questionsAfterLectureLength = uniform([3, 20.2], 1);;

Genotype:
[209, 329, 306, 446, 120, 242, 39, 166, 306, 223, 392, 327, 204, 209, 492, 100, 432, 420, 194, 95, 24, 318, 134, 437, 39, 392, 334, 204, 209, 336, 100, 432, 420, 194, 95, 24, 318, 134, 33, 39, 85, 53, 86, 234, 223, 200, 242, 204, 318, 421, 99, 152, 471, 285, 366, 293, 447, 325, 200, 242, 39, 86, 306, 223, 392, 242, 61, 86, 492, 100, 432, 326, 124, 95, 421, 258, 318, 421, 67, 152, 471, 285, 366, 293, 214, 260, 86, 432, 449, 318, 421, 297, 23, 16, 96, 366, 293, 214, 432, 200, 260, 370, 86, 432, 466, 124, 95, 154, 258, 318, 421, 67, 152, 471, 436, 194, 483, 307, 454, 345, 316, 36, 391, 82, 301, 2, 42, 427, 118, 287, 468, 436, 153, 421, 165, 424, 73]
Tree:
None
Fitness on 5000 data:
-6.32963127580851

Fitness:
-6.244324296597933