Generation:
500

Phenotype:
w = uniform([5, 9.4], 2)  - 5;
u = 0  * bern(0.3);
v = 3  * uniform([17, 9], 3);
u = bern(0.4);
v = 26 * 8;
v = gm([1, 11, 3])  - bern(0.6);;

Genotype:
[464, 35, 142, 426, 242, 404, 459, 258, 191, 35, 257, 75, 41, 452, 294, 377, 499, 300, 90, 480, 234, 148, 248, 259, 146, 278, 327, 148, 348, 463, 65, 478, 172, 228, 98, 386, 139, 412, 452, 12, 408, 291, 79, 192, 56, 402, 355, 291, 404, 195, 274, 411, 375, 452, 151, 481, 194, 300, 289, 10, 234, 156, 172, 259, 252, 375, 279, 291, 401, 66, 128, 82, 449, 399, 201, 249, 263, 167, 73]
Tree:
None
Fitness on 5000 data:
-5.72226376451576

Fitness:
-5.1678694292619785