Generation:
500

Phenotype:
u = bern(0.2)  - w; 
 v = bern(0.9); 
 w = bern(0.2) + 0; 
  if u == 1 { 
       if x == 1{ 
             x = 0 + 1; 
       } else { 
             x = bern(0.5); 
       } end if; 
 } else { 
       if x > 1{ 
             x = 0 + 0; 
       } else { 
             x = bern(0.9); 
       } end if; 
 } end if;

Genotype:
[285, 461, 426, 405, 334, 50, 110, 234, 342, 50, 193, 233, 499, 446, 21, 100, 443, 106, 234, 384, 50, 193, 340, 499, 446, 21, 100, 443, 106, 439, 33, 384, 50, 233, 499, 343, 82, 398, 119, 443, 265, 490, 387, 50, 97, 234, 384, 50, 193, 233, 499, 480, 188, 499, 343, 82, 350, 119, 443, 265, 490, 387, 446, 241, 40, 197, 38, 381, 131, 351, 443, 148, 423, 154, 337, 155, 38, 381, 131, 351, 168, 343, 155, 38, 381, 131, 351, 168, 343, 82, 423, 154, 337, 155, 38, 381, 131, 351, 168, 343, 82, 241, 40, 197, 14, 265, 490, 387, 446, 21, 100, 155, 319, 405, 384, 50, 448, 287, 146, 420, 213, 38, 414, 434, 239, 443, 106, 439, 33, 398, 119, 443, 147, 79, 34, 24, 51, 241, 398, 137, 321, 338, 452, 168, 406, 423, 312, 384, 111, 193, 387, 446, 21, 100, 443, 106, 439, 33, 398, 119, 443, 219, 79, 34, 333, 139, 423, 458, 40, 300, 473, 184, 181, 484, 179, 115, 275, 145, 435, 353, 43, 141, 495, 365, 222, 75, 43, 411, 326, 91, 219, 227, 137, 181, 484, 179, 398, 119, 443, 219, 79, 34, 333, 38, 423, 458, 40, 90, 196, 32, 319, 101, 318, 94, 66, 227, 227, 200, 47, 312, 181, 484, 479, 398, 119, 443, 219, 79, 34, 333, 38, 423, 458, 40, 67, 256, 35, 61, 30, 482, 136, 372, 63, 36, 80, 466, 120, 333, 473, 247, 418, 400]
Tree:
None
Fitness on 5000 data:
-2.3049425588948407

Fitness:
-1.5503674601963928