Generation:
500

Phenotype:
preplevel = gm([0.1, 0, 0], [0.1, 1, 0], [0.5, 2, 0]);
preplevel = gm([0.7, 0, 0], [0.2, 1, 0], [0.2, 2, 0]) + 0;
damage = gm([0.4, 0, 0], [0.8, 1, 0]) + 0;

Genotype:
[276, 109, 218, 153, 86, 202, 274, 407, 15, 396, 90, 193, 190, 276, 63, 326, 243, 202, 471, 349, 294, 262, 325, 11, 390, 159, 262, 292, 277, 137, 112, 183, 456, 237, 331, 33, 145, 291, 122, 143, 193, 112, 183, 456, 237, 331, 33, 25, 308, 308, 108, 405, 423, 351, 401, 367, 169, 187, 145]
Tree:
None
Fitness on 5000 data:
-1.7874815216196538

Fitness:
-1.5219851575574135