Generation:
500

Phenotype:
skill1 = uniform([12, 11.5], 3)  - skill2;
skill1 = uniform([12, 17.5], 3);
skill2 = skill2 + gm([7, 20, 3]);
if skill1-skill2 > 0 { 
  p1wins = 1.0;
 } else { 
   p1wins = 0.0; 
 } end if;

Genotype:
[377, 17, 58, 444, 18, 209, 66, 494, 446, 431, 197, 418, 418, 312, 392, 418, 17, 58, 444, 18, 201, 66, 494, 446, 431, 420, 409, 310, 165, 494, 70, 34, 418, 312, 40, 418, 18, 201, 494, 136, 224, 330, 330, 122, 158, 418, 194, 268, 8, 258, 73, 261, 366, 203, 86, 296, 447, 116, 180, 433, 201, 168, 52, 6, 60, 335, 215, 376, 208, 70, 34, 418, 312, 40, 418, 18, 201, 494, 136, 224, 330, 330, 122, 158, 418, 194, 268, 8, 258, 73, 261, 366, 203, 86, 296, 447, 116, 180, 433, 201, 168, 52, 6, 60, 335, 215, 376, 208, 75, 76, 150, 455, 113, 96, 180, 433, 201, 168, 165, 494, 122, 168, 52, 6, 60, 335, 215, 376, 208, 75, 20, 150, 455, 113, 96, 180, 433, 201, 168, 266, 490, 414, 261, 366, 203, 86, 39, 447, 116, 180, 433, 201, 168, 52, 6, 60, 335, 113, 96, 180, 433, 201, 168, 266, 6, 60, 335, 215, 376, 208, 75, 20, 150, 14, 417, 228, 436, 472, 346, 180, 87, 276, 135, 138, 213, 416, 447, 429, 443]
Tree:
None
Fitness on 5000 data:
-5.882755042839279

Fitness:
-5.563310030184425