Generation:
500

Phenotype:
p1wins = 14  * gm([2.9, 25, 27.3], [30, 30.8, 25], [21.9, 20, 5]);
skill1 = uniform([0, 15.6], 1) + 13;
skill2 = uniform([15, 23.2], 1)  - 7;
p1wins = bern(0.5);;

Genotype:
[394, 202, 118, 331, 347, 240, 109, 479, 369, 343, 435, 281, 251, 124, 87, 23, 182, 344, 39, 70, 247, 417, 185, 43, 494, 304, 118, 45, 300, 224, 70, 330, 134, 191, 174, 362, 405, 406, 129, 138, 93, 127, 356, 500, 180, 371, 120, 230, 128, 52, 259, 52, 458, 447, 474, 170, 5, 178, 172, 152, 449, 472, 379, 330, 194, 107, 308, 99, 39, 479, 94, 493, 39, 70, 247, 58, 0, 43, 494, 187, 369, 343, 435, 198, 2, 124, 54, 23, 94, 493, 39, 70, 144, 58, 0, 43, 494, 187, 118, 45, 211, 224, 336, 330, 134, 127, 54, 362, 405, 406, 399, 138, 93, 127, 144, 210, 41, 371, 120, 387, 128, 52, 259, 52, 107, 447, 474, 170, 5, 166, 172, 111, 435, 472, 379, 330, 194, 434, 308, 462, 39, 429, 447, 224, 336, 330, 134, 417, 54, 127, 144, 210, 41, 371, 52, 240, 306, 52, 128, 52, 107, 447, 445, 170, 5, 166, 172, 111, 435, 472, 379, 330, 194, 434, 308, 168, 39, 429, 447, 337, 433, 496, 198, 351, 56, 303, 23, 94, 70, 435, 58, 0, 43, 494, 187, 118, 45, 211, 224, 336, 435, 58, 0, 43, 494, 187, 118, 45, 211, 224, 336, 330, 134, 417, 54, 362, 9]
Tree:
None
Fitness on 5000 data:
-6.613575727018395

Fitness:
-6.402406651789777