Generation:
500

Phenotype:
v = uniform([4, 10.1], 1);
u = 29  * gm([17.8, 26, 29.3], [27, 14, 11])  - 8  * bern(0.9);
u = 24  * gm([3, 11.3, 27.1], [0, 5.6, 7])  - 6;
w = 7  * w  - bern(0.9);
w = 7  * uniform([4, 3.2], 2)  - 27;
u = bern(0.3);;

Genotype:
[405, 335, 274, 238, 334, 63, 492, 202, 159, 263, 382, 63, 492, 439, 418, 159, 468, 221, 127, 277, 285, 73, 47, 296, 475, 216, 88, 329, 91, 182, 306, 408, 213, 186, 417, 36, 476, 121, 39, 107, 116, 278, 41, 306, 449, 67, 117, 277, 159, 4, 437, 185, 73, 65, 59, 182, 306, 408, 370, 186, 417, 36, 203, 174, 7, 254, 118, 254, 281, 418, 294, 308, 476, 55, 317, 116, 29, 270, 159, 116, 173, 374, 202, 440, 296, 187, 348, 198, 4, 437, 127, 73, 65, 59, 182, 306, 408, 370, 186, 417, 36, 147, 247, 263, 382, 63, 492, 439, 418, 159, 468, 221, 127, 277, 285, 73, 303, 296, 234, 296, 88, 329, 189, 182, 306, 408, 213, 186, 417, 36, 476, 121, 39, 107, 116, 278, 41, 306, 449, 67, 117, 277, 159, 4, 437, 127, 73, 65, 59, 182, 306, 408, 370, 186, 417, 36, 147, 174, 7, 254, 118, 254, 281, 418, 294, 374, 476, 55, 317, 116, 230, 39, 159, 107, 116, 278, 374, 202, 383, 182, 306, 408, 370, 186, 417, 36, 147, 247, 39, 107, 116, 278, 374, 202, 194, 296, 247, 380, 198, 386, 146, 7, 354, 41, 39, 52, 383, 134, 21, 222, 41, 39, 107, 116, 278, 374, 202, 194, 296, 247, 380, 198, 4, 417, 331, 274, 43, 73, 52, 230, 180, 237, 360, 332, 198, 82, 223, 186, 273, 146, 269, 266, 280, 308, 183, 92, 210, 226, 322, 327, 233, 497, 295, 0, 242, 382]
Tree:
None
Fitness on 5000 data:
-5.9458147559325445

Fitness:
-5.72794018337689