Generation:
500

Phenotype:
a = 8 * 3  - uniform([18, 8], 1); 
if 13 * uniform([23, 9], 2) + gm([9, 8.9, 28], [13.9, 15.9, 15.8], [30.6, 1.5, 26.9]) < 18 { 
  b = 12  - uniform([0, 18.9], 4); 
 } else { 
  b = 25 * 0 + uniform([5, 4], 3); 
 } end if;

Genotype:
[129, 143, 14, 115, 101, 406, 102, 20, 18, 288, 286, 216, 59, 93, 373, 292, 305, 147, 294, 476, 173, 170, 358, 454, 213, 198, 71, 401, 101, 341, 454, 59, 93, 373, 292, 305, 147, 294, 476, 173, 170, 358, 454, 213, 216, 59, 107, 373, 292, 305, 429, 296, 476, 173, 170, 341, 454, 291, 198, 14, 62, 237, 142, 170, 415, 454, 386, 483, 87, 62, 225, 32, 191, 496, 156, 170, 59, 134, 106, 478, 439, 373, 254, 467, 321, 67, 59, 134, 106, 228, 439, 373, 104, 467, 321, 67, 227, 367, 282, 334, 320, 342, 459, 174, 127, 404, 102, 20, 18, 206, 233, 216, 59, 93, 373, 292, 305, 147, 294, 476, 173, 170, 341, 454, 386, 483, 71, 62, 237, 142, 83, 52, 417, 252, 425, 1, 130, 79, 429, 22, 124, 33, 437, 11, 461, 265]
Tree:
None
Fitness on 5000 data:
-5.8107283011339055

Fitness:
-4.5001653551608785