Generation:
500

Phenotype:
burglary=0; 
 earthquake=0 + 0; 
 alarm=0  - bern(0.4); 
 johncalls=earthquake; 
 alarm = burglary  - 0;

Genotype:
[51, 273, 261, 320, 220, 149, 320, 225, 332, 320, 333, 282, 126, 279, 444, 456, 76, 90, 81, 320, 224, 282, 498, 110, 444, 456, 124, 285, 90, 135, 320, 224, 282, 498, 217, 444, 456, 124, 327, 225, 76, 282, 498, 217, 444, 217, 317, 215, 3, 18, 97, 279, 244, 138, 195, 280, 381, 416, 328, 272, 47, 230, 327, 39, 426, 111, 21, 320, 378, 32, 189, 58, 162, 308, 367, 375, 93, 88, 386, 175, 25, 30, 177, 57, 414, 368, 154, 428, 98, 67, 32, 189, 58, 162, 308, 367, 375, 93, 88, 386, 175, 25, 26, 452, 484, 95, 481, 419, 442, 6, 455, 312, 337]
Tree:
None
Fitness on 5000 data:
-inf

Fitness:
0.0