Generation:
500

Phenotype:
b = gm([1, 16, 19.2], [20, 3, 8]);
a = uniform([8, 5.1], 1)  - 3 * 3;;

Genotype:
[311, 458, 290, 406, 397, 351, 240, 364, 415, 58, 466, 104, 140, 189, 19, 37, 290, 446, 361, 58, 127, 28, 318, 321, 176, 129, 162, 494, 303, 359, 380, 225, 346, 36, 68, 347, 369, 3, 127, 335, 452, 140, 189, 194, 381, 127, 318, 306, 127, 189, 14, 160, 290, 4, 83, 58, 127, 28, 318, 321, 176, 129, 162, 494, 303, 364, 415, 472, 364, 415, 284, 439, 99, 127, 448, 419, 494, 303, 359, 284, 496, 99, 127, 448, 419, 494, 303, 359, 380, 225, 335, 452, 140, 189, 194, 16, 127, 318, 306, 127, 335, 452, 68, 347, 145, 3, 369, 3, 127, 335, 452, 445, 189, 494, 188, 359, 380, 225, 346, 36, 68, 347, 369, 33, 277, 335, 452, 140, 189, 19, 476, 290, 4, 83, 58, 127, 28, 318, 321, 444, 364, 162, 351, 58, 227, 290, 266, 397, 252, 475, 3, 127, 335, 452, 140, 189, 194, 381, 127, 318, 306, 127, 335, 452, 68, 347, 369, 3, 369, 3, 127, 335, 452, 445, 189, 19, 476, 284, 496, 99, 127, 58, 127, 297, 108, 47, 476, 217, 297, 297, 413, 433, 417, 57, 153, 359, 183, 185, 26]
Tree:
None
Fitness on 5000 data:
-5.503033198821839

Fitness:
-5.150261380386085