Generation:
500

Phenotype:
skill1 = uniform([11, 17.9], 1); 
skill2 = 2  * uniform([6, 7], 1); 
if 3 * gm([11, 28.1, 2.4]) > 3 { 
  p1wins = bern(0.6);
 } else { 
  p1wins = gm([29.7, 2.4, 21], [10.2, 26, 28.9]) + uniform([11, 4], 4); 
 } end if;

Genotype:
[86, 12, 204, 186, 42, 321, 48, 71, 324, 123, 367, 33, 414, 316, 292, 321, 48, 237, 60, 123, 251, 33, 414, 280, 11, 195, 462, 441, 431, 33, 345, 299, 313, 63, 132, 3, 59, 265, 462, 321, 33, 237, 60, 123, 251, 33, 210, 166, 362, 396, 115, 351, 280, 462, 57, 321, 462, 251, 33, 210, 166, 362, 435, 115, 378, 280, 462, 57, 321, 462, 321, 255, 237, 237, 60, 123, 198, 166, 362, 396, 115, 481, 280, 462, 57, 431, 33, 129, 299, 313, 33, 132, 359, 59, 21, 60, 123, 134, 120, 294, 348, 236, 481, 267, 33, 27, 406, 431, 276, 129, 299, 346, 276, 61, 235, 144, 349, 447, 134, 195, 365, 377, 186, 438, 150, 496, 319, 428, 348, 276, 128, 268, 38, 348, 341, 274, 165, 280, 6, 468, 396, 11, 43, 486, 105, 336, 47, 458, 235, 144, 349, 447, 491, 195, 462, 494, 338, 144, 29, 13, 143, 18, 492, 241, 206, 95, 94, 116, 416, 167, 167, 150, 358, 180, 407, 301, 335, 0, 466, 26, 33, 414, 280, 11, 43, 306, 105, 105, 219, 330, 186, 458, 235, 11, 43, 486, 105, 355, 186, 292, 321, 48, 235, 60, 123, 367, 33, 414, 280, 11, 43, 60, 338, 144, 33, 135, 280, 11, 43, 486, 241, 336, 47, 17, 186, 438, 150, 496, 248, 97, 344, 45, 310, 13, 217, 459, 292, 321, 0, 235, 458, 235, 144, 349, 447, 491, 195, 462, 0, 431, 33, 129, 299, 313, 276, 367, 494, 338, 144, 367, 33, 414, 280, 11, 43, 486, 105, 431, 33, 129, 299, 313, 276, 367, 494, 338, 144, 11, 251, 352, 59, 428, 348, 276, 128, 92, 38, 348, 341, 274, 165, 280, 6, 468, 396, 12, 260, 18, 106, 252, 140, 98, 6, 31, 431, 217, 359, 390, 203, 435, 166, 321, 458, 10, 12, 166, 362, 204, 297, 136, 120, 294, 348, 236, 481, 267, 33, 216, 406, 491, 428, 348, 276, 128, 92, 38, 348, 89, 274, 165, 5, 264, 426, 469, 13, 143, 18, 492, 241, 206, 95, 94, 116, 416, 167, 167, 150, 358, 180, 407, 301, 335, 0, 466, 26, 369, 441, 177, 96, 377, 36, 159, 472, 289, 45, 266, 260, 340, 340, 259, 219, 276, 176, 89, 458, 10, 12, 166, 362, 204, 297, 279, 269, 126, 292, 6, 9, 179, 97, 344, 45, 350, 262, 131, 163, 86, 232, 259, 358, 260, 348, 492, 85, 36, 131, 74, 82, 450, 16, 103, 374, 375, 112, 345, 73, 132, 173, 256, 324, 275, 88, 452, 165, 42, 50]
Tree:
None
Fitness on 5000 data:
-6.374264290639343

Fitness:
-6.129545580778097