Generation:
500

Phenotype:
u = bern(0.2); 
 v = x + bern(0.9); 
 w = bern(0.8)  - bern(0.8); 
 x = bern(0.7)  - 0; 
 w = bern(0.2) + 0;

Genotype:
[263, 171, 226, 111, 451, 94, 368, 16, 367, 334, 303, 305, 32, 424, 257, 277, 62, 323, 70, 416, 316, 497, 24, 199, 216, 432, 32, 481, 62, 397, 354, 497, 334, 5, 226, 111, 451, 457, 368, 16, 395, 334, 476, 430, 32, 56, 257, 26, 62, 323, 70, 430, 316, 497, 24, 28, 5, 28, 265, 216, 424, 32, 361, 157, 165, 196, 6, 300, 371, 22, 59, 5, 28, 265, 216, 408, 32, 246, 62, 308, 70, 246, 62, 308, 70, 5, 28, 265, 216, 408, 32, 246, 62, 308, 70, 262, 153, 118, 469, 220, 313, 338, 150, 130, 46, 248, 212, 98, 459, 136, 349, 190, 96, 28, 18, 130, 129, 124, 394, 464, 488, 232, 208, 1, 307, 447, 41, 361, 412, 222, 371]
Tree:
None
Fitness on 5000 data:
-2.0435028636371455

Fitness:
-1.7622113135679838