Generation:
500

Phenotype:
a = gm([29.9, 1, 2])  - b; 
b = 15  * uniform([14, 5.9], 3); 
b = gm([24, 3, 5]) + a;;

Genotype:
[262, 206, 183, 337, 386, 417, 432, 152, 462, 218, 150, 33, 114, 327, 127, 453, 433, 418, 227, 386, 93, 36, 8, 246, 150, 180, 325, 93, 181, 435, 433, 88, 440, 24, 54, 406, 36, 98, 72, 24, 206, 183, 337, 386, 417, 432, 227, 130, 93, 340, 386, 417, 361, 227, 130, 93, 340, 220, 93, 40, 412, 93, 150, 222, 114, 150, 220, 114, 93, 181, 75, 130, 93, 340, 220, 114, 93, 429, 453, 433, 36, 36, 72, 24, 54, 406, 36, 324, 393, 106, 410, 158, 350, 344, 473, 252, 194, 433, 364, 221, 367, 231, 268, 382, 97, 474, 150, 435, 170, 12, 331, 72, 249, 300, 473, 252, 194, 370, 304, 466, 344, 471, 448, 454, 499, 246, 489, 21, 449, 162, 360, 267, 248, 109, 382, 433, 364, 68, 24, 54, 395, 194, 432, 232, 176, 284, 182, 390, 112, 121, 65]
Tree:
None
Fitness on 5000 data:
-5.1025970746757245

Fitness:
-4.7508295257828985