Generation:
500

Phenotype:
b = gm([19, 3.1, 5.9]);
a = a;
a = gm([1.8, 0, 1.5]);;

Genotype:
[56, 76, 396, 460, 331, 357, 216, 406, 86, 480, 422, 103, 251, 315, 257, 253, 161, 380, 209, 282, 321, 306, 459, 304, 402, 212, 8, 0, 129, 474, 10, 28, 57, 342, 331, 86, 403, 279, 342, 418, 460, 331, 357, 216, 212, 8, 0, 129, 474, 10, 351, 57, 342, 331, 86, 403, 141, 111, 331, 342, 331, 86, 403, 30, 313, 257, 10, 30, 245, 251, 0, 129, 486, 10, 168, 141, 209, 144, 321, 306, 459, 304, 402, 149, 454, 0, 86, 403, 30, 313, 257, 483, 305, 151, 36, 459, 438, 402, 212, 454, 0, 197, 86, 403, 30, 305, 151, 36, 459, 438, 402, 212, 454, 0, 197, 86, 403, 30, 305, 151, 74, 459, 304, 402, 212, 30, 245, 251, 197, 164, 179, 230, 483, 305, 151, 278, 459, 438, 402, 212, 454, 0, 129, 259, 245, 251, 315, 257, 10, 46, 380, 250, 144, 321, 208, 66, 357, 322, 212, 474, 10, 424, 331, 189, 406, 86, 57, 30, 120, 236, 197, 59, 179, 230, 483, 305, 151, 278, 459, 438, 402, 212, 454, 0, 406, 86, 403, 30, 245, 251, 197, 164, 179, 230, 483, 305, 151, 278, 459, 438, 402, 212, 454, 0, 129, 259, 86, 403, 30, 120, 95, 197, 164, 446, 321, 150, 66, 357, 216, 140, 474, 272, 68, 487, 275, 259, 86, 403, 30, 120, 415, 197, 164, 179, 230, 483, 305, 151, 278, 459, 438, 402, 212, 454, 63, 129, 259, 86, 297, 403, 30, 120, 415, 197, 164, 446, 120, 377, 279, 254, 387]
Tree:
None
Fitness on 5000 data:
-5.515368166211285

Fitness:
-5.156904808128869