Generation:
500

Phenotype:
sigma = 15  * uniform([17, 16.2], 1) + 19 * 22;
x = 6 + gm([10, 17, 18.2], [3, 29, 19.3], [30, 16.3, 3.2]);
mu = gm([19, 7.6, 4], [2, 17.6, 14.7]) + 14;
sigma = gm([25.9, 2.2, 1]);

Genotype:
[199, 293, 476, 396, 274, 403, 487, 480, 119, 141, 417, 357, 289, 324, 437, 327, 236, 208, 443, 324, 370, 29, 487, 236, 208, 130, 324, 340, 363, 220, 41, 444, 48, 183, 142, 289, 109, 36, 344, 428, 29, 225, 50, 119, 324, 244, 402, 487, 450, 29, 203, 3, 208, 179, 324, 340, 363, 142, 417, 43, 37, 342, 360, 321, 317, 104, 274, 438, 148, 254, 95, 215, 327, 5, 33, 76, 231, 404, 36, 479, 138, 330, 264, 109, 45, 174, 364, 282, 429, 490, 485, 205, 281, 109, 270, 32, 270, 32]
Tree:
None
Fitness on 5000 data:
-7.21280546803946

Fitness:
-6.700970477116877