Generation:
500

Phenotype:
mu = uniform([9, 16.4], 1); 
sigma = gm([1.4, 6.7, 3.9], [23, 3, 2]);
x = 15  * gm([3, 4, 7.7], [21, 4, 10.7]) + mu;
x = gm([2.8, 23, 3]);

Genotype:
[451, 156, 75, 443, 164, 59, 47, 111, 424, 267, 45, 193, 45, 193, 249, 156, 321, 409, 267, 421, 406, 467, 394, 4, 85, 196, 3, 266, 126, 223, 142, 387, 4, 85, 196, 3, 266, 314, 223, 7, 393, 428, 406, 83, 394, 4, 85, 196, 474, 495, 12, 417, 387, 111, 172, 464, 147, 467, 394, 4, 85, 196, 3, 266, 430, 249, 156, 420, 78, 180, 111, 424, 420, 287, 267, 491, 406, 467, 467, 394, 4, 428, 101, 12, 142, 387, 111, 172, 23, 147, 291, 45, 193, 249, 156, 420, 78, 288, 149, 287, 109, 466, 369, 330, 267, 491, 406, 467, 394, 4, 163, 196, 3, 266, 430, 223, 96, 393, 238, 382, 131, 244, 75, 324, 410, 131, 70]
Tree:
None
Fitness on 5000 data:
-7.51093375633334

Fitness:
-7.2776317924108795