Generation:
500

Phenotype:
skill1 = 13 + uniform([3, 8], 1); 
skill2 = 22  * uniform([27, 10.8], 1) + 10  * bern(0.1); 
p1wins = 1  * bern(0.5)  - p1wins;
skill2 = gm([5, 17.7, 1], [14, 22.8, 6])  - bern(0.1);;

Genotype:
[61, 382, 176, 384, 447, 42, 306, 65, 436, 88, 208, 223, 88, 208, 170, 306, 65, 289, 88, 208, 160, 382, 335, 441, 293, 280, 342, 451, 13, 258, 440, 182, 3, 2, 413, 466, 125, 117, 85, 29, 464, 284, 397, 358, 474, 466, 125, 382, 176, 107, 291, 208, 160, 382, 6, 432, 127, 369, 464, 284, 3, 358, 109, 466, 85, 261, 464, 284, 3, 117, 457, 407, 204, 142, 293, 342, 451, 13, 258, 159, 61, 3, 374, 312, 466, 125, 117, 85, 261, 464, 284, 293, 347, 342, 451, 13, 258, 159, 182, 3, 374, 109, 466, 125, 117, 85, 261, 464, 284, 3, 358, 109, 466, 125, 248, 176, 384, 447, 208, 160, 382, 6, 432, 127, 269, 223, 441, 254, 370, 458, 244, 172, 344, 257, 117, 457, 244, 204, 142, 293, 347, 342, 219, 384, 447, 208, 160, 382, 6, 432, 127, 269, 223, 441, 254, 370, 458, 244, 172, 344, 432, 127, 269, 223, 441, 254, 370, 458, 244, 172, 344, 257, 117, 457, 407, 204, 142, 293, 347, 342, 219, 384, 447, 208, 160, 382, 6, 432, 127, 269, 223, 441, 254, 370, 458, 244, 172, 344, 257, 117, 457, 407, 204, 142, 293, 347, 342, 219, 13, 258, 159, 284, 3, 358, 193, 466, 125, 117, 85, 261, 464, 472, 344, 257, 117, 457, 407, 204, 142, 293, 347, 342, 451, 13, 258, 159, 284, 3, 358, 109, 466, 125, 117, 85, 261, 464, 60, 324, 69, 473, 477, 464, 223, 396, 473, 477, 464, 223, 396, 236, 458, 244, 422, 344, 257, 117, 457, 407, 204, 142, 293, 347, 342, 451, 13, 258, 0, 37, 245, 105, 428, 283, 359, 190, 6, 55, 399, 14, 475, 95, 22, 444, 315, 121, 425, 220, 179, 29, 277, 23, 159, 319, 224, 433, 422, 457, 6, 65, 115, 429, 244, 467, 374, 279, 284, 134, 42, 55, 185, 251]
Tree:
None
Fitness on 5000 data:
-6.953139051123786

Fitness:
-6.304294714454691