Generation:
500

Phenotype:
skill1 = skill2 + uniform([9, 21.3], 1);
skill2 = gm([30.6, 9, 5]) + 12;
if skill1-skill2 > 0 { 
  p1wins = 1.0;
 } else { 
   p1wins = 0.0; 
 } end if;

Genotype:
[423, 455, 454, 226, 12, 103, 360, 468, 184, 381, 482, 412, 465, 176, 191, 120, 24, 442, 279, 247, 37, 396, 226, 354, 155, 61, 176, 184, 381, 482, 284, 98, 226, 12, 37, 396, 226, 354, 155, 218, 176, 184, 381, 482, 284, 98, 226, 12, 442, 40, 247, 226, 12, 103, 360, 468, 184, 381, 482, 284, 465, 398, 396, 120, 24, 442, 226, 360, 468, 139, 381, 482, 284, 465, 373, 396, 120, 91, 442, 40, 184, 381, 482, 439, 465, 331, 396, 120, 24, 442, 279, 247, 37, 396, 226, 354, 231, 452, 468, 184, 381, 24, 203, 40, 247, 37, 396, 226, 354, 231, 452, 468, 184, 461, 482, 284, 98, 226, 396, 120, 24, 442, 40, 247, 202, 155, 360, 468, 184, 381, 468, 396, 226, 174, 40, 121, 37, 396, 284, 465, 154, 396, 120, 24, 396, 226, 354, 155, 396, 120, 91, 442, 40, 184, 381, 482, 439, 465, 331, 396, 120, 24, 442, 279, 247, 37, 396, 226, 354, 231, 452, 468, 184, 381, 24, 203, 40, 247, 37, 396, 226, 354, 231, 452, 468, 184, 461, 482, 284, 98, 226, 396, 120, 24, 442, 40, 247, 202, 155, 360, 468, 184, 381, 468, 396, 226, 174, 40, 121, 37, 396, 284, 465, 154, 396, 120, 24, 396, 226, 354, 155, 360, 468, 184, 381, 482, 284, 465, 154, 396, 120, 24, 442, 396, 120, 24, 442, 75, 481, 468, 481, 468, 153, 313, 410, 465, 154, 396, 120, 24, 442, 40, 247, 37, 455, 247, 37, 11, 12, 320, 24, 442, 16, 420, 169, 105, 253, 24, 442, 16, 274, 414, 113, 30, 218, 482, 320, 111, 132, 494, 492, 360, 274, 479, 113, 30, 218, 266, 169, 254, 85, 203, 383, 64, 280, 479, 113, 30, 310, 442, 40, 442, 40, 247, 37, 117, 12, 222, 226, 360, 274, 479, 113, 30, 310, 442, 40, 247, 37, 455, 12, 226, 410, 274, 237, 113, 442, 40, 442, 40, 247, 37, 117, 12, 222, 226, 360, 274, 479, 113, 30, 310, 442, 40, 247, 37, 455, 12, 226, 410, 274, 237, 113, 30, 218, 482, 320, 111, 132, 494, 492, 223, 277, 193, 492, 267, 237, 199, 327, 5, 403, 223, 296, 161, 10, 192]
Tree:
None
Fitness on 5000 data:
-5.9339714400601205

Fitness:
-5.871134725504286