Generation:
500

Phenotype:
skill1 = gm([24.5, 23, 6.9])  - 23  * skill2; 
skill2 = 1 + gm([14.8, 18.5, 4]); 
if gm([1.8, 25.8, 5.9]) > 11 { 
  p1wins = bern(0.6);
 } else { 
  p1wins = gm([12.5, 15, 2.3]) + 22  * p1wins; 
 } end if;

Genotype:
[357, 482, 48, 409, 192, 367, 489, 436, 78, 302, 41, 68, 467, 361, 54, 108, 37, 76, 476, 274, 311, 456, 301, 132, 237, 76, 412, 191, 421, 58, 330, 345, 33, 470, 46, 425, 0, 161, 249, 286, 441, 273, 232, 79, 98, 323, 311, 104, 363, 213, 91, 329, 103, 108, 37, 132, 329, 43, 364, 470, 46, 439, 33, 470, 46, 425, 0, 161, 249, 286, 441, 273, 232, 79, 98, 323, 311, 104, 363, 213, 91, 68, 467, 361, 482, 48, 274, 311, 456, 301, 132, 237, 76, 449, 191, 421, 58, 330, 345, 33, 470, 46, 425, 0, 161, 249, 286, 441, 273, 232, 79, 98, 323, 311, 104, 363, 213, 91, 329, 103, 108, 37, 132, 329, 43, 33, 470, 151, 281, 109, 186, 29, 452, 116, 30, 153, 161, 249, 292, 441, 36, 241, 172, 278, 19, 417, 207, 90, 426, 191, 136, 91, 100, 43, 451, 173, 418, 290, 428, 64, 36, 82, 204, 8, 99, 429, 275, 36, 6, 79, 399, 195, 326]
Tree:
None
Fitness on 5000 data:
-6.728619641350292

Fitness:
-6.364997880924376