Generation:
500

Phenotype:
p1wins = bern(0.3);
skill1 = skill1;
skill1 = uniform([15, 8.9], 1);
skill2 = 22  * bern(0.4);
skill2 = uniform([25, 9], 1)  - 9;;

Genotype:
[402, 118, 194, 429, 326, 3, 324, 443, 479, 122, 317, 18, 0, 291, 384, 30, 392, 120, 366, 204, 15, 120, 226, 480, 317, 8, 53, 92, 257, 208, 470, 115, 429, 310, 53, 159, 498, 180, 310, 472, 226, 53, 159, 322, 180, 310, 53, 140, 257, 472, 226, 480, 429, 208, 159, 204, 441, 120, 226, 480, 317, 16, 53, 140, 257, 208, 226, 115, 429, 16, 354, 392, 120, 159, 248, 120, 310, 53, 159, 50, 120, 21, 53, 140, 257, 120, 310, 53, 159, 50, 120, 310, 53, 140, 257, 472, 226, 480, 429, 16, 354, 16, 308, 354, 16, 308, 200, 345, 459, 299, 204, 15, 120, 159, 50, 120, 108, 342, 327, 98, 335, 359, 307, 479, 265, 332, 243, 464, 143, 238, 498, 334, 244, 418, 470, 354, 16, 400, 405, 64, 446, 20, 284, 220, 192, 120, 211, 300, 207, 52, 20, 165, 100, 412, 378, 144, 386, 192, 161, 31, 150, 135, 235, 82, 459, 217, 151, 435, 161, 372, 388, 117, 34, 3, 84, 34]
Tree:
None
Fitness on 5000 data:
-6.681227084073307

Fitness:
-6.292054464705489