Generation:
500

Phenotype:
p1wins = 7  * uniform([11, 1], 1) + 19  * uniform([5, 30.9], 1);
p1wins = 11  * uniform([27, 2], 3)  - 1  * gm([27, 13, 3]);
skill2 = skill1 + gm([9.5, 20, 4], [0.9, 14.4, 5.1], [6.4, 17.7, 8]);
p1wins = bern(0.6);
skill1 = uniform([10, 6], 2) + gm([30.4, 7, 4]);;

Genotype:
[36, 256, 178, 455, 431, 301, 346, 410, 382, 352, 228, 117, 80, 430, 236, 30, 284, 35, 61, 134, 124, 476, 347, 293, 26, 199, 11, 306, 306, 230, 388, 406, 223, 32, 81, 290, 218, 306, 306, 230, 218, 406, 112, 68, 424, 313, 178, 186, 256, 414, 156, 185, 11, 111, 164, 328, 306, 423, 284, 35, 61, 387, 124, 476, 347, 293, 480, 199, 67, 306, 248, 91, 68, 435, 31, 172, 186, 256, 411, 488, 485, 413, 318, 486, 23, 392, 477, 328, 134, 114, 31, 252, 74, 165, 296, 185, 405, 117, 333, 364, 459, 247, 435, 296, 162, 458, 283, 367, 293, 425, 199, 231, 268, 88, 75, 217, 306, 306, 119, 17, 404, 38, 85, 256, 357, 488, 485, 80, 318, 390, 23, 392, 477, 328, 134, 114, 31, 252, 74, 165, 296, 185, 496, 117, 333, 364, 485, 238, 432, 296, 162, 458, 283, 367, 293, 425, 199, 231, 268, 88, 75, 217, 306, 306, 119, 17, 404, 38, 85, 410, 311, 307, 482, 358, 414, 156, 116, 11, 111, 306, 24, 184, 406, 223, 68, 435, 313, 436, 11, 306, 306, 230, 184, 406, 223, 68, 435, 313, 178, 481, 256, 357, 488, 328, 80, 430, 161, 196, 208, 477, 328, 134, 114, 31, 252, 313, 436, 11, 306, 306, 230, 184, 406, 223, 68, 435, 313, 178, 481, 256, 357, 488, 328, 80, 430, 59, 196, 208, 477, 348, 134, 336, 31, 252, 74, 165, 296, 185, 496, 117, 333, 364, 119, 270, 17, 404, 38, 85, 410, 311, 307, 482, 358, 414, 156, 116, 11, 111, 306, 296, 114, 31, 252, 74, 224, 15, 85, 17, 311, 307, 152, 358, 463, 156, 116, 322, 306, 306, 24, 184, 406, 223, 68, 54, 255, 348, 134, 245, 132, 381, 137, 377, 398, 186, 80, 214, 290, 274, 32, 195]
Tree:
None
Fitness on 5000 data:
-6.5182290363794095

Fitness:
-6.211176008329646