Generation:
500

Phenotype:
u = bern(0.4)  - w; 
v = 19  * gm([12, 26, 1.2])  - 13  * bern(0.3); 
w = uniform([2, 8.2], 1);
v = 2  * gm([12, 8.9, 2], [29, 8.6, 0.7], [2.4, 0.1, 6.4])  - 7;;

Genotype:
[458, 323, 438, 199, 327, 294, 484, 308, 431, 244, 143, 45, 420, 22, 446, 440, 57, 251, 497, 199, 289, 199, 115, 227, 192, 150, 106, 250, 371, 225, 307, 40, 180, 190, 56, 82, 275, 385, 250, 465, 241, 160, 415, 481, 442, 26, 382, 250, 369, 104, 122, 217, 349, 149, 219, 31, 429, 340, 371, 498, 246, 147, 403, 450, 273, 223, 48, 440, 496, 162, 278, 287, 219, 20, 138, 272, 256, 174, 441, 307, 184, 439, 296, 339, 478, 19, 276, 57, 430, 341, 251, 250, 160, 147, 378, 44, 408, 246, 147, 403, 126, 499, 210, 65, 349, 137, 219, 280, 219, 20, 454, 438, 428, 97, 183, 399, 193, 448]
Tree:
None
Fitness on 5000 data:
-5.097183342626201

Fitness:
-4.859053773731401