Generation:
500

Phenotype:
damage = gm([0.2, 0, 0], [0.5, 1, 0]) + damage;
preplevel = gm([0.7, 0, 0], [0.1, 1, 0], [0.2, 2, 0]) + preplevel;

Genotype:
[119, 316, 370, 109, 341, 317, 340, 330, 124, 262, 40, 330, 124, 335, 432, 294, 338, 10, 407, 338, 73, 407, 105, 81, 262, 74, 160, 432, 294, 162, 407, 183, 391, 162, 446, 56, 335, 432, 294, 338, 10, 407, 336, 81, 401, 335, 432, 294, 346, 22, 183, 10, 346, 22, 183, 391, 162, 446, 56, 335, 432, 294, 338, 10, 407, 336, 81, 401, 335, 432, 294, 346, 22, 183, 391, 162, 446, 56, 335, 432, 294, 338, 10, 407, 336, 81, 401, 335, 432, 294, 170, 407, 286, 81, 10, 346, 22]
Tree:
None
Fitness on 5000 data:
-1.8314390385949213

Fitness:
-1.517405007985368