Generation:
500

Phenotype:
v = w + 10  * uniform([3, 1], 1);
v = gm([7, 10, 3]) + w;
u = bern(0.2);
w = v + w;
if u==1 { 
  if v > 12 { 
    w = gm([1,12.,2.]);
   } else { 
    w = gm([1,6.,2.]); 
   } end if;
 } else { 
  w = gm([1,6.,2.]); 
 } end if;

Genotype:
[270, 305, 354, 158, 49, 469, 72, 412, 428, 412, 258, 354, 158, 108, 126, 412, 410, 348, 158, 49, 406, 72, 465, 348, 412, 410, 412, 258, 388, 158, 438, 196, 392, 305, 354, 120, 420, 342, 84, 259, 325, 297, 170, 414, 209, 142, 189, 256, 241, 366, 472, 167, 342, 482, 93, 51, 84, 259, 445, 297, 348, 414, 331, 366, 472, 167, 342, 482, 93, 51, 84, 259, 445, 297, 348, 414, 331, 142, 189, 380, 295, 337, 472, 128, 342, 382, 112, 215, 18, 358, 420, 191, 87, 420, 144, 452, 358, 176, 464, 482, 248, 195, 408, 424, 120, 420, 342, 41, 187, 259, 445, 297, 348, 414, 331, 142, 189, 380, 295, 337, 472, 128, 342, 465, 199, 240, 232, 291, 204, 404, 60, 238]
Tree:
None
Fitness on 5000 data:
-5.111556865999931

Fitness:
-4.728522719351093