Generation:
500

Phenotype:
u = u + bern(0.9);
u = v + bern(0.2);
x = x  - x;
u = v + u;
u = bern(0.2) + 0;
w = bern(0.2);
v = bern(0.9); 
  if u == 1 { 
       if w == 1{ 
             x = gm([0.8, 1, 0], [0.2, 0, 0]); 
       } else { 
             x = gm([0.2, 1, 0], [0.8, 0, 0]); 
       } end if; 
 } else { 
       if v == 1{ 
             x = gm([0.8, 1, 0], [0.2, 0, 0]); 
       } else { 
             x = gm([0.2, 1, 0], [0.8, 0, 0]); 
       } end if; 
 } end if;

Genotype:
[279, 49, 232, 24, 4, 184, 4, 356, 216, 82, 71, 8, 445, 4, 290, 8, 82, 466, 8, 445, 4, 361, 64, 493, 486, 428, 119, 206, 372, 310, 35, 206, 372, 243, 35, 478, 393, 356, 4, 356, 216, 157, 216, 290, 436, 494, 76, 8, 445, 4, 123, 64, 493, 486, 428, 119, 206, 372, 310, 35, 478, 228, 154, 324, 385, 351, 150, 483, 26, 35, 478, 180, 154, 324, 385, 109, 258, 483, 313, 287, 284, 430, 62, 432, 418, 391, 316, 59, 379, 306, 339, 255, 363, 246, 306, 300, 32, 160, 367, 372, 373, 388, 372, 248, 198, 206, 372, 236, 35, 478, 180, 154, 324, 361, 4, 361, 8, 427, 4, 361, 382, 265, 486, 428, 119, 206, 372, 310, 35, 478, 180, 154, 324, 385, 109, 258, 483, 313, 287, 284, 430, 62, 432, 418, 391, 316, 59, 379, 306, 339, 255, 363, 246, 306, 300, 32, 160, 367, 372, 373, 430, 62, 432, 418, 391, 316, 59, 379, 306, 339, 255, 363, 246, 306, 300, 32, 160, 367, 372, 373, 388, 372, 248, 198, 206, 372, 236, 35, 478, 180, 154, 324, 361, 4, 361, 8, 427, 4, 361, 382, 265, 486, 428, 119, 206, 372, 310, 35, 478, 180, 154, 324, 385, 109, 258, 483, 313, 287, 284, 430, 62, 432, 418, 391, 316, 59, 379, 306, 339, 255, 363, 246, 306, 300, 32, 160, 367, 372, 373, 388, 372, 248, 198, 146, 241, 474, 367, 40, 173, 339, 346, 115, 461, 9, 251, 302, 11, 122, 14]
Tree:
None
Fitness on 5000 data:
-1.6714422035696959

Fitness:
-1.5016888994994009