Generation:
500

Phenotype:
a = gm([25, 1.3, 2])  - 16  * a; 
if b != 13 { 
  b = uniform([9, 19.2], 2)  - gm([27.6, 15.5, 1.4]); 
 } else { 
  b = gm([21.3, 11.2, 12], [12, 9, 1.8], [9, 19.5, 22.2])  - 13 * 0; 
 } end if;

Genotype:
[13, 233, 282, 280, 160, 38, 366, 367, 1, 425, 372, 95, 25, 388, 438, 358, 58, 33, 163, 199, 416, 291, 170, 319, 39, 50, 451, 33, 414, 199, 390, 291, 213, 122, 291, 170, 319, 393, 280, 309, 38, 366, 367, 1, 425, 424, 488, 33, 414, 199, 390, 291, 213, 122, 291, 170, 319, 393, 280, 385, 38, 366, 319, 39, 50, 58, 33, 425, 199, 416, 291, 13, 341, 142, 30, 417, 372, 95, 83, 388, 438, 490, 364, 388, 291, 170, 319, 327, 177, 190, 314, 171, 341, 142, 30, 417, 372, 95, 364, 299, 438, 204, 58, 33, 295, 199, 416, 291, 170, 319, 39, 177, 413, 339, 171, 177, 223, 289, 280, 459, 38, 366, 497, 1, 425, 364, 254, 364, 388, 438, 204, 58, 33, 295, 199, 416, 291, 170, 319, 39, 177, 190, 339, 171, 497, 350, 488, 106, 288, 90, 258, 135, 210, 358, 132, 65, 168, 451, 183, 372, 7, 349, 318, 150, 100, 52, 16, 190, 339, 171, 341, 285, 2, 197, 355, 420, 135, 210, 319, 132, 65, 406, 451, 183, 372, 7, 349, 318, 150, 188, 447, 391, 141, 48, 431, 323, 387, 256, 297, 56, 221, 159, 255, 254, 381, 335, 230, 400, 396, 496, 97, 10, 218, 89]
Tree:
None
Fitness on 5000 data:
-5.284548694962269

Fitness:
-4.755291196077324