Generation:
500

Phenotype:
a = gm([7.1, 1.5, 1.5])  - 0  * b; 
if b == 22 { 
  b = 2 + uniform([23, 14.3], 1); 
 } else { 
  b = gm([12.9, 7.1, 22.8], [19, 8, 1], [3, 8.3, 6]); 
 } end if;

Genotype:
[202, 245, 333, 487, 40, 191, 224, 414, 451, 435, 58, 411, 218, 472, 316, 186, 342, 225, 382, 473, 184, 456, 82, 455, 316, 126, 54, 407, 333, 487, 14, 191, 248, 414, 396, 283, 405, 427, 198, 467, 205, 317, 360, 295, 332, 142, 243, 394, 205, 130, 411, 214, 218, 214, 478, 65, 487, 411, 218, 472, 316, 403, 342, 414, 396, 283, 95, 191, 306, 15, 27, 408, 232, 493, 103, 451, 435, 130, 411, 214, 218, 214, 478, 65, 451, 336, 404, 332, 299, 165, 287, 204, 147, 385, 330, 237, 70, 115, 480, 295, 113, 112, 406, 316, 403, 342, 291, 264, 27, 392, 388, 456, 88, 425, 0, 268, 88, 468, 15, 306, 204, 397, 378, 281, 360, 457, 160, 235]
Tree:
None
Fitness on 5000 data:
-5.105342010608435

Fitness:
-4.699536135540805