Generation:
500

Phenotype:
skill1 = 2  * skill2 + gm([6, 20, 5]); 
skill2 = uniform([12, 11.2], 1) + 1  * bern(0.9); 
if p1wins == 13 { 
  p1wins = 28  * bern(0.1)  - uniform([16, 5], 3);
 } else { 
  p1wins = bern(0.4); 
 } end if;

Genotype:
[33, 259, 424, 312, 112, 109, 9, 77, 302, 36, 223, 356, 485, 208, 129, 34, 333, 478, 415, 433, 259, 478, 164, 451, 94, 363, 449, 186, 251, 356, 75, 263, 436, 152, 459, 225, 279, 250, 171, 494, 301, 286, 465, 72, 251, 84, 307, 258, 102, 367, 459, 482, 470, 140, 11, 23, 189, 51, 130, 198, 375, 135, 17, 318, 235, 211, 238, 345, 394, 395, 153, 334, 53, 392, 348, 161, 38, 340, 130]
Tree:
None
Fitness on 5000 data:
-6.458890546390865

Fitness:
-6.185478246833211