Generation:
500

Phenotype:
skill2 = gm([8, 11, 28.4], [16.5, 9, 4.1]);
skill1 = 11 + skill2;
p1wins = skill1  - gm([28.4, 18, 2.2], [26.3, 20.1, 5.5], [24.5, 18.7, 5], [21.2, 24.3, 20]);
skill2 = p1wins + gm([30, 19, 4.5]);;

Genotype:
[377, 419, 126, 6, 433, 6, 330, 337, 223, 324, 163, 6, 135, 341, 493, 354, 484, 35, 233, 4, 442, 319, 163, 97, 495, 154, 390, 372, 231, 331, 140, 246, 166, 336, 474, 139, 360, 356, 236, 404, 69, 27, 375, 153, 226, 281, 235, 245, 138, 180, 452, 309, 2, 172, 75, 189, 398, 425, 27, 485, 369, 93, 98, 202, 269, 469, 241, 373, 223, 235, 240, 492, 377, 438, 161, 393, 172, 75, 241, 2, 144, 392, 381, 142, 429, 7, 226, 474, 231, 467, 405, 481, 386, 482, 154, 462, 391, 259, 97, 400, 154, 390, 372, 231, 492, 249, 26, 161, 390, 372, 231, 331, 140, 246, 166, 336, 474, 139, 314, 369, 236, 461, 69, 27, 469, 26, 161, 2, 172, 75, 189, 398, 425, 27, 226, 369, 93, 232, 69, 27, 469, 19, 226, 223, 235, 450, 492, 249, 26, 495, 172, 75, 163, 97, 362, 487, 260, 442, 324, 472, 226, 223, 235, 206, 492, 486, 26, 161, 2, 172, 75, 189]
Tree:
None
Fitness on 5000 data:
-7.767908893329438

Fitness:
-7.496881156867375