Generation:
500

Phenotype:
u = 16  * bern(0.1)  - bern(0.9);
u = 5  * v + bern(0.3);
w = uniform([20, 1], 4) + 12  * gm([0.5, 0.4, 13], [14.9, 2, 8.9], [21, 14.8, 14], [15.5, 11, 27.6], [2.8, 3.1, 29], [5, 5.9, 26.2]);
v = uniform([1, 14.9], 1);
w = 16  * uniform([28, 21.8], 4)  - bern(0.2);
w = bern(0.1) + gm([2.8, 6, 5.2]);;

Genotype:
[405, 254, 184, 418, 294, 116, 274, 47, 47, 216, 372, 463, 44, 298, 116, 367, 237, 112, 118, 36, 248, 274, 159, 43, 29, 118, 99, 254, 499, 393, 370, 206, 48, 36, 147, 124, 260, 137, 367, 459, 31, 445, 267, 186, 129, 192, 354, 497, 39, 107, 116, 258, 374, 385, 194, 296, 151, 388, 300, 431, 417, 331, 274, 231, 277, 479, 139, 274, 486, 104, 307, 492, 374, 159, 217, 405, 52, 383, 220, 414, 222, 370, 454, 80, 36, 147, 67, 269, 137, 367, 406, 31, 118, 240, 34, 429, 192, 354, 497, 273, 107, 116, 132, 374, 144, 194, 296, 247, 388, 198, 431, 487, 331, 430, 231, 189, 55, 388, 351, 56, 391, 116, 313, 486, 463, 63, 492, 277, 70, 43, 405, 52, 192, 316, 21, 222, 370, 186, 48, 36, 147, 67, 269, 137, 366, 459, 31, 118, 267, 34, 129, 192, 354, 497, 271, 107, 116, 132, 374, 202, 194, 296, 247, 388, 198, 124, 417, 331, 274, 231, 474, 55, 388, 351, 374, 391, 116, 274, 486, 463, 63, 492, 277, 159, 43, 405, 52, 20, 316, 21, 222, 370, 186, 48, 36, 376, 67, 269, 137, 367, 223, 31, 118, 267, 34, 129, 192, 354, 105, 39, 107, 116, 132, 374, 202, 194, 296, 247, 388, 198, 124, 417, 331, 274, 314, 474, 187, 388, 351, 498, 391, 339, 106, 230, 180, 237, 332, 198, 498, 391, 339, 106, 230, 180, 237, 417, 331, 274, 314, 159, 187, 388, 351, 498, 391, 339, 106, 230, 180, 237, 360, 332, 198, 82, 223, 186, 273, 146, 269, 266, 280, 308, 183, 92, 210, 226, 322, 327, 233, 497, 295, 0, 242, 382]
Tree:
None
Fitness on 5000 data:
-5.830439496501021

Fitness:
-5.770650462940933