Generation:
500

Phenotype:
u = bern(0.4); 
 v = x; 
 w = bern(0.7) + bern(0.9); 
 x = w; 
 x = bern(0.7) + 0;
w = bern(0.1)  - 0;
v = bern(0.9);

Genotype:
[22, 381, 66, 283, 228, 378, 88, 492, 323, 157, 52, 373, 357, 42, 215, 134, 498, 224, 434, 250, 221, 22, 347, 183, 373, 288, 249, 240, 77, 182, 365, 368, 477, 26, 221, 484, 347, 279, 353, 88, 268, 346, 160, 357, 42, 166, 259, 287, 88, 268, 346, 160, 357, 42, 166, 259, 498, 247, 399, 285, 56, 472, 64, 74, 141, 474, 0, 149, 281, 24, 222, 408, 374, 173, 379, 207, 42, 314, 341, 4, 446, 481, 6, 22, 346, 426, 246, 290, 451, 259, 214, 303, 153, 35, 25, 107, 366, 114, 299, 392, 357, 142, 458, 84, 283, 393, 305, 353, 222, 455, 33, 216, 131, 150, 239, 141, 92, 333, 226, 263, 450, 331, 132, 465, 371, 101, 1, 340, 489, 362, 110, 46, 78, 341, 76, 30, 498, 127, 56, 281, 197, 100, 391, 191, 297, 6, 459, 193, 48, 62, 252, 234, 151, 180, 138, 455, 248, 428, 299, 392, 357, 142, 458, 84, 283, 393, 305, 353, 222, 455, 33, 216, 131, 150, 239, 141, 92, 333, 226, 263, 450, 331, 132, 465, 371, 101, 1, 340, 489, 362, 110, 46, 78, 341, 76, 30, 498, 127, 56, 281, 197, 100, 391, 191, 297, 6, 459, 193, 48, 62, 252, 234, 151, 180, 138, 455, 248, 428]
Tree:
None
Fitness on 5000 data:
-1.7856968429790816

Fitness:
-1.6970805070022152