Generation:
500

Phenotype:
skill1 = 16  * bern(0.1) + uniform([15, 9], 1); 
skill2 = 17 * 26  - bern(0.7);
skill2 = gm([8, 22, 4.9]); 
if 18 * gm([17, 19.8, 8.1], [1, 5, 18.7]) + cond + 7 * cond < 8 { 
  p1wins = 1;
 } else { 
   p1wins = 0; 
 } end if;

Genotype:
[195, 454, 208, 326, 59, 405, 195, 114, 480, 492, 296, 120, 224, 200, 287, 296, 212, 15, 459, 411, 240, 436, 228, 9, 402, 414, 53, 54, 228, 132, 394, 425, 39, 283, 206, 395, 457, 77, 452, 329, 223, 294, 420, 431, 267, 34, 469, 411, 9, 402, 414, 1, 72, 439, 451, 142, 411, 429, 308, 200, 287, 296, 39, 224, 200, 287, 296, 39, 15, 459, 411, 326, 59, 405, 195, 114, 480, 492, 296, 120, 224, 200, 287, 296, 39, 15, 459, 411, 240, 436, 228, 228, 132, 394, 271, 39, 283, 176, 395, 457, 77, 439, 319, 371, 171, 143, 22, 454, 283, 39, 66, 228, 9, 414, 414, 53, 54, 228, 132, 393, 201, 283, 18, 457, 77, 391, 329, 223, 294, 264, 56, 267, 34, 469, 411, 9, 402, 414, 1, 72, 439, 319, 371, 171, 143, 22, 454, 244, 467, 449, 481, 30, 410, 490, 15, 459, 371, 371, 393, 201, 283, 18, 457, 77, 391, 329, 223, 294, 264, 56, 267, 34, 469, 411, 9, 402, 414, 1, 72, 439, 319, 371, 171, 143, 22, 454, 244, 467, 449, 481, 30, 410, 490]
Tree:
None
Fitness on 5000 data:
-6.51012709358736

Fitness:
-5.896623019852528