Generation:
500

Phenotype:
if johncalls + bern(0.8) < 0 { 
   burglary = 1  - bern(0.9);
  johncalls = earthquake + bern(0.5);
  alarm = bern(0.8) + bern(0.7); 
 } else { 
   johncalls = alarm + alarm; 
 } end if;

Genotype:
[229, 224, 221, 181, 469, 298, 211, 332, 381, 106, 4, 150, 181, 298, 186, 488, 98, 211, 75, 298, 485, 440, 481, 454, 211, 75, 298, 220, 272, 473, 266, 467, 400, 340, 148, 304, 454, 403, 386, 219, 304, 214, 403, 366, 488, 342, 211, 75, 298, 48, 440, 298, 326, 488, 98, 211, 75, 298, 48, 440, 481, 454, 211, 75, 298, 75, 181, 347, 203, 481, 454, 211, 75, 298, 220, 272, 473, 266, 467, 400, 340, 148, 304, 454, 403, 326, 344, 368, 157, 488, 36, 150, 181, 298, 186, 488, 211, 75, 298, 48, 440, 481, 89, 186, 488, 75, 327, 423, 57, 4, 332, 381, 106, 4, 270, 181, 298, 48, 453, 321, 240, 454, 65, 366, 156, 418, 150, 15, 190, 488, 171, 437, 0, 220, 272, 495, 370, 156, 366, 488, 202, 423, 220, 131, 473, 266, 467, 114, 340, 220, 272, 31, 370, 288, 366, 488, 202, 423, 220, 272, 477, 266, 467, 400, 340, 148, 304, 437, 0, 473, 266, 467, 114, 340, 220, 272, 495, 370, 156, 366, 488, 202, 423, 220, 272, 473, 266, 467, 400, 340, 148, 304, 454, 403, 386, 219, 304, 214, 403, 366, 488, 342, 211, 75, 298, 48, 440, 481, 454, 65, 117, 495, 370, 499, 373, 293, 394, 82, 381, 395, 20, 388, 331, 220, 454, 112, 7, 49, 284, 302, 202, 217, 415, 360, 286, 216, 190, 488, 171, 437, 0, 427, 95, 473, 476, 325, 336, 380, 98, 96, 454, 324, 300, 232, 180, 31, 158, 51, 395, 386, 155, 62]
Tree:
None
Fitness on 5000 data:
-inf

Fitness:
0.0