Generation:
500

Phenotype:
skill1 = 24  * gm([16, 26, 13.4]); 
skill2 = gm([29.1, 19.6, 4.1]) + 26  * p1wins; 
p1wins = bern(0.4);
skill1 = gm([26.1, 19, 4.2]);;

Genotype:
[487, 234, 244, 334, 437, 70, 392, 233, 434, 119, 287, 168, 246, 157, 48, 81, 96, 31, 122, 477, 89, 298, 86, 135, 97, 351, 136, 274, 268, 287, 168, 246, 215, 48, 81, 96, 439, 291, 477, 423, 369, 64, 351, 305, 306, 364, 298, 135, 97, 415, 136, 70, 268, 473, 291, 152, 420, 369, 328, 159, 305, 306, 94, 298, 135, 97, 31, 291, 102, 420, 369, 328, 159, 305, 306, 94, 298, 135, 97, 351, 402, 70, 268, 385, 168, 246, 215, 48, 81, 96, 31, 291, 102, 420, 369, 328, 37, 305, 306, 94, 444, 70, 448, 358, 472, 294, 307, 233, 480, 336, 93, 194, 446, 474, 443, 297, 63, 372, 54, 2, 155, 286, 404, 94, 120, 327, 188, 133, 253, 304, 45, 143, 183, 370, 479, 219, 297, 63, 394, 54, 2, 294, 225, 375, 192, 43, 102, 420, 326, 70, 334, 326, 32, 120, 432, 193, 402, 70, 310, 254, 188, 291, 378, 369, 129, 42, 191, 284, 144, 371, 268, 194, 168, 246, 215, 48, 81, 136, 20, 326, 237, 219, 297, 63, 394, 54, 2, 294, 225, 375, 192, 43, 102, 420, 155, 21, 206, 318, 57, 195, 480, 119, 54, 2, 155, 225, 375, 192, 43, 102, 420, 155, 21, 206, 318, 57, 40, 480, 461, 392, 70, 334, 326, 32, 120, 432, 193, 402, 70, 268, 385, 168, 8, 3, 90, 323, 222, 375, 155, 233, 326, 237, 357, 43, 432, 205, 318, 303, 266, 135, 89, 298, 135, 432, 193, 402, 106, 268, 385, 246, 215, 48, 81, 96, 31, 461, 392, 70, 334, 326, 32, 120, 245, 93, 80, 112, 483, 239, 426, 23, 58, 492, 446, 386, 343, 169, 182, 420, 128, 351, 106, 64]
Tree:
None
Fitness on 5000 data:
-6.337181779773121

Fitness:
-6.0265862654931786