Generation:
500

Phenotype:
a = gm([22, 28, 4])  - gm([8, 26, 0]);
b = a + 1 * 10;
b = gm([4.1, 4.1, 3.9]) + a;;

Genotype:
[415, 88, 50, 217, 92, 482, 135, 340, 282, 42, 146, 92, 183, 156, 128, 489, 388, 8, 246, 225, 236, 212, 402, 465, 294, 210, 135, 340, 282, 42, 98, 92, 183, 156, 10, 489, 260, 493, 423, 70, 231, 196, 406, 387, 500, 261, 225, 159, 135, 477, 220, 395, 105, 27, 460, 351, 178, 347, 118, 155, 245, 288, 27, 300, 47, 228, 213, 414, 344, 357, 73, 75, 442]
Tree:
None
Fitness on 5000 data:
-5.141389215384736

Fitness:
-5.117415047457725