Generation:
500

Phenotype:
skill1 = uniform([6, 21.3], 1); 
skill2 = uniform([10, 16.8], 1);
cond = 7 + 24  * uniform([7, 11.5], 1); 
if skill2 + gm([0.5, 17, 0], [5.3, 12.7, 0.2]) <= 30 { 
  p1wins = 1;
 } else { 
   p1wins = 0; 
 } end if;

Genotype:
[136, 285, 63, 402, 99, 217, 331, 245, 136, 249, 75, 154, 444, 233, 326, 214, 160, 72, 246, 361, 67, 460, 101, 320, 379, 403, 272, 210, 224, 291, 197, 409, 332, 29, 361, 84, 460, 101, 402, 102, 101, 75, 443, 31, 364, 60, 420, 156, 31, 360, 453, 160, 101, 245, 12, 249, 75, 186, 460, 101, 402, 102, 101, 75, 443, 31, 31, 219, 60, 420, 156, 31, 360, 453, 160, 453, 246, 361, 186, 90, 12, 136, 249, 75, 353, 101, 398, 115, 214, 160, 453, 10, 75, 154, 101, 305, 242, 214, 160, 453, 10, 361, 90, 12, 136, 249, 75, 353, 101, 398, 115, 214, 160, 453, 10, 75, 154, 101, 305, 242, 214, 160, 453, 10, 361, 186, 460, 101, 402, 192, 55, 90, 104, 362, 207, 197, 409, 332, 81, 89, 109, 31, 219, 275, 121, 299, 27, 483, 494, 279, 230, 309, 464, 153, 357, 305, 339, 389, 401, 249, 75, 154, 332, 305, 422, 214, 160, 217, 403, 14, 210, 200, 169, 26, 109, 31, 219, 21, 264, 359, 375, 192, 27, 483, 494, 279, 230, 309, 464, 153, 357, 305, 339, 389, 401, 249, 75, 154, 332, 305, 422, 214, 160, 217, 403, 14, 210, 200, 169, 26, 109, 31, 219, 21, 264, 359, 375, 192, 410, 428]
Tree:
None
Fitness on 5000 data:
-6.379412269102429

Fitness:
-6.039187437321909