Generation:
500

Phenotype:
sigma = uniform([1, 4], 4)  - 1;
x = mu  - gm([22, 9, 2.4]);
mu = gm([18.9, 20, 4]);
 x = sigma * gm([1,1,1]);
x = x + mu;

Genotype:
[437, 500, 20, 106, 400, 236, 195, 80, 94, 156, 156, 195, 80, 94, 156, 137, 94, 198, 137, 308, 339, 372, 342, 81, 136, 426, 326, 177, 426, 133, 171, 2, 219, 195, 80, 278, 237, 237, 345, 280, 236, 195, 80, 80, 440, 237, 136, 314, 280, 156, 387, 342, 80, 94, 156, 137, 94, 156, 137, 308, 339, 171, 296, 219, 177, 80, 278, 237, 180, 400, 219, 372, 171, 81, 136, 426, 326, 177, 426, 326, 177, 426, 133, 171, 400, 219, 195, 80, 278, 237, 136, 345, 280, 236, 195, 80, 80, 440, 237, 136, 345, 136, 426, 326, 177, 426, 133, 171, 400, 219, 195, 80, 345, 339, 34, 342, 81, 136, 426, 326, 92, 339, 131, 171, 400, 252, 195, 80, 94, 437, 282, 80, 94, 437, 252, 137, 94, 156, 137, 308, 339, 372, 342, 81, 136, 426, 326, 177, 426, 133, 171, 400, 219, 195, 80, 278, 237, 136, 345, 280, 236, 195, 80, 80, 440, 237, 136, 345, 136, 426, 326, 177, 426, 133, 171, 400, 219, 195, 80, 278, 237, 136, 345, 280, 236, 195, 237, 322, 94, 63, 442, 92, 195, 80, 94, 63, 442, 92, 296, 170, 166, 342, 252, 382, 426, 280, 67, 500, 137, 92, 296, 170, 157, 342, 237, 322, 400, 140, 31, 348, 24, 398, 111, 194, 63, 399, 92, 296, 107, 166, 342, 237, 136, 426, 177, 271, 415, 162, 8, 268, 171, 298, 428, 102, 60, 174, 64, 221, 382, 382, 447, 260, 400, 321, 340, 342, 420, 141, 440, 63, 342, 420, 141, 440, 63, 20, 249, 433, 345]
Tree:
None
Fitness on 5000 data:
-6.54213421337244

Fitness:
-5.811821147825145