Generation:
500

Phenotype:
u = bern(0.1); 
v = gm([26.5, 10, 2.1])  - 1  * u; 
if w != 11 { 
  if 2 * uniform([4, 2], 1) + 20 * uniform([2, 6], 3) >= 2 { 
    w = uniform([1, 10.6], 1);
   } else { 
     w =  gm([2.4, 5.9, 4], [10, 23, 11.3]); 
   } end if;
 } else { 
   w =  20  - bern(0.8); 
 } end if;

Genotype:
[104, 171, 477, 171, 81, 95, 21, 433, 284, 71, 491, 148, 222, 444, 299, 33, 90, 469, 32, 496, 444, 170, 209, 415, 197, 425, 335, 299, 33, 90, 469, 32, 496, 444, 170, 63, 330, 398, 250, 186, 158, 50, 354, 281, 150, 192, 186, 63, 275, 475, 311, 264, 192, 477, 477, 335, 81, 95, 21, 433, 284, 71, 90, 469, 32, 496, 444, 170, 209, 415, 197, 425, 335, 128, 278, 299, 33, 415, 322, 167, 330, 91, 330, 496, 444, 170, 209, 415, 197, 425, 335, 128, 278, 299, 33, 415, 322, 167, 330, 91, 330, 398, 250, 186, 158, 50, 354, 227, 54, 192, 186, 63, 225, 475, 311, 264, 192, 477, 477, 335, 81, 95, 21, 433, 284, 71, 192, 477, 477, 335, 81, 95, 21, 433, 284, 311, 264, 192, 152, 477, 335, 311, 264, 192, 477, 477, 335, 81, 95, 330, 337, 330, 398, 250, 186, 158, 50, 354, 227, 54, 192, 186, 63, 225, 475, 311, 264, 192, 477, 339, 477, 398, 250, 186, 158, 50, 477, 398, 250, 186, 158, 50, 354, 227, 54, 192, 339, 63, 225, 475, 311, 264, 192, 477, 415, 197, 335, 304, 444, 292, 292, 325, 21, 433, 117, 491, 331, 120, 444, 299, 33, 415, 321, 32, 496, 444, 170, 209, 209, 415, 197, 426, 335, 366, 278, 496, 444, 170, 209, 415, 197, 425, 335, 128, 71, 104, 331, 120, 444, 299, 33, 21, 433, 284, 71, 491, 180, 378, 311, 54, 236, 285, 339, 477, 335, 331, 120, 444, 299, 33, 415, 322, 32, 340, 337, 443, 398, 250, 186, 63, 225, 300, 311, 54, 192, 339, 477, 335, 292, 292, 325, 21, 433, 166, 394, 491, 36, 376, 311, 321, 212, 369, 56, 108, 473, 75, 54, 5, 339, 477, 335, 292, 325, 33, 415, 122, 425, 311, 54, 5, 40, 390, 426, 155, 240, 321, 5, 339, 477, 491, 331, 120, 444, 299, 33, 415, 322, 32, 340, 337, 128, 225, 455, 311, 54, 5, 40, 390, 426, 155, 240, 321, 212, 369, 56, 108, 138, 75, 54, 5, 339, 477, 331, 120, 199, 107, 424, 415, 301, 401, 56, 21, 433, 284, 71, 491, 331, 120, 444, 444, 299, 294, 415, 322, 32, 340, 337, 390, 426, 32, 340, 337, 495, 398, 250, 186, 63, 225, 455, 311, 54, 5, 40, 390, 426, 155, 240, 321, 212, 369, 56, 108, 171, 75, 54, 5, 339, 477, 335, 292, 325, 21, 397, 166, 394, 491, 12, 275, 368, 21, 177, 272, 394, 491, 331, 120, 444, 107, 312, 186, 63, 225, 354, 311, 54, 60, 421, 254, 145, 228, 76, 475, 37, 319, 173, 149, 193, 421, 260, 26, 155, 421, 16, 243, 349, 22, 9, 435, 167, 87, 327, 388, 166, 145, 79, 48, 412, 61, 309, 434, 72, 267, 459, 88, 323, 380, 197, 399, 309, 448, 181, 380, 475, 59, 116, 81, 225, 222, 163, 433, 257, 160, 332, 120]
Tree:
None
Fitness on 5000 data:
29.921752958553565

Fitness:
29.744468273605477