Generation:
500

Phenotype:
a = gm([23, 7.5, 2], [17, 10, 3], [0.9, 6, 13.1])  - 8;
b = b + gm([9, 8, 1.4], [7, 2, 9]);;

Genotype:
[221, 299, 350, 80, 318, 71, 324, 421, 123, 194, 116, 71, 69, 211, 204, 95, 51, 350, 296, 200, 475, 318, 468, 330, 123, 62, 71, 324, 254, 71, 323, 144, 38, 254, 132, 24, 280, 395, 177, 112, 270, 348, 341, 462, 421, 51, 254, 71, 386, 380, 395, 32, 147, 336, 266, 69, 400, 33, 254, 71, 386, 293, 395, 308, 44, 365, 71, 24, 380, 395, 308, 44, 318, 200, 285, 481, 15, 168, 341, 324, 421, 51, 24, 380, 395, 308, 44, 318, 56, 285, 481, 15, 168, 341, 324, 421, 51, 295, 493, 467, 386, 341, 62, 71, 380, 395, 216, 44, 318, 200, 303, 481, 190, 168, 482, 240, 341, 462, 421, 380, 449, 40, 69, 380, 395, 308, 44, 318, 200, 303, 481, 204, 168, 482, 240, 341, 462, 421, 380, 449, 308, 171, 51, 204, 168, 110, 254, 71, 24, 380, 395, 308, 44, 51, 410, 71, 24]
Tree:
None
Fitness on 5000 data:
-5.0365034498012005

Fitness:
-4.721876820156809