Generation:
500

Phenotype:
p1wins = uniform([17, 9], 4)  - 4  * bern(0.1);
skill2 = 3  * gm([9, 6, 3])  - 0;
skill1 = uniform([3, 5], 1)  - uniform([3, 8], 2);;

Genotype:
[176, 443, 318, 423, 482, 374, 231, 482, 389, 348, 485, 51, 328, 438, 115, 252, 485, 116, 167, 463, 113, 46, 437, 409, 154, 294, 133, 304, 378, 100, 158, 479, 348, 186, 63, 444, 289, 240, 53, 366, 154, 344, 384, 382, 252, 21, 366, 499, 180, 124, 133, 366, 303, 233, 471, 364, 144, 344, 348, 429, 499, 180, 124, 488, 366, 303, 233, 471, 364, 144]
Tree:
None
Fitness on 5000 data:
-7.786042805172222

Fitness:
-7.428663958533284