Generation:
500

Phenotype:
x = 30  - 19  * gm([19, 15, 23]);
x = 20;
mu = uniform([30, 9], 3)  - sigma;
mu = 26 * 16 + 19;
mu = uniform([30, 7], 1)  - 8  * sigma;
mu = sigma  - 16 * 30;
sigma = uniform([9, 6], 3);
mu = 0  * mu + 8  * uniform([26, 6], 3);
mu = uniform([30, 6], 3)  - sigma;
sigma = sigma  - 14 * 6;
x = gm([19.1, 6, 16.6]);
sigma = gm([28, 2, 1]);
 x = sigma * gm([1,1,1]);
x = x + mu;

Genotype:
[42, 295, 318, 205, 194, 5, 491, 326, 464, 166, 422, 316, 108, 174, 422, 432, 108, 174, 488, 288, 326, 464, 186, 140, 370, 361, 359, 166, 108, 174, 488, 288, 326, 464, 202, 278, 370, 3, 444, 166, 370, 434, 123, 384, 316, 194, 5, 491, 326, 464, 266, 422, 316, 108, 174, 488, 288, 326, 464, 186, 186, 140, 370, 411, 444, 166, 340, 142, 208, 63, 434, 123, 384, 388, 389, 467, 326, 464, 166, 422, 319, 108, 174, 488, 288, 326, 464, 186, 278, 370, 3, 444, 166, 370, 434, 123, 384, 316, 194, 5, 491, 326, 464, 266, 422, 316, 108, 174, 488, 288, 326, 464, 186, 140, 370, 411, 444, 166, 340, 142, 208, 370, 434, 123, 384, 388, 389, 47, 231, 409, 498, 478, 83, 411, 63, 166, 160, 325, 484, 126, 120, 192, 373, 326, 464, 375, 422, 316, 439, 174, 333, 166, 160, 126, 431, 126, 498, 192, 373, 326, 464, 24, 422, 316, 108, 174, 488, 288, 326, 464, 142, 208, 370, 434, 123, 384, 216, 172, 467, 231, 409, 498, 478, 140, 411, 63, 166, 160, 126, 484, 126, 498, 160, 156, 484, 293, 247, 194, 100, 487, 177, 480, 156, 484, 126, 247, 194, 156, 487, 5, 252, 44, 227, 370, 434, 123, 48, 467, 352, 375, 108, 174, 488, 288, 326, 163, 24, 140, 411, 63, 166, 340, 44, 227, 370, 434, 123, 48, 216, 124, 12, 253, 299, 421, 46, 292, 53, 142, 447, 316, 208]
Tree:
None
Fitness on 5000 data:
-6.932835741970577

Fitness:
-5.880721595180937