Generation:
500

Phenotype:
w = x + bern(0.1);
x = bern(0.5)  - v;
v = v + bern(0.7);
u = bern(0.4);

Genotype:
[411, 222, 229, 90, 388, 268, 92, 83, 484, 213, 333, 294, 413, 395, 344, 60, 205, 211, 260, 246, 181, 152, 270, 477, 274, 222, 428, 133, 312, 213, 339, 152, 258, 163, 16, 459, 10, 193, 237, 76, 419, 388, 336, 323, 245, 64, 264, 356, 76, 31, 154, 325, 262, 376, 408, 312, 420, 23, 152, 42, 477, 44, 222, 237, 182, 312, 213, 23, 152, 42, 477, 44, 336, 202, 194, 175, 359, 185, 32, 118, 174, 197, 74, 393, 420, 260, 181, 228, 466, 430, 53, 54, 259, 298, 16, 57, 214, 376, 46, 324, 6, 429, 106, 38, 307, 418, 201, 486, 72, 472, 342, 101, 246, 423, 234, 418, 172, 185, 358, 199, 115, 211, 460, 195, 384, 222, 129, 74, 393, 420, 260, 181, 228, 466, 430, 53, 209, 431, 397, 114, 216, 216, 195, 384, 222, 129, 182, 312, 213, 23, 152, 42, 477, 44, 222, 237, 182, 312, 213, 23, 152, 42, 477, 44, 336, 202, 194, 323, 268, 320, 472, 34, 101, 95, 244, 66, 225, 185, 48, 450, 368, 277, 359, 85, 370, 166, 320, 300, 339, 87, 343, 245, 125, 194, 2, 101, 440, 493, 375, 214, 427, 446, 318, 432, 164, 256, 127, 259, 247, 218, 216, 134, 480, 318, 78, 206, 281, 71, 334, 102, 387, 144, 117, 412, 439, 107, 364, 116, 353, 484, 136, 77, 346, 430, 60, 257, 195, 341, 204, 250, 488, 79, 245, 398, 54, 188, 34, 354, 329, 376, 457, 254, 211, 131, 354, 298, 404, 153, 464, 281, 287, 77, 496, 475, 80, 297, 208, 336, 8, 414, 61, 134, 189, 152, 415, 451, 243, 402, 378, 478, 70, 214, 387, 171, 33, 316, 228, 365, 475, 180, 366, 216, 60, 229, 381, 311, 46, 200, 240, 448, 39, 309, 392, 32, 228, 367, 368, 406, 142, 344, 163, 159, 151, 370, 166, 320, 300, 339, 87, 343, 245, 125, 194, 2, 101, 440, 493, 375, 214, 427, 446, 318, 432, 164, 256, 127, 259, 247, 218, 216, 134, 480, 318, 78, 206, 281, 71, 334, 102, 387, 144, 117, 412, 439, 107, 364, 116, 353, 484, 136, 77, 346, 430, 60, 257, 195, 341, 204, 250, 488, 79, 245, 398, 54, 188, 34, 354, 329, 376, 457, 254, 211, 131, 354, 298, 404, 153, 464, 281, 287, 77, 496, 475, 80, 297, 208, 336, 8, 414, 61, 134, 189, 152, 415, 451, 243, 402, 378, 478, 70, 214, 387, 171, 33, 316, 228, 365, 475, 180, 366, 216, 60, 229, 381, 311, 46, 200, 240, 448, 39, 309, 392, 32, 228, 367, 368, 406, 142, 344, 163, 159, 151, 57, 343, 38, 127, 257, 410, 26, 38, 459, 329, 498, 262, 247, 308, 470, 175, 294, 315, 471, 194, 268, 61, 281, 490, 69, 330, 273, 17, 94, 405, 419, 421, 137, 55, 460, 400, 483, 483, 286, 223, 82, 468, 36, 0, 440, 491, 91, 345, 287, 104, 349, 14, 267, 17]
Tree:
None
Fitness on 5000 data:
-2.117882652380611

Fitness:
-1.955120885080905