Generation:
500

Phenotype:
a = gm([5, 0.8, 2]) + 16  * a; 
if a < 0 { 
  b = 3 * a + gm([1,0.,1.]); 
 } else { 
  b = gm([1,8.,1.]); 
 } end if;

Genotype:
[149, 111, 274, 375, 38, 16, 222, 151, 342, 70, 222, 151, 372, 448, 44, 343, 274, 109, 384, 214, 38, 470, 26, 314, 173, 372, 448, 38, 134, 342, 70, 448, 44, 343, 487, 151, 26, 288, 173, 372, 448, 309, 343, 274, 109, 384, 214, 38, 470, 193, 70, 222, 151, 489, 184, 173, 372, 448, 44, 343, 274, 109, 384, 107, 38, 404, 342, 403, 10, 109, 496, 136, 433, 18, 482, 222, 72, 27, 435, 216, 398, 192, 10, 109, 496, 46, 401, 69, 267, 341, 110, 359, 251, 209, 135, 449, 138, 59, 309, 492, 173, 34, 136, 64, 386, 361, 135, 109]
Tree:
None
Fitness on 5000 data:
-3.5091163547819635

Fitness:
-3.4264863161344783