Generation:
500

Phenotype:
u = bern(0.7) + 1;
w = 0  - 0;
u = x + 0;
v = 0 + 1;
u = 0  - 0;
u = x + bern(0.2);
v = bern(0.9);
w = bern(0.2)  - w; 
  if u == 1 { 
       if w == 1{ 
             x = gm([0.8, 1, 0], [0.2, 0, 0]); 
       } else { 
             x = gm([0.2, 1, 0], [0.8, 0, 0]); 
       } end if; 
 } else { 
       if v == 1{ 
             x = gm([0.8, 1, 0], [0.2, 0, 0]); 
       } else { 
             x = gm([0.2, 1, 0], [0.8, 0, 0]); 
       } end if; 
 } end if;

Genotype:
[176, 457, 22, 460, 112, 193, 274, 163, 96, 119, 379, 111, 464, 278, 338, 254, 19, 132, 17, 292, 198, 480, 56, 112, 386, 454, 435, 457, 22, 460, 112, 193, 274, 435, 96, 85, 379, 111, 264, 278, 360, 254, 19, 132, 17, 292, 198, 479, 56, 112, 386, 454, 435, 100, 27, 379, 32, 311, 217, 384, 246, 353, 377, 464, 278, 141, 254, 482, 142, 141, 487, 62, 482, 282, 141, 236, 62, 492, 95, 6, 424, 54, 434, 75, 392, 62, 242, 392, 62, 242, 361, 6, 423, 335, 30, 490, 222, 386, 272, 440, 466, 181, 272, 258, 131, 144, 464, 440, 196, 404, 327, 423, 6, 397, 271, 405, 213, 9, 188, 81, 278, 316, 239, 447, 28, 250, 120, 101, 335, 434, 312, 30, 483, 75, 24, 411, 444, 316, 6, 168, 94, 247, 364, 12, 21, 480, 446, 470, 264, 269, 446, 3, 450, 210, 3, 450, 210, 327, 314, 10, 292, 26, 445, 122, 490, 28, 402, 381, 128, 469, 173, 446, 470, 41, 212, 164, 223, 129, 469, 174, 269, 408, 211, 358, 86, 296, 120, 101, 335, 434, 312, 30, 483, 75, 24, 411, 444, 316, 6, 168, 94, 247, 364, 12, 21, 480, 446, 470, 264, 269, 446, 3, 450, 210, 3, 450, 210, 327, 314, 10, 292, 26, 445, 122, 490, 28, 402, 381, 128, 469, 173, 446, 470, 41, 212, 164, 223, 129, 469, 174, 269, 408, 211, 358, 86, 296, 461, 308]
Tree:
None
Fitness on 5000 data:
-1.6805938257546398

Fitness:
-1.3732534055951362