Generation:
500

Phenotype:
mu = gm([26, 20.4, 2]);
sigma = uniform([0, 4], 3);
 x = sigma * gm([1,1,1]);
x = x + mu;

Genotype:
[427, 11, 22, 172, 270, 345, 48, 85, 372, 160, 336, 481, 113, 3, 292, 343, 174, 122, 458, 439, 402, 96, 155, 372, 324, 48, 114, 372, 380, 347, 481, 113, 281, 292, 191, 174, 122, 302, 48, 85, 113, 233, 292, 347, 481, 113, 281, 292, 191, 174, 122, 458, 439, 402, 96, 155, 372, 324, 166, 277, 113, 233, 292, 71, 225, 122, 376, 183, 468, 100, 108, 143, 395, 309, 348, 249, 212, 375, 87, 183, 468, 120, 1, 268, 221, 382, 390, 94, 376, 390, 423, 168, 481, 414, 467, 221, 287, 291, 204, 96, 47, 198, 360, 94, 224, 234, 2, 433, 223, 22, 285, 309, 348, 111, 458, 484, 270, 144, 32, 352, 8, 405, 309, 196, 134, 16, 204, 96, 82, 198, 317, 423, 168, 481, 500, 467, 221, 287, 291, 207, 109, 107, 320, 10, 146, 418, 196, 365, 324, 180, 33, 172, 217, 409, 481, 473, 492, 305, 443, 377, 161]
Tree:
None
Fitness on 5000 data:
-6.360619917898245

Fitness:
-5.884719670524371