Generation:
500

Phenotype:
preplevel = 4;
damage = gm([0.3, 0, 0], [0.2, 1, 0]);
damage = gm([0.3, 0, 0], [0.5, 1, 0]);
preplevel = gm([0.9, 0, 0], [0.2, 1, 0], [0.2, 2, 0]) + 0;

Genotype:
[340, 97, 230, 51, 292, 124, 191, 359, 217, 148, 339, 321, 326, 436, 157, 88, 326, 172, 217, 148, 485, 321, 326, 436, 157, 88, 326, 436, 324, 8, 47, 32, 359, 488, 466, 197, 359, 388, 289, 277, 390, 103, 465, 472, 115, 416, 368, 399, 252, 273, 16, 204, 13, 37]
Tree:
None
Fitness on 5000 data:
-1.6181484697332515

Fitness:
-1.5120110099454678