Generation:
500

Phenotype:
skill1 = 19 + gm([14, 0, 5.4]); 
skill2 = bern(0.9) + 23  * cond;
skill2 = uniform([7, 11.2], 2) + uniform([6, 1], 4); 
if gm([30, 7, 17.6]) + uniform([6, 3], 4) + 8 * gm([20, 6.4, 26.7]) + skill2 <= 1 { 
  p1wins = 1;
 } else { 
   p1wins = 0; 
 } end if;

Genotype:
[77, 412, 200, 470, 484, 129, 465, 342, 216, 138, 360, 124, 69, 346, 210, 130, 0, 251, 359, 118, 395, 48, 67, 297, 42, 34, 369, 37, 30, 486, 100, 373, 383, 343, 417, 210, 130, 378, 26, 90, 75, 137, 467, 194, 1, 138, 482, 30, 486, 100, 373, 141, 230, 417, 210, 130, 378, 26, 173, 75, 137, 467, 194, 1, 138, 482, 330, 281, 37, 30, 257, 491, 204, 200, 470, 484, 129, 465, 342, 75, 137, 467, 454, 1, 417, 210, 130, 378, 130, 0, 208, 130, 378, 130, 0, 208, 349, 392, 30, 257, 491, 204, 465, 342, 208, 349, 392, 124, 69, 351, 210, 130, 0, 251, 117, 210, 130, 0, 251, 351, 210, 85, 0, 251, 117, 210, 130, 0, 251, 117, 97, 255, 48, 472, 297, 425, 330, 281, 37, 184, 486, 100, 37, 30, 257, 100, 204, 465, 342, 208, 349, 392, 124, 69, 351, 210, 130, 0, 469, 359, 319, 255, 498, 67, 297, 425, 330, 351, 210, 130, 0, 251, 359, 319, 255, 48, 67, 297, 425, 330, 281, 37, 30, 55, 100, 373, 141, 69, 351, 210, 130, 378, 26, 90, 75, 137, 467, 454, 1, 138, 482, 330, 281, 37, 30, 486, 100, 204, 323, 60, 233, 312, 179, 472, 219, 375, 259, 290, 405, 41, 226, 331, 88, 185, 143, 372, 363, 282, 192, 129, 465, 342, 324, 349, 392, 124, 412, 200, 470, 109, 129, 465, 342, 208, 349, 392, 124, 69, 351, 210, 130, 0, 251, 359, 319, 255, 48, 67, 297, 100, 373, 141, 69, 351, 210, 130, 378, 26, 90, 75, 137, 467, 454, 1, 390, 482, 330, 281, 37, 30, 486, 100, 204, 323, 60, 233, 312, 179, 472, 102, 299, 413, 58, 65, 188, 37, 332, 166, 389, 362, 488, 273, 400, 325, 369, 415, 471, 164, 7, 456, 60, 293, 51, 145, 306, 183, 100, 204, 323, 60, 233, 6, 324, 377, 206, 68, 255, 399, 35, 62, 183, 28, 471, 27, 244, 243, 294, 53, 272, 131, 473, 187, 335, 479, 247, 416, 31, 473, 232, 110, 137, 53, 449, 266, 39, 102, 342, 289, 83, 255, 284, 236, 369, 286, 5, 390, 440, 209, 358, 206, 408]
Tree:
None
Fitness on 5000 data:
-6.210332768152886

Fitness:
-5.9105456446902895