Generation:
500

Phenotype:
a = uniform([9, 5], 3)  - uniform([8, 5], 2); 
if a < 0 { 
  b = 3 * a + gm([1,0.,1.]); 
 } else { 
  b = gm([1,8.,1.]); 
 } end if;

Genotype:
[12, 18, 134, 448, 254, 77, 240, 14, 226, 310, 310, 230, 246, 14, 380, 310, 310, 77, 246, 59, 468, 42, 392, 392, 82, 147, 380, 310, 310, 77, 333, 412, 267, 412, 78, 110, 87, 169, 267, 197, 406, 110, 471, 68, 375, 413, 147, 406, 110, 471, 68, 375, 413, 147, 335, 237, 147, 335, 343, 388, 134, 78, 475, 58, 267, 259, 109, 335, 81, 258, 380, 382, 160, 382, 110, 459, 488, 232, 267, 295, 471, 70, 404, 298, 475, 488, 382, 9, 413, 301, 147, 482, 237, 110, 471, 58, 76, 47, 125, 422, 70, 469, 298, 48, 70, 335, 78, 110, 471, 68, 267, 95, 8, 176, 6, 97, 81, 479, 124, 22, 25, 89, 25, 248, 156, 392, 306]
Tree:
None
Fitness on 5000 data:
-3.80150953113922

Fitness:
-3.4382877797651066