Generation:
500

Phenotype:
u = bern(0.3) + u; 
v = uniform([11, 6], 2)  - uniform([3, 2.1], 2); 
if 21 * uniform([29, 6], 2) + w + 12 * uniform([11, 8], 2) >= 1 { 
  if w <= 19 { 
    w = uniform([2, 9], 4) + 26 * 0;
   } else { 
     w =  11; 
   } end if;
 } else { 
   w =  uniform([0, 3], 4) + 11  * uniform([2, 9], 4); 
 } end if;

Genotype:
[86, 451, 306, 271, 38, 324, 324, 357, 281, 231, 330, 42, 222, 383, 173, 414, 334, 158, 125, 157, 324, 317, 281, 249, 425, 331, 430, 308, 242, 383, 173, 3, 290, 372, 422, 56, 383, 322, 138, 290, 372, 250, 209, 222, 249, 143, 414, 290, 372, 197, 341, 143, 361, 414, 334, 281, 308, 242, 383, 200, 3, 212, 372, 372, 422, 56, 383, 322, 138, 290, 372, 250, 209, 143, 361, 414, 334, 281, 308, 242, 383, 200, 3, 212, 372, 383, 404, 3, 290, 372, 422, 280, 383, 322, 310, 402, 290, 372, 250, 90, 222, 383, 143, 392, 295, 372, 422, 341, 430, 361, 414, 334, 158, 125, 230, 324, 360, 281, 249, 425, 378, 412, 312, 4, 10, 292, 330, 42, 222, 383, 376, 239, 75, 141, 417, 334, 405, 183, 114, 323, 238, 290, 125, 114, 184, 238, 5, 148, 113, 405, 183, 252, 240]
Tree:
None
Fitness on 5000 data:
28.966487648408673

Fitness:
29.689007878963697