Generation:
500

Phenotype:
skill1 = gm([22.7, 22.9, 5], [19.9, 19.7, 3])  - bern(0.3); 
skill2 = gm([26, 19.1, 3.9]);
cond = 18; 
if gm([30, 10, 27], [1, 4, 27.1], [30, 27, 15], [23, 29.7, 3], [2.4, 3, 19]) + gm([2.1, 29, 4], [21.2, 30, 5.7]) + 19 * bern(0.5) + p1wins < 15 { 
  p1wins = 1;
 } else { 
   p1wins = 0; 
 } end if;

Genotype:
[142, 173, 396, 17, 443, 343, 332, 240, 213, 208, 440, 58, 5, 356, 353, 143, 116, 321, 267, 114, 328, 313, 120, 91, 182, 426, 30, 189, 358, 150, 491, 473, 174, 135, 337, 220, 278, 105, 66, 319, 131, 294, 236, 160, 297, 309, 195, 150, 361, 259, 398, 278, 58, 72, 356, 120, 91, 182, 497, 426, 283, 313, 120, 135, 337, 220, 278, 104, 58, 72, 356, 353, 396, 116, 321, 153, 114, 328, 313, 140, 91, 343, 426, 30, 189, 222, 267, 329, 328, 313, 1, 91, 343, 108, 30, 29, 296, 376, 48, 163, 455, 217, 426, 30, 189, 222, 150, 491, 41, 174, 135, 337, 220, 278, 104, 58, 72, 356, 353, 400, 468, 287, 470, 94, 197, 442, 402, 240, 225, 359, 141, 189, 222, 150, 376, 48, 163, 455, 217, 351, 33, 423, 332, 400, 468, 287, 470, 94, 197, 442, 402, 240, 225, 359, 141, 189, 222, 150, 491, 289, 174, 135, 337, 68, 278, 105, 214, 184, 131, 294, 374, 160, 297, 309, 308, 354, 349, 259, 398, 484, 427, 351, 189, 215, 69, 362, 353, 396, 265, 321, 267, 329, 328, 313, 120, 91, 343, 108, 30, 29, 296, 376, 48, 163, 455, 217, 351, 33, 423, 332, 400, 468, 287, 470, 94, 197, 442, 402, 240, 310, 208, 104, 58, 197, 362, 353, 396, 265, 321, 267, 329, 328, 313, 188, 141, 225, 359, 282, 189, 222, 150, 491, 289, 174, 135, 337, 68, 278, 105, 240, 414, 142, 148, 430, 280, 243, 3, 271, 109, 457, 369, 350]
Tree:
None
Fitness on 5000 data:
-6.226858532152054

Fitness:
-5.720837421078937