Generation:
500

Phenotype:
u = bern(0.2); 
v = uniform([7, 5], 1); 
if w != 20 { 
  if w + 4 * w + bern(0.1) + 30 * uniform([10, 1], 2) + 30 * uniform([10, 1], 2) + uniform([25, 9.1], 1) + bern(0.2) + 28 * bern(0.3) > 16 { 
    w = uniform([0, 9], 1);
   } else { 
     w =  15 * 8  - bern(0.9); 
   } end if;
 } else { 
   w =  bern(0.2) + 17  * gm([3, 1.4, 0], [18.6, 23, 8.4]); 
 } end if;

Genotype:
[51, 132, 360, 127, 109, 255, 246, 450, 162, 276, 13, 364, 112, 488, 57, 20, 225, 25, 438, 380, 209, 9, 109, 438, 380, 209, 123, 204, 199, 18, 395, 493, 402, 326, 320, 148, 387, 349, 497, 109, 402, 326, 320, 326, 387, 349, 471, 260, 274, 335, 63, 381, 387, 132, 445, 222, 327, 433, 466, 327, 245, 127, 434, 127, 109, 156, 246, 450, 93, 320, 35, 204, 95, 320, 395, 387, 380, 471, 387, 89, 445, 222, 327, 433, 466, 327, 245, 127, 434, 127, 109, 156, 246, 450, 93, 320, 35, 204, 95, 320, 395, 387, 380, 471, 82, 274, 335, 63, 381, 175, 492, 112, 368, 57, 95, 18, 395, 425, 196, 57, 95, 18, 395, 425, 196, 380, 209, 347, 109, 438, 380, 209, 123, 204, 95, 18, 395, 493, 209, 246, 109, 93, 63, 381, 387, 132, 243, 222, 327, 433, 466, 327, 50, 127, 434, 127, 469, 156, 246, 450, 93, 320, 35, 204, 95, 320, 395, 387, 349, 471, 82, 274, 335, 63, 381, 387, 132, 445, 280, 95, 445, 320, 109, 402, 326, 320, 326, 387, 349, 471, 260, 274, 335, 63, 381, 387, 91, 13, 492, 112, 368, 57, 95, 182, 395, 425, 380, 209, 347, 109, 438, 380, 209, 123, 204, 95, 18, 395, 493, 402, 326, 320, 326, 387, 349, 471, 82, 274, 335, 63, 381, 387, 132, 445, 222, 327, 433, 466, 327, 50, 127, 334, 127, 109, 255, 246, 450, 93, 35, 389, 103, 340, 255, 246, 381, 157, 103, 435, 237, 273, 93, 24, 317, 150, 308, 477, 348, 161, 327, 250, 342, 428, 386, 396, 387, 349, 401, 82, 274, 335, 63, 381, 387, 132, 83, 222, 327, 258, 342, 327, 201, 127, 334, 255, 246, 450, 157, 103, 175, 492, 109, 10, 246, 95, 488, 443, 381, 196, 195, 277, 396, 368, 492, 460, 368, 204, 95, 18, 183, 0, 196, 380, 209, 45, 170, 474, 258]
Tree:
None
Fitness on 5000 data:
29.33990072272983

Fitness:
29.459960258551092