Generation:
500

Phenotype:
damage = gm([0.5, 0, 0], [0.8, 1, 0]) + 0;
preplevel = preplevel + gm([0.5, 0, 0], [0.1, 1, 0], [0.2, 2, 0]);

Genotype:
[339, 25, 190, 256, 445, 447, 362, 477, 252, 76, 448, 1, 460, 243, 36, 454, 412, 195, 454, 24, 266, 142, 125, 421, 22, 477, 55, 105, 448, 1, 460, 243, 88, 129, 414, 233, 442, 454, 158, 164, 142, 291, 298, 383, 94, 361, 148, 142, 291, 186, 485, 199, 244, 414, 233, 442, 266, 96, 139, 410, 488, 253, 41, 359, 77, 431, 325, 227, 57, 397, 138, 127, 102, 2, 454, 95, 83, 356, 323, 304, 260, 171, 117, 448, 252, 10, 264, 173, 276]
Tree:
None
Fitness on 5000 data:
-1.666984513975191

Fitness:
-1.5469179440168372