Generation:
500

Phenotype:
skill1 = uniform([10, 18.8], 1) + 0  * bern(0.5); 
skill2 = 18  * gm([20.5, 8.1, 23.5]) + 16; 
p1wins = bern(0.2) + p1wins;
skill2 = uniform([10, 18.5], 1);;

Genotype:
[107, 397, 204, 74, 196, 117, 328, 88, 20, 43, 465, 87, 148, 340, 7, 204, 405, 18, 485, 485, 175, 497, 442, 486, 271, 395, 49, 80, 342, 109, 16, 486, 171, 262, 78, 80, 342, 36, 130, 487, 61, 465, 204, 74, 196, 147, 328, 328, 88, 16, 486, 171, 121, 205, 414, 342, 109, 16, 486, 171, 262, 78, 80, 342, 36, 130, 487, 61, 465, 204, 74, 196, 117, 328, 88, 16, 486, 171, 121, 486, 271, 417, 434, 80, 342, 109, 16, 486, 171, 262, 255, 80, 342, 36, 130, 487, 153, 465, 204, 74, 477, 117, 205, 88, 36, 43, 465, 302, 466, 178, 133, 342, 36, 130, 410, 105, 465, 204, 74, 196, 117, 205, 88, 36, 43, 465, 302, 466, 187, 133, 487, 328, 273, 90, 433, 43, 465, 458, 85, 213, 54, 148, 370, 68, 200, 485, 284, 17, 395, 120, 8, 18, 370, 16, 8, 273, 99, 433, 43, 465, 458, 85, 121, 54, 148, 370, 68, 200, 485, 284, 17, 485, 284, 17, 395, 146, 433, 43, 465, 166, 446, 137, 121, 130, 408, 259, 17, 370, 415, 392, 271, 417, 255, 485, 284, 17, 395, 146, 8, 18, 370, 16, 486, 271, 417, 255, 80, 342, 36, 130, 408, 259, 17, 90, 433, 493, 260, 456, 441, 358, 94, 44, 191, 184, 362, 273, 144, 292, 233, 229, 416, 249, 255, 393, 198, 429, 424, 342, 36, 130, 408, 259, 121, 54, 148, 370, 68, 462, 292, 311, 320, 89, 454, 363, 284, 17, 395, 410, 335, 18, 75, 328, 365, 113, 456, 441, 358, 466, 187, 133, 487, 105, 447, 90, 433, 43, 465, 458, 85, 121, 54, 148, 370, 68, 200, 363, 284, 17, 395, 370, 68, 200, 485, 284, 17, 485, 284, 121, 130, 408, 259, 17, 370, 415, 392, 271, 417, 255, 485, 284, 17, 395, 146, 8, 18, 370, 16, 486, 271, 417, 255, 80, 342, 36, 130, 408, 259, 17, 90, 433, 493, 260, 456, 441, 358, 94, 44, 191, 184, 362, 273, 144, 292, 233, 229, 416, 249, 255, 393, 198, 429, 424, 342, 36, 17, 408, 259, 121, 54, 148, 370, 68, 462, 292, 311, 320, 89, 454, 363, 284, 17, 395, 410, 335, 18, 75, 328, 365, 113, 456, 441, 358, 466, 187, 133, 487, 105, 447, 90, 433, 43, 465, 458, 85, 121, 54, 148, 370, 68, 200, 363, 284, 17, 395, 370, 68, 200, 485, 284, 17, 485, 284, 17, 395, 146, 433, 43, 465, 166, 446, 137, 121, 130, 408, 259, 17, 370, 415, 392, 271, 417, 255, 485, 284, 17, 395, 146, 8, 18, 370, 16, 486, 271, 417, 255, 80, 342, 36, 130, 408, 259, 17, 90, 433, 493, 260, 456, 441, 358, 94, 44, 191, 184, 362, 273, 144, 292, 233, 229, 416, 249, 255, 393, 198, 429, 424, 342, 36, 130, 408, 259, 121, 54, 148, 370, 68, 462, 292, 311, 320, 89, 454, 363, 284, 17, 395, 410, 335, 18, 75, 328, 365, 113, 456, 441, 358, 466, 187, 133, 487, 105, 447, 90, 433, 43, 465, 458, 85, 121, 54, 148, 370, 68, 200, 363, 284, 17, 395, 146, 8, 18, 370, 16, 486, 271, 417, 255, 80, 342, 36, 130, 408, 259, 121, 54, 148, 370, 332, 157, 21, 128, 75, 354, 365, 113, 456, 441, 358, 94, 44, 191, 184, 362, 273, 144, 292, 233, 395, 410, 8, 18, 370, 415, 486, 271, 417, 255, 200, 363, 284, 17, 68, 157, 21, 128, 486, 171, 262, 78, 80, 342, 36, 130, 487, 61, 465, 80, 342, 36, 36, 130, 487, 153, 465, 204, 74, 477, 117, 205, 88, 36, 43, 465, 302, 466, 178, 133, 342, 36, 130, 410, 105, 465, 204, 74, 196, 117, 205, 88, 36, 43, 465, 302, 466, 187, 133, 487, 328, 273, 90, 433, 43, 465, 458, 85, 213, 54, 148, 370, 68, 200, 485, 284, 17, 395, 120, 8, 18, 370, 16, 8, 273, 99, 433, 43, 465, 458, 85, 121, 54, 148, 370, 68, 200, 485, 284, 17, 485, 284, 17, 395, 146, 433, 43, 465, 166, 446, 137, 121, 130, 408, 259, 17, 370, 415, 392, 271, 417, 255, 485, 284, 17, 395, 146, 8, 18, 370, 16, 486, 271, 417, 255, 80, 342, 36, 130, 408, 259, 17, 90, 433, 493, 260, 456, 441, 358, 94, 44, 191, 184, 362, 273, 144, 292, 233, 229, 416, 249, 255, 393, 198, 429, 424, 342, 36, 130, 408, 259, 121, 54, 148, 370, 68, 462, 292, 311, 320, 89, 454, 363, 284, 17, 395, 410, 335, 18, 75, 328, 365, 113, 456, 441, 358, 466, 187, 133, 487, 105, 447, 90, 433, 43, 465, 458, 85, 121, 54, 148, 370, 68, 200, 363, 284, 17, 395, 370, 68, 200, 485, 284, 17, 485, 284, 17, 395, 146, 433, 43, 465, 166, 446, 137, 121, 130, 408, 259, 17, 370, 415, 392, 271, 417, 255, 485, 284, 17, 395, 146, 8, 18, 370, 16, 486, 271, 417, 255, 80, 342, 36, 130, 408, 259, 17, 90, 433, 493, 260, 456, 441, 358, 94, 44, 191, 184, 362, 273, 144, 292, 233, 229, 416, 249, 255, 393, 198, 429, 424, 342, 36, 130, 408, 259, 121, 54, 148, 370, 68, 462, 292, 311, 320, 89, 454, 363, 284, 17, 395, 410, 335, 18, 75, 328, 365, 113, 456, 441, 358, 466, 187, 133, 487, 105, 447, 90, 433, 43, 465, 458, 85, 121, 54, 148, 370, 68, 200, 363, 284, 17, 395, 146, 8, 18, 370, 16, 486, 271, 417, 255, 80, 342, 36, 130, 408, 259, 121, 54, 148, 370, 332, 157, 21, 128, 75, 354, 365, 113, 456, 441, 358, 94, 44, 191, 184, 362, 273, 144, 292, 233, 395, 410, 8, 18, 370, 415, 486, 271, 417, 255, 200, 363, 284, 17, 68, 157, 21, 128, 75, 354, 292, 311, 320, 89, 200, 417, 255, 80, 342, 36, 130, 408, 259, 121, 54, 352, 407, 135, 33, 317, 177, 395, 419, 344, 402, 202, 164, 256, 150, 466, 224, 260, 432, 29, 132, 346, 109, 47, 1, 166, 446, 137, 121, 44, 191, 184, 362, 273, 144, 292, 233, 229, 416, 249, 255, 393, 198, 429, 424]
Tree:
None
Fitness on 5000 data:
-6.248889303297854

Fitness:
-6.028011155529359