Generation:
500

Phenotype:
skill1 = 28  - uniform([0, 14.8], 1);
skill2 = 26 + 22;
skill2 = uniform([25, 4], 1);
p1wins = 30 * 5  - 12  * uniform([11, 3], 1);
skill2 = 28  - uniform([0, 16.7], 3);;

Genotype:
[34, 140, 496, 184, 96, 386, 425, 420, 400, 192, 298, 124, 397, 200, 259, 88, 350, 126, 127, 484, 397, 467, 6, 88, 350, 250, 239, 305, 52, 137, 361, 432, 198, 34, 397, 200, 489, 88, 350, 250, 3, 386, 425, 122, 185, 309, 67, 112, 229, 358, 290, 392, 164, 68, 432, 406, 60, 277, 50, 287, 410, 400, 192, 298, 124, 397, 357, 195, 498, 197, 192, 301, 307, 338, 305, 52, 137, 361, 432, 198, 34, 397, 200, 6, 88, 350, 250, 127, 386, 425, 122, 415, 309, 67, 430, 229, 358, 290, 392, 164, 453, 432, 406, 161, 349, 156, 268, 386, 425, 122, 415, 309, 67, 430, 229, 358, 290, 392, 62]
Tree:
None
Fitness on 5000 data:
-8.98114262399971

Fitness:
-8.840344494461549