Generation:
500

Phenotype:
skill2 = gm([5.1, 21.8, 5.1]);
skill1 = gm([19.2, 21.5, 3]) + 27  * cond;
 cond = 1.3*skill2; 
cond = skill1 - cond; 
if cond > 0 { 
  p1wins = 1.0;
 } else { 
   p1wins = 0.0; 
 } end if;

Genotype:
[53, 377, 302, 159, 393, 414, 444, 289, 380, 213, 98, 315, 411, 83, 331, 119, 98, 405, 465, 114, 348, 240, 427, 465, 9, 414, 361, 81, 424, 465, 114, 229, 376, 127, 148, 213, 240, 427, 465, 9, 373, 403, 98, 424, 289, 461, 393, 414, 444, 289, 380, 213, 98, 316, 411, 83, 331, 119, 98, 442, 441, 114, 348, 240, 427, 143, 393, 414, 444, 289, 380, 213, 98, 350, 411, 83, 331, 119, 98, 316, 465, 114, 252, 240, 427, 465, 114, 83, 304, 427, 213, 98, 209, 465, 116, 174, 258, 160, 282, 466, 310, 163, 64, 16, 404, 42, 350, 411, 83, 331, 119, 98, 316, 465, 114, 252, 240, 427, 465, 114, 414, 361, 289, 380, 213, 466, 316, 411, 83, 304, 427, 466, 447, 308, 83, 304, 427, 213, 98, 209, 465, 116, 174, 258, 160, 282, 466, 310, 223, 174, 286, 15, 323, 163, 64, 16, 404, 42, 350, 242, 461, 39, 446, 438, 317, 287, 228]
Tree:
None
Fitness on 5000 data:
-6.032308976085285

Fitness:
-5.664355947396453