Generation:
500

Phenotype:
skill2 = uniform([11, 19.1], 4)  - 24  * skill2;
skill1 = uniform([18, 7], 1)  - 4  * bern(0.3);
 cond = 1.3*skill2; 
cond = skill1 - cond; 
if cond > 0 { 
  p1wins = 1.0;
 } else { 
   p1wins = 0.0; 
 } end if;

Genotype:
[348, 62, 342, 393, 497, 188, 168, 450, 166, 219, 422, 198, 159, 301, 489, 44, 133, 234, 130, 10, 308, 296, 279, 406, 483, 356, 249, 328, 172, 159, 487, 245, 168, 450, 379, 219, 394, 208, 418, 301, 375, 279, 450, 234, 320, 10, 480, 296, 279, 230, 483, 122, 249, 328, 172, 159, 279, 375, 332, 301, 397, 454, 279, 289, 234, 112, 140, 484, 296, 291, 230, 483, 122, 249, 328, 172, 159, 279, 497, 86, 480, 450, 99, 219, 368, 418, 301, 225, 454, 279, 450, 450, 99, 219, 394, 332, 496, 484, 111, 291, 230, 483, 122, 249, 328, 221, 339, 91, 254, 132, 126, 161, 247, 342, 132, 236, 265, 116, 309, 15, 374, 277, 100, 342, 280, 352, 260, 143, 346, 163, 284, 6, 280, 352, 260, 143, 346, 163, 284, 6, 161, 301, 397, 159, 279, 441, 11, 310, 466]
Tree:
None
Fitness on 5000 data:
-6.293290433312938

Fitness:
-5.748939772377348