Generation:
500

Phenotype:
skill2 = 8  * uniform([7, 3], 4);
p1wins = bern(0.5);
skill1 = 1 + 1  * gm([23.9, 6, 4]);
skill2 = 3  * uniform([2, 5], 1) + 6;
skill1 = 27  - skill1;;

Genotype:
[371, 244, 482, 412, 292, 453, 436, 194, 434, 38, 466, 218, 323, 158, 130, 254, 252, 183, 11, 292, 160, 232, 376, 99, 88, 11, 42, 466, 124, 497, 65, 32, 201, 488, 305, 142, 37, 10, 190, 156, 130, 283, 337, 16, 251, 174, 436, 100, 13, 404, 248, 22, 378, 213, 216, 244, 381, 338, 26, 378, 492, 339, 448, 456, 37]
Tree:
None
Fitness on 5000 data:
-6.376292029470637

Fitness:
-6.050492289765841