Generation:
500

Phenotype:
x = gm([30.4, 20.4, 3], [16.4, 20, 5]);
mu = gm([11, 19.1, 4], [26.7, 20, 2.1], [11, 24, 8])  - mu;
sigma = gm([4, 30.7, 30], [30.3, 2, 1]);

Genotype:
[11, 392, 248, 332, 227, 408, 192, 7, 277, 43, 278, 192, 123, 175, 48, 240, 251, 8, 101, 357, 435, 62, 144, 182, 253, 260, 26, 8, 51, 476, 318, 4, 307, 484, 259, 87, 50, 225, 356, 345, 103, 485, 26, 87, 332, 144, 25, 95, 288, 370, 104, 445, 240, 117, 8, 101, 357, 435, 339, 300, 300, 278, 121, 48, 141, 142, 417, 38, 221, 171, 278, 69, 298, 340, 256, 361, 154, 164, 114, 436, 128, 311, 95, 408, 192, 7, 277, 43, 278, 288, 123, 337, 48, 240, 401, 8, 101, 357, 435, 62, 144, 182, 207, 260, 26, 8, 51, 476, 87, 4, 261, 484, 259, 87, 50, 56, 233, 245, 103, 37, 258, 391, 130, 164, 114, 267, 343, 377, 490, 173, 48, 240, 212, 40, 476, 151, 37, 482, 141, 187, 221, 165, 278, 69, 48, 340, 256, 393, 154, 380, 462, 372, 48, 240, 173, 48, 240, 300, 300, 476, 151, 37, 482, 141, 187, 221, 165, 278, 69, 48, 340, 256, 393, 154, 380, 462, 173, 48, 240, 300, 300, 476, 151, 187, 147, 321, 464, 482, 222, 182, 229, 302, 47]
Tree:
None
Fitness on 5000 data:
-6.967416374719305

Fitness:
-6.699661070702805