Generation:
500

Phenotype:
earthquake = 0; 
  burglary = earthquake; 
    if burglary + bern(0.8) > 0 { 
        if johncalls == 0 { 
              alarm = 0 + 0; 
        } else { 
              alarm = 0  - alarm; 
        } end if; 
  } else { 
        if alarm == 1 { 
              alarm = 0; 
        } else { 
              alarm = 0; 
        } end if; 
  } end if; 
    if earthquake != 0 { 
        johncalls = bern(0.1) + bern(0.2); 
  } else { 
        johncalls = earthquake; 
  } end if;

Genotype:
[301, 357, 427, 282, 54, 200, 410, 129, 499, 419, 98, 320, 250, 425, 142, 99, 442, 62, 39, 484, 66, 118, 103, 442, 57, 362, 164, 361, 458, 362, 356, 394, 140, 358, 280, 43, 117, 333, 396, 447, 7, 70, 206, 245, 415, 138, 382, 464, 333, 396, 108, 245, 415, 138, 382, 464, 333, 396, 108, 312, 54, 253, 28, 219, 427, 275, 456, 488, 50, 471, 134, 149, 324, 178, 434, 178, 50, 244, 474, 224, 66, 57, 95, 85, 279, 238, 126, 380, 1, 359, 262, 300, 414, 2, 371, 108, 49, 10, 59, 90, 93, 116, 275, 192, 131, 425, 44, 269, 29, 493, 455, 58, 137, 263, 431, 185, 166, 173, 306, 225, 231, 256, 117, 84, 498, 353, 441, 296, 75, 92, 204, 185, 274, 66, 433, 126, 431, 63, 6, 48, 310, 22, 275, 461, 27, 472, 38, 121, 131, 315, 454, 446, 30, 104, 35, 215, 360, 286]
Tree:
None
Fitness on 5000 data:
-inf

Fitness:
0.0