Generation:
500

Phenotype:
mu = gm([13, 30, 3])  - 8; 
sigma = uniform([14, 5], 3)  - uniform([13, 2.2], 3);
x = 5 * 19 + 14  * gm([30, 12.4, 29.9]);
x = gm([13.4, 22, 4.3]);

Genotype:
[194, 380, 162, 148, 34, 36, 44, 444, 340, 222, 437, 467, 100, 194, 497, 72, 371, 324, 80, 346, 130, 66, 152, 447, 225, 467, 100, 206, 61, 191, 21, 439, 236, 445, 355, 340, 142, 356, 309, 267, 167, 219, 49, 494, 449, 309, 267, 73, 262, 215, 447, 111, 350, 487, 309, 376, 38, 72, 128, 292, 80, 346, 130, 66, 490, 447, 11, 467, 100, 206, 340, 191, 195, 439, 100, 194, 38, 72, 128, 292, 38, 72, 128, 292, 80, 346, 130, 135, 215, 447, 377, 444, 340, 222, 347, 467, 229, 112, 246, 50, 79, 38, 72, 169, 444, 252, 147, 326, 343, 101, 19, 40, 214, 96, 172, 486, 215, 331, 489, 383, 292, 299, 370, 254, 194, 77, 388, 40, 286, 480, 426, 484, 480, 278, 493, 396, 98, 434, 289, 476, 278, 257, 469, 135, 472, 183, 10, 355, 456, 248, 80, 43, 411, 420, 394, 469, 149, 65, 187, 271, 57, 22, 293, 308, 276, 497, 440, 254, 194, 77, 388, 40, 286, 12, 318, 364, 191, 472, 114, 116, 139, 8, 148, 192, 410, 249, 118, 248, 28, 144]
Tree:
None
Fitness on 5000 data:
-7.13047595353059

Fitness:
-6.790196849457271