Generation:
500

Phenotype:
u = u + bern(0.2); 
v = gm([29, 10, 1.7]) + v; 
if w != 16 { 
  if 24 * uniform([29, 0.8], 1) + uniform([12, 6], 1) < 21 { 
    w = 15 * 27 + 21  * uniform([17, 6], 4);
   } else { 
     w =  uniform([0, 9], 1); 
   } end if;
 } else { 
   w =  bern(0.2); 
 } end if;

Genotype:
[104, 139, 351, 28, 171, 6, 335, 1, 325, 21, 433, 166, 246, 494, 304, 134, 415, 373, 357, 93, 184, 436, 466, 494, 165, 357, 93, 121, 9, 210, 174, 184, 41, 186, 70, 120, 444, 304, 134, 415, 102, 32, 480, 392, 21, 400, 494, 105, 201, 306, 121, 455, 210, 172, 396, 41, 167, 417, 66, 250, 186, 466, 494, 28, 171, 6, 335, 1, 193, 21, 434, 222, 166, 246, 494, 304, 134, 264, 373, 357, 93, 184, 436, 466, 494, 448, 120, 444, 304, 134, 415, 102, 32, 480, 392, 21, 400, 494, 105, 201, 476, 121, 455, 210, 172, 396, 41, 35, 417, 66, 250, 186, 466, 494, 188, 219, 106, 245, 106, 245, 210, 174, 184, 41, 186, 70, 120, 444, 462, 134, 415, 102, 32, 480, 171, 6, 335, 1, 325, 21, 433, 166, 246, 494, 105, 357, 437, 121, 473, 210, 57, 184, 436, 466, 494, 105, 357, 93, 121, 9, 210, 174, 184, 41, 186, 70, 120, 444, 304, 134, 437, 121, 473, 210, 57, 184, 436, 466, 494, 105, 357, 93, 121, 9, 210, 174, 184, 41, 186, 70, 335, 1, 325, 21, 161, 166, 246, 494, 105, 105, 252, 437, 121, 455, 210, 57, 184, 436, 466, 494, 406, 357, 437, 121, 455, 210, 215, 184, 41, 186, 70, 120, 444, 304, 134, 415, 102, 32, 480, 337, 380, 466, 494, 182, 357, 466, 494, 105, 357, 93, 121, 9, 210, 174, 184, 41, 186, 70, 120, 444, 304, 134, 70, 120, 444, 304, 134, 415, 102, 32, 480, 337, 380, 466, 494, 105, 357, 437, 121, 455, 33, 396, 41, 414, 495, 303, 250, 186, 466, 494, 105, 357, 382, 33, 498, 189, 464, 498, 104, 336, 225, 19, 398, 250, 209, 466, 262, 55, 443, 382, 33, 498, 189, 464, 498, 104, 336, 225, 19, 312, 230, 473, 280, 258, 164, 299, 250, 186, 466, 494, 296, 475, 382, 33, 498, 189, 111, 366, 104, 336, 280, 258, 164, 299, 250, 186, 466, 494, 296, 475, 382, 33, 498, 189, 111, 366, 104, 336, 425, 19, 312, 230, 473, 280, 258, 164, 299, 1, 398, 250, 186, 466, 494, 219, 475, 382, 33, 498, 189, 111, 366, 104, 336, 395, 337, 67, 295, 475, 382, 33, 498, 189, 111, 60, 70, 85, 346, 23, 255, 65, 366, 104, 129, 249, 177, 178, 399, 206, 149, 191, 421, 260, 377, 304, 77, 87, 7, 223, 459, 466, 469, 379, 2, 280, 35, 12, 211, 373, 308, 13, 416, 458, 107, 28, 39, 168, 284, 152, 272, 332, 364, 435, 395, 337, 67, 347, 44, 297, 12, 211, 373, 308, 13, 3, 109, 424, 176, 241, 347, 97, 309, 33, 375, 294, 70, 447, 280, 97, 7, 13, 258, 59, 349, 113, 122, 393, 292, 421, 16, 243, 349, 22, 9, 435, 249, 216, 37, 171, 240, 166, 472, 125, 159, 297, 141, 343, 272, 233, 440, 0, 194, 372, 483, 180, 97, 318, 123, 254, 56, 466, 214, 189, 19, 324, 351, 10, 198, 161, 247, 310, 340, 26, 103, 82, 201]
Tree:
None
Fitness on 5000 data:
29.969059808666398

Fitness:
30.21081349386306