Generation:
500

Phenotype:
sigma = 7  * sigma;
if gm([20, 5, 8], [1.2, 10, 7.6]) >= 30 { 
   x = 19  * mu + 10; 
 } else { 
   sigma = gm([17.4, 4, 2]) + 9  * mu;
  mu = 19; 
 } end if;
x = gm([22, 20, 5]);
mu = gm([18.3, 21, 2.8]);

Genotype:
[36, 434, 148, 479, 202, 120, 205, 379, 297, 310, 481, 347, 403, 208, 200, 187, 347, 108, 330, 140, 67, 482, 225, 106, 435, 311, 469, 340, 444, 429, 255, 50, 130, 154, 237, 306, 89, 245, 340, 148, 236, 210, 312, 35, 48, 258, 446, 88, 206, 262, 481, 57, 85, 284, 37, 141, 12, 148, 4, 108, 188, 160, 381, 48, 393, 12, 328, 168, 402, 387, 233, 322, 453, 472, 132, 80, 282, 243, 334, 350, 492, 177, 276, 330, 382, 67, 255, 376, 403, 474, 330, 267, 310, 208, 455, 111, 92, 430, 486, 13, 2, 295, 175, 435, 285, 481, 369, 475, 140, 233, 312, 83, 258, 410, 35, 474, 170, 267, 136, 92, 124, 176, 366, 285, 481, 369, 234, 5, 82, 160, 103, 159, 448, 200, 188, 89, 455, 82, 456, 347, 375, 461, 467, 122, 361, 426, 474, 170, 435, 285, 205, 369, 475, 140, 233, 312, 83, 337, 298, 37, 51, 233, 399, 50, 237, 339, 9, 337, 295, 359, 317, 485, 475, 140, 208, 455, 82, 232, 347, 352, 367, 387, 497, 361, 226, 160, 48, 369, 393, 455, 376, 11, 4, 114, 295, 175, 435, 285, 481, 369, 475, 140, 233, 312, 83, 258, 410, 35, 474, 170, 267, 136, 92, 124, 176, 366, 285, 481, 369, 234, 5, 82, 160, 103, 159, 448, 200]
Tree:
None
Fitness on 5000 data:
-7.5704215941066675

Fitness:
-7.468541667662562