Generation:
500

Phenotype:
w = 24 * 11 + 24 * 12;
v = uniform([4, 9.3], 1) + 0 * 26;
if 2 * gm([10.8, 8.7, 7.5], [3.8, 20, 1]) + 6 * bern(0.2) > 17 { 
   w = bern(0.2)  - 20  * uniform([27, 2], 3); 
 } else { 
   u = bern(0.5); 
 } end if;
w = uniform([2, 8.4], 1);;

Genotype:
[293, 199, 62, 14, 497, 442, 164, 425, 396, 11, 119, 33, 86, 291, 246, 11, 181, 379, 384, 270, 66, 183, 164, 425, 472, 26, 15, 372, 88, 299, 181, 413, 7, 431, 467, 177, 19, 181, 289, 7, 431, 8, 177, 445, 348, 499, 200, 33, 158, 232, 168, 20, 146, 156, 28, 485, 68, 11, 181, 379, 203, 36, 66, 116, 164, 425, 396, 11, 181, 289, 237, 430, 182, 42, 118, 38, 438, 480, 36, 225, 372, 168, 87, 202, 135, 396, 101, 383, 423, 228, 62, 312, 331, 194, 417, 368, 184, 26, 424, 372, 34, 285, 232, 256, 181, 232, 256, 181, 289, 7, 431, 467, 177, 19, 348, 415, 200, 33, 411, 232, 168, 20, 146, 38, 86, 291, 68, 11, 181, 379, 384, 36, 66, 11, 181, 289, 144, 430, 182, 42, 118, 38, 438, 480, 36, 225, 372, 168, 68, 33, 114, 130, 220, 11, 157, 138, 418, 64, 118, 38, 216, 74, 362, 338, 487, 443, 32, 155, 464, 296, 87, 71, 261, 342, 487, 416]
Tree:
None
Fitness on 5000 data:
-5.455774968736997

Fitness:
-4.938378934472097