Generation:
500

Phenotype:
b = 24 * 28;
b = uniform([18, 18.7], 1)  - a;
b = 28 + gm([7.4, 28, 19.9]);
if a >= 19 { 
   b = 22 * 0  - 0  * a;
  a = a  - gm([2, 7.5, 0]);
  b = b  - b;
  a = 2 + gm([29, 0.1, 3]);
  b = gm([4, 2, 2.4]) + 4 * 27; 
 } else { 
   b = b  - b;
  a = 2 + gm([29, 0.1, 3]);
  b = gm([3.5, 3, 3.6]) + a; 
 } end if;;

Genotype:
[347, 391, 218, 347, 3, 204, 17, 93, 427, 152, 466, 64, 237, 11, 96, 452, 204, 113, 111, 285, 72, 462, 84, 124, 314, 190, 436, 93, 124, 314, 190, 28, 93, 427, 394, 399, 410, 237, 170, 462, 293, 267, 467, 432, 317, 465, 144, 4, 66, 264, 86, 360, 452, 204, 113, 111, 278, 440, 95, 84, 403, 289, 93, 219, 140, 20, 454, 74, 222, 443, 285, 72, 462, 288, 124, 314, 190, 436, 93, 317, 193, 500, 93, 64, 394, 399, 193, 284, 72, 135, 293, 267, 234, 349, 72, 296, 288, 124, 314, 190, 436, 93, 427, 394, 234, 432, 317, 465, 144, 4, 96, 264, 418, 360, 303, 4, 417, 454, 448, 124, 314, 190, 436, 93, 436, 93, 317, 193, 500, 89, 427, 394, 399, 193, 284, 72, 135, 293, 267, 234, 349, 72, 296, 288, 124, 314, 190, 436, 93, 427, 394, 234, 432, 317, 465, 144, 4, 96, 264, 418, 360, 303, 4, 417, 82, 448, 197, 3, 211, 132, 313, 225, 3, 293, 267, 267, 234, 432, 317, 465, 56, 17, 96, 264, 70, 92, 347, 3, 204, 113, 304, 114, 440, 95, 306, 440, 306, 391, 394, 112, 242, 443, 446, 47, 406, 152, 343, 203, 277, 388, 44, 138, 78, 112, 128]
Tree:
None
Fitness on 5000 data:
-5.273249333404928

Fitness:
-4.932678244747235