Generation:
500

Phenotype:
a = gm([1, 1, 1.9])  - a; 
if a < 0 { 
  b = 3 * a + gm([1,0.,1.]); 
 } else { 
  b = gm([1,8.,1.]); 
 } end if;

Genotype:
[92, 297, 444, 337, 26, 86, 318, 226, 76, 462, 156, 232, 497, 381, 63, 359, 318, 72, 164, 318, 414, 66, 136, 370, 435, 329, 101, 294, 249, 49, 167, 270, 425, 271, 120, 77, 182, 270, 261, 92, 28, 45, 84, 439, 264, 334, 481, 78, 164, 318, 109, 381, 63, 22, 78, 460, 76, 462, 78, 334, 481, 78, 164, 318, 109, 381, 63, 22, 78, 460, 76, 225, 78, 482, 457, 50, 169, 67, 417, 72, 107, 130, 78, 460, 76, 92, 202, 401, 269, 303, 437, 202, 401, 269, 136, 161, 472, 68, 339, 177, 205, 405, 371, 490, 424, 96]
Tree:
None
Fitness on 5000 data:
-3.7713470365808193

Fitness:
-3.3552809734328988