Generation:
500

Phenotype:
mu = 17  - 18  * sigma; 
sigma = uniform([21, 3], 1)  - 15  * mu; 
x = uniform([2, 19.5], 2) + 13;
mu = 18 + gm([0, 30, 29.8], [4, 3, 5]);
sigma = uniform([18, 3], 1)  - 17;;

Genotype:
[367, 362, 356, 390, 420, 133, 359, 372, 55, 377, 282, 251, 362, 356, 497, 420, 133, 356, 390, 420, 244, 342, 452, 64, 293, 298, 94, 29, 362, 356, 261, 362, 356, 390, 420, 133, 362, 356, 390, 420, 133, 251, 372, 217, 222, 30, 145, 215, 439, 34, 102, 252, 454, 251, 168, 377, 282, 356, 130, 346, 434, 261, 359, 328, 306, 29, 168, 356, 390, 420, 133, 359, 372, 109, 222, 30, 145, 215, 439, 34, 102, 229, 454, 251, 168, 377, 282, 356, 356, 390, 420, 133, 177, 372, 109, 314, 30, 145, 209, 439, 377, 282, 356, 130, 112, 434, 261, 359, 328, 306, 29, 168, 356, 390, 420, 133, 359, 372, 109, 222, 30, 145, 215, 439, 34, 102, 229, 454, 251, 168, 377, 282, 356, 356, 390, 420, 133, 177, 372, 109, 314, 30, 145, 209, 439, 34, 372, 109, 222, 120, 30, 145, 215, 439, 282, 356, 130, 112, 434, 261, 372, 453, 467, 490, 175, 114, 440, 192, 264, 28, 266, 165, 96, 128, 196, 306, 139, 214, 75, 399, 193, 27, 384, 29, 362, 17, 390, 420, 16, 383, 187, 352, 214, 125, 100, 145, 158, 476, 477, 482, 212, 451, 372, 234, 86, 132, 154, 21, 321, 323, 418, 238, 130, 330, 164, 468, 479, 211, 278, 293, 13, 334, 367, 152, 65, 168, 341, 433, 421, 178, 246]
Tree:
None
Fitness on 5000 data:
-7.381579548861619

Fitness:
-7.076329362233582