Generation:
500

Phenotype:
v = 11  - gm([8, 2.1, 3]);
w = uniform([22, 8], 2)  - 2  * gm([4.7, 21.1, 18.8]);
w = bern(0.7) + 7  * gm([4.2, 13, 3]);
w = bern(0.9) + 2  * gm([28.1, 2, 2]);
u = bern(0.3) + 15  * u;;

Genotype:
[56, 284, 480, 346, 259, 125, 299, 90, 42, 450, 389, 214, 30, 380, 145, 126, 126, 18, 34, 74, 346, 259, 125, 299, 90, 42, 115, 126, 196, 177, 34, 157, 177, 14, 157, 376, 231, 425, 145, 126, 91, 18, 34, 74, 470, 142, 44, 115, 321, 271, 177, 34, 348, 177, 14, 157, 407, 145, 8, 354, 18, 34, 74, 470, 142, 44, 115, 126, 271, 386, 34, 157, 177, 14, 157, 462, 189, 94, 64, 320, 467, 321, 98, 344, 75, 250, 471, 119, 20, 421, 449, 292, 321, 98, 344, 303, 352, 102, 58, 380, 34, 258, 96, 341, 116, 97, 330, 352, 94, 353, 150, 292, 321, 98, 344, 443, 74, 102, 58, 236, 75, 16, 449, 292, 321, 296, 344, 303, 352, 449, 292, 435, 96, 341, 116, 97, 330, 352, 94, 353, 150, 292, 321, 98, 344, 443, 74, 102, 58, 236, 452, 353, 150, 292, 321, 98, 344, 443, 74, 102, 58, 236, 452, 275, 418, 270, 115, 136, 238, 72, 359, 421, 150, 292, 321, 98, 344, 276, 115, 136, 238, 72, 359, 421, 150, 292, 321, 98, 116, 74, 46, 352, 177, 11, 420, 212, 330, 487]
Tree:
None
Fitness on 5000 data:
-5.482111587801577

Fitness:
-5.240335766819528