Generation:
500

Phenotype:
if johncalls == 0 { 
   burglary = burglary + 0; 
 } else { 
   alarm = earthquake + bern(0.8);
  johncalls = earthquake; 
 } end if;

Genotype:
[12, 104, 433, 328, 95, 256, 118, 368, 484, 83, 484, 118, 0, 484, 340, 279, 126, 29, 302, 174, 58, 73, 362, 262, 121, 376, 73, 376, 108, 374, 362, 167, 270, 248, 58, 73, 361, 108, 384, 392, 492, 378, 70, 110, 50, 117, 116, 254, 494, 276, 60, 289, 134, 474, 181, 353, 56, 456, 293, 105, 270, 446, 293, 111, 194, 128, 427, 336, 209, 125, 324, 219, 187, 112, 18, 295, 341, 56, 437, 250, 133, 399, 371, 188, 50, 387, 270, 356, 484, 86, 128, 456, 116, 316, 91, 73, 247, 387, 330, 421, 233, 179, 322, 253, 197, 434, 283, 411, 466, 57, 469, 469, 0, 475, 418, 33, 20, 106, 135, 149, 323, 196, 206, 417, 232, 26, 139, 80, 80, 138, 413, 301, 333, 160, 330, 480, 449, 171, 111, 111, 90, 166, 243, 158, 249, 374, 381, 5, 339, 427, 391, 373, 16, 500, 453, 295, 72, 452, 356, 55, 453, 168, 108, 298, 152, 125, 142, 322, 179, 267, 350, 380, 318]
Tree:
None
Fitness on 5000 data:
-inf

Fitness:
0.0