Generation:
500

Phenotype:
a = 2 * 10;
b = gm([11, 6.9, 5.9])  - 0 * 19;
a = gm([0.1, 13, 4.7], [6, 0.8, 2]);;

Genotype:
[415, 235, 174, 264, 380, 186, 92, 49, 498, 196, 412, 434, 35, 23, 201, 475, 380, 186, 166, 49, 347, 323, 291, 191, 26, 314, 199, 465, 298, 321, 156, 407, 144, 51, 6, 175, 237, 69, 279, 315, 436, 354, 193, 128, 357, 400, 26, 223, 441, 465, 232, 454, 436, 494, 144, 51, 6, 223, 237, 465, 440, 336, 495, 439, 280, 469, 472, 262, 77, 403, 261, 292, 128, 8, 304]
Tree:
None
Fitness on 5000 data:
-5.4799785649398975

Fitness:
-4.978652267269383