Generation:
500

Phenotype:
skill1 = gm([27, 21, 3.1], [4, 17.8, 2]); 
skill2 = uniform([7, 24.1], 1)  - 15  * skill2; 
if p1wins != 29 { 
  p1wins = p1wins + bern(0.6);
 } else { 
  p1wins = uniform([14, 7], 3) + uniform([4, 17.7], 1); 
 } end if;

Genotype:
[15, 261, 276, 365, 421, 488, 492, 342, 21, 77, 3, 18, 486, 298, 500, 247, 482, 295, 136, 498, 386, 234, 474, 224, 31, 458, 342, 0, 235, 263, 104, 373, 174, 26, 69, 153, 457, 348, 112, 458, 486, 59, 356, 142, 168, 498, 386, 234, 474, 18, 486, 298, 500, 247, 482, 393, 136, 498, 386, 174, 386, 69, 153, 457, 348, 112, 458, 486, 59, 174, 51, 29, 69, 69, 321, 457, 321, 457, 271, 49, 111, 378, 444, 443, 402, 421, 126, 116, 500, 340, 212, 104, 389, 491, 69, 261, 153, 457, 37, 49, 111, 378, 444, 443, 402, 320, 104, 340, 491, 69, 153, 457, 37, 49, 111, 153, 457, 37, 49, 111, 378, 444, 443, 402, 320, 263, 367, 190, 340, 491, 69, 309, 263, 212, 136, 174, 386, 69, 153, 457, 435, 136, 458, 486, 59, 500, 247, 168, 37, 49, 150, 489, 5, 37, 328, 486, 298, 500, 247, 168, 421, 291, 259, 43, 111, 468, 444, 443, 402, 34, 76, 393, 57, 458, 69, 280, 467, 88, 212, 104, 340, 491, 69, 69, 153, 457, 37, 49, 111, 378, 444, 443, 402, 320, 104, 340, 491, 69, 153, 457, 37, 49, 111, 378, 444, 443, 402, 320, 263, 212, 190, 340, 491, 69, 309, 457, 37, 49, 111, 468, 444, 443, 402, 164, 76, 393, 57, 458, 69, 280, 467, 88, 172, 51, 126, 259, 150, 489, 77, 37, 71, 486, 59, 500, 247, 168, 70, 382, 444, 191, 491, 15, 280, 467, 88, 172, 51, 249, 203, 203, 384, 173, 61, 128, 17, 421, 126, 259, 150, 489, 77, 37, 323, 486, 298, 340, 293, 75, 208, 263, 212, 142, 340, 491, 69, 309, 457, 37, 49, 111, 468, 444, 443, 402, 164, 6, 393, 57, 491, 69, 309, 457, 187, 29, 77, 72, 118, 457, 243, 0, 478, 178, 490, 256, 138, 476, 177, 107, 135, 236, 45, 467, 499, 172, 51, 249, 203, 203, 170, 200, 81, 229, 401, 487, 408, 265, 61, 388, 173, 207, 108, 287, 182, 278, 428, 436, 461, 481, 6, 64, 360, 449, 435, 262, 80, 204, 337, 70, 382, 444, 191, 172, 68, 33, 398, 58, 494, 31, 208, 351, 156, 197, 314, 148, 350, 296, 356, 134, 91, 142, 131, 130, 155, 87, 88, 338, 249, 138, 38, 153, 298, 387, 0, 466, 314, 436, 208, 156, 237, 284, 131, 227, 48, 420, 85, 82, 374, 41, 69, 21, 171, 45, 488, 337]
Tree:
None
Fitness on 5000 data:
-6.900995971206824

Fitness:
-6.289569806185654