Generation:
500

Phenotype:
u = bern(0.2) + 0; 
 v = bern(0.9) + 0; 
 w = bern(0.1); 
  if bern(0.5) < 1 { 
       if v == 1{ 
             x = bern(0.4)  - 0; 
       } else { 
             x = bern(0.1) + w; 
       } end if; 
 } else { 
       if u == 0{ 
             x = 1; 
       } else { 
             x = bern(0.3); 
       } end if; 
 } end if;

Genotype:
[239, 277, 294, 101, 379, 379, 306, 454, 260, 431, 332, 401, 232, 435, 332, 231, 126, 231, 98, 379, 148, 20, 351, 96, 213, 74, 185, 452, 266, 401, 399, 231, 476, 379, 148, 273, 351, 136, 426, 142, 324, 496, 168, 306, 408, 447, 269, 33, 56, 291, 299, 234, 23, 227, 56, 232, 359, 174, 238, 290, 31, 290, 31, 259, 142, 260, 453, 148, 20, 110, 431, 359, 379, 246, 368, 416, 373, 238, 290, 31, 259, 142, 96, 213, 477, 241, 289, 247, 362, 332, 408, 27, 299, 447, 494, 66, 477, 151, 289, 247, 362, 332, 408, 27, 299, 447, 92, 259, 433, 124, 58, 459, 92, 259, 433, 124, 462, 281, 232, 435, 332, 349, 341, 113, 217, 214, 225, 25, 211, 424, 123, 289, 243, 324, 496, 168, 306, 31, 457, 273, 342, 261, 462, 98, 462, 417, 60, 16]
Tree:
None
Fitness on 5000 data:
-1.696520625287417

Fitness:
-1.5374072578523377