Generation:
500

Phenotype:
skill1 = bern(0.6) + 15  * gm([5.8, 14, 16], [9.7, 26.4, 3], [23.2, 23.4, 15], [15, 13.2, 16], [22, 26.2, 22.7], [3, 11, 21]); 
skill2 = gm([25, 21, 3.2])  - cond;
skill1 = gm([4, 4, 6.1]) + 16; 
if gm([18, 3, 11]) > 26 { 
  p1wins = 1;
 } else { 
   p1wins = 0; 
 } end if;

Genotype:
[36, 130, 381, 27, 374, 82, 201, 61, 99, 37, 408, 340, 418, 479, 202, 357, 281, 5, 381, 348, 51, 367, 480, 366, 406, 249, 195, 302, 46, 137, 364, 426, 266, 263, 149, 482, 201, 61, 199, 46, 404, 202, 259, 460, 208, 367, 274, 118, 265, 456, 96, 80, 364, 282, 224, 321, 78, 207, 167, 390, 329, 344, 410, 87, 338, 52, 171, 282, 181, 495, 196, 91, 282, 404, 27, 480, 202, 216, 169, 208, 174, 283, 500, 376, 145, 192, 306, 455, 406, 109, 457, 274, 118, 265, 456, 96, 80, 364, 282, 224, 321, 171, 367, 181, 495, 196, 191, 12, 88, 152, 47, 119, 177, 202, 216, 169, 208, 174, 491, 500, 376, 145, 473, 306, 455, 406, 454, 457, 353, 220]
Tree:
None
Fitness on 5000 data:
-6.722737841650716

Fitness:
-5.732608069783827