Generation:
500

Phenotype:
skill1 = skill2 + gm([21.7, 18.6, 4]); 
skill2 = gm([11, 19.4, 5.8], [1, 12, 4.8], [29, 18.3, 4], [6.9, 17, 5.6]); 
if skill2 + uniform([29, 19.5], 2) + 9 * uniform([11, 3], 1) + 13 * skill1 + bern(0.7) + p1wins <= 13 { 
  p1wins = 29  * bern(0.5)  - 18  * bern(0.7);
 } else { 
  p1wins = bern(0.6); 
 } end if;

Genotype:
[245, 418, 141, 56, 343, 147, 393, 376, 121, 52, 60, 237, 297, 185, 76, 128, 276, 315, 285, 35, 462, 166, 11, 112, 39, 195, 315, 106, 399, 422, 373, 44, 74, 393, 376, 376, 391, 52, 60, 395, 297, 74, 76, 128, 36, 315, 285, 35, 474, 358, 11, 191, 266, 195, 59, 180, 88, 166, 373, 2, 366, 91, 249, 453, 391, 161, 225, 263, 195, 166, 11, 112, 128, 276, 49, 285, 323, 276, 342, 11, 112, 263, 195, 350, 26, 340, 419, 233, 44, 20, 91, 246, 135, 490, 445, 204, 487, 249, 423, 102, 423, 86, 143, 160, 251, 173, 86, 224, 294, 316, 383, 334, 442, 365, 110, 429, 418, 455, 259, 200, 319, 432, 38, 358, 449, 48, 314, 266, 87, 139, 450, 96, 23, 411, 149, 257, 440, 5, 428, 169, 144, 204, 469, 453, 365, 223, 183, 59, 28, 182, 348, 324, 393, 101, 369, 41, 34, 456, 123, 402, 460, 85, 310, 438, 480, 25, 480, 123, 263, 216, 490]
Tree:
None
Fitness on 5000 data:
-6.310740678841728

Fitness:
-6.156423213931527