Generation:
500

Phenotype:
skill1 = gm([4.7, 21, 5]); 
skill2 = gm([10, 5, 3]);
skill2 = gm([14.6, 20, 5.1]); 
if 0 * gm([16, 18, 6]) <= 7 { 
  p1wins = 1;
 } else { 
   p1wins = 0; 
 } end if;

Genotype:
[60, 336, 285, 333, 224, 111, 35, 15, 266, 176, 388, 98, 426, 102, 437, 418, 246, 382, 202, 346, 266, 468, 336, 294, 426, 265, 357, 285, 333, 246, 77, 355, 320, 266, 51, 315, 222, 99, 207, 440, 357, 310, 333, 246, 382, 202, 346, 266, 468, 285, 333, 224, 111, 266, 35, 15, 266, 176, 152, 98, 284, 102, 285, 418, 246, 222, 99, 207, 492, 412, 29, 309, 321, 222, 132, 207, 201, 61, 290, 309, 300, 118, 378, 266, 51, 315, 222, 99, 207, 180, 412, 29, 309, 321, 222, 132, 207, 201, 61, 290, 309, 300, 461, 239, 66, 312, 73, 102, 102, 254, 470, 118, 246, 77, 355, 378, 266, 333, 246, 77, 355, 15, 34, 442, 84, 40, 46, 153, 108, 392, 246, 4, 74, 394, 230, 71, 387, 66, 101, 285, 333, 246, 111, 355, 15, 266, 497, 194, 138, 339, 228, 39, 447, 483, 230, 483, 309, 300, 38, 387, 66, 101, 109, 259, 300, 369, 387, 434, 355, 15, 266, 99, 315, 222, 53, 207, 360, 426, 478, 419, 447, 262, 187, 466, 276, 279, 407, 468, 156, 152, 122, 116, 180, 467, 338, 86, 232, 259, 96, 414, 384, 381, 424, 285, 336, 320, 427, 12, 433, 258, 406, 371, 337, 98]
Tree:
None
Fitness on 5000 data:
-6.37767128954511

Fitness:
-5.858489603482358