Generation:
500

Phenotype:
skill1 = gm([13.4, 0.6, 2], [7.7, 3.2, 2.1]) + uniform([13, 9], 3); 
skill2 = gm([24, 20, 4], [2, 19, 13.5]); 
if p1wins == 5 { 
  p1wins = 13  * uniform([18, 25.3], 4);
 } else { 
  p1wins = bern(0.5); 
 } end if;

Genotype:
[300, 247, 459, 137, 421, 117, 416, 291, 125, 155, 491, 4, 374, 12, 67, 348, 78, 363, 65, 406, 263, 312, 72, 468, 486, 385, 48, 404, 206, 0, 321, 493, 167, 204, 365, 320, 268, 184, 500, 376, 76, 157, 200, 329, 467, 44, 121, 320, 80, 234, 284, 297, 385, 106, 346, 390, 409, 242, 209, 411, 12, 339, 471, 346, 86, 5, 150, 59, 242, 52, 411, 12, 339, 459, 346, 86, 5, 150, 59, 397, 121, 35, 18, 333, 342, 84, 5, 297, 371, 189, 256, 444, 8, 305, 438, 260, 284, 281, 70, 469, 275, 483, 427, 493, 464, 474, 105, 344, 188, 358, 129, 182, 45, 43, 167, 316, 225, 433, 209, 401, 286, 254, 56, 223, 179, 143, 465, 185, 361, 255, 218, 423, 390, 71, 86, 390, 157, 84, 15, 372, 234, 154, 498, 59, 445, 17, 491, 456, 122, 434, 179, 242, 197, 109, 387, 434, 74, 246, 372, 488, 420, 228, 162, 353]
Tree:
None
Fitness on 5000 data:
-6.489908756356033

Fitness:
-6.117562622010158