Generation:
500

Phenotype:
mu = uniform([13, 11.5], 1); 
sigma = 5 * 26; 
x = uniform([14, 13.2], 1) + 23  * x;
sigma = uniform([0, 3], 1);;

Genotype:
[15, 330, 39, 218, 354, 267, 290, 220, 276, 138, 329, 397, 191, 88, 178, 468, 65, 107, 387, 168, 154, 88, 397, 85, 156, 26, 351, 98, 234, 370, 483, 336, 344, 403, 26, 362, 132, 294, 218, 246, 497, 78, 240, 276, 138, 186, 35, 178, 468, 483, 204, 330, 294, 218, 354, 460, 78, 240, 291, 138, 10, 266, 236, 319, 411, 484, 35, 178, 58, 218, 354, 411, 300, 240, 58, 218, 354, 497, 198, 240, 276, 138, 329, 397, 63, 240, 58, 483, 204, 206, 156, 26, 362, 354, 497, 78, 337, 395, 497, 78, 337, 244, 100, 42, 144, 155, 346, 434, 300, 240, 74, 132, 128, 235, 173, 432, 121, 49]
Tree:
None
Fitness on 5000 data:
-7.078886085428142

Fitness:
-6.4716498154453