Generation:
500

Phenotype:
skill1 = 4  * bern(0.7) + 13  * skill1; 
skill2 = gm([4.7, 25.7, 10.5], [26, 18, 2]) + bern(0.9); 
p1wins = bern(0.1)  - cond;
skill1 = gm([11.1, 9.6, 2.4]) + gm([3, 10.5, 2.4]);;

Genotype:
[286, 163, 58, 438, 23, 483, 481, 292, 484, 224, 274, 312, 457, 427, 383, 469, 168, 381, 459, 213, 201, 289, 454, 392, 0, 212, 280, 80, 280, 281, 288, 139, 215, 281, 426, 171, 225, 378, 24, 255, 270, 394, 387, 224, 274, 312, 457, 328, 213, 352, 18, 29, 288, 473, 215, 281, 426, 171, 225, 228, 24, 158, 447, 10, 139, 215, 281, 426, 171, 225, 378, 24, 53, 24, 483, 125, 49, 299, 486, 288, 139, 215, 281, 426, 171, 225, 378, 24, 255, 447, 394, 359, 426, 80, 78, 163, 383, 298, 416, 381, 276, 356, 201, 47, 454, 225, 378, 139, 233, 281, 426, 171, 426, 80, 378, 298, 474, 282, 276, 58, 288, 139, 215, 281, 426, 171, 225]
Tree:
None
Fitness on 5000 data:
-6.741797228063028

Fitness:
-5.95340670104313