Generation:
500

Phenotype:
skill1 = gm([15, 19.1, 5], [27.1, 18, 3.5]) + 28  * skill2; 
skill2 = 30 * 2; 
p1wins = 27  * skill1  - 13;
p1wins = bern(0.3);
skill2 = 23  * p1wins  - 11  * bern(0.6);
skill2 = gm([16.1, 18, 6]);;

Genotype:
[62, 229, 66, 413, 181, 426, 232, 63, 112, 315, 84, 129, 256, 427, 368, 27, 376, 328, 99, 468, 13, 364, 400, 168, 325, 492, 86, 333, 216, 219, 83, 325, 492, 364, 369, 272, 4, 13, 346, 162, 82, 86, 333, 216, 219, 83, 70, 224, 322, 407, 235, 364, 400, 275, 325, 11, 307, 230, 465, 6, 63, 112, 315, 270, 129, 256, 427, 481, 27, 376, 328, 202, 99, 36, 263, 331, 166, 329, 448, 486, 395, 203, 330, 1, 497, 69, 362, 118, 469, 379, 104, 349, 371, 404, 300, 176, 82, 86, 333, 216, 219, 83, 70, 224, 322, 407, 346, 364, 400, 275, 325, 492, 307, 224, 42, 78, 470, 35, 90, 394, 25, 275, 446, 299, 331, 166, 104, 379, 16, 257, 89, 243, 352, 263, 362, 145, 468, 378, 439, 458, 105, 290, 184, 476, 26, 150, 432, 463, 322, 270, 135, 135, 70, 224, 322, 407, 346, 364, 400, 275, 325, 492, 307, 224, 42, 78, 470, 35, 90, 394, 25, 275, 446, 299, 331, 166, 104, 379, 16, 257, 89, 243, 352, 263, 362, 145, 468, 378, 439, 458, 105, 290, 184, 476, 26, 150, 432, 463, 322, 270, 135, 135, 134, 313, 120, 136, 420, 357, 282, 238, 143, 434, 103, 352, 221, 151, 112, 264, 470, 75, 256, 466, 173, 11, 52, 56, 393, 92, 167, 358, 415, 306, 11, 166, 228, 447, 49, 50]
Tree:
None
Fitness on 5000 data:
-6.616806568726154

Fitness:
-6.349534536716667