Generation:
500

Phenotype:
mu = 5; 
sigma = 1  * gm([15.8, 2, 1]); 
x = x + 1  * gm([0, 5, 16.4], [29, 21, 3]);
mu = gm([18, 19, 3]);;

Genotype:
[189, 51, 89, 162, 346, 96, 247, 280, 298, 12, 443, 418, 43, 494, 33, 312, 1, 118, 297, 300, 407, 286, 1, 283, 209, 8, 310, 78, 36, 1, 357, 462, 290, 388, 246, 108, 52, 248, 282, 345, 322, 387, 477, 231, 477, 388, 290, 214, 111, 198, 19, 22, 282, 162, 346, 96, 247, 280, 298, 89, 162, 346, 96, 247, 280, 298, 12, 443, 418, 193, 494, 33, 312, 1, 118, 297, 300, 407, 286, 397, 283, 209, 8, 310, 330, 36, 1, 357, 338, 290, 60, 246, 108, 52, 22, 282, 151, 192, 191, 173, 460, 144, 1, 357, 173, 460, 144, 1, 147, 388, 290, 214, 111, 198, 52, 22, 282, 151, 192, 191, 173, 460, 144, 1, 357, 148, 290, 214, 111, 198, 52, 22, 282, 345, 88, 173, 172, 223, 1, 128, 69, 151, 192, 391, 173, 460, 223, 1, 357, 338, 210, 214, 111, 198, 52, 22, 282, 345, 88, 387, 30, 231, 128, 500, 53, 57, 28, 306, 121, 241, 40, 1, 126, 414, 58, 248, 93, 366, 407, 214, 111, 198, 52, 69, 383, 48, 283, 53, 270, 310, 182, 172, 390, 143, 215, 69, 151, 192, 191, 173, 460, 223, 1, 357, 338, 290, 214, 111, 198, 52, 22, 282, 111, 198, 52, 22, 282, 345, 88, 387, 30, 391, 173, 460, 223, 1, 357, 338, 210, 391, 111, 198, 52, 22, 282, 345, 173, 172, 223, 1, 128, 69, 151, 192, 391, 173, 460, 223, 1, 357, 338, 210, 214, 111, 108, 443, 418, 178, 33, 154, 206, 407, 173, 162, 283, 33, 8, 299, 182, 172, 223, 1, 215, 69, 151, 192, 191, 173, 460, 144, 1, 357, 187, 290, 214, 111, 198, 52, 22, 282, 345, 88, 173, 172, 223, 1, 128, 69, 151, 192, 391, 173, 460, 223, 1, 357, 338, 210, 214, 111, 198, 52, 22, 282, 345, 88, 387, 30, 231, 128, 500, 53, 57, 28, 306, 121, 241, 40, 1, 126, 414, 58, 248, 93, 366, 407, 214, 111, 198, 52, 69, 383, 48, 283, 53, 270, 310, 182, 172, 390, 143, 215, 69, 151, 192, 191, 173, 460, 223, 1, 357, 338, 290, 93, 366, 407, 499, 115, 481, 158, 275, 345, 345, 88, 387, 30, 231, 128, 500, 30, 391, 173, 460, 223, 1, 357, 338, 210, 391, 111, 198, 52, 22, 282, 345, 173, 172, 223, 1, 128, 69, 151, 192, 391, 173, 460, 223, 1, 357, 338, 210, 214, 111, 108, 443, 418, 178, 33, 154, 206, 407, 173, 162, 283, 33, 8, 299, 182, 172, 223, 1, 215, 69, 151, 192, 191, 173, 460, 144, 1, 357, 187, 290, 214, 111, 383, 48, 283, 53, 270, 310, 182, 172, 390, 143, 215, 69, 151, 192, 191, 173, 460, 223, 1, 357, 338, 290, 93, 366, 407, 499, 115, 481, 158, 275, 345, 345, 88, 387, 30, 231, 128, 500, 30, 391, 173, 460, 223, 1, 357, 338, 210, 391, 111, 198, 52, 22, 282, 345, 173, 172, 223, 1, 128, 69, 151, 192, 391, 173, 460, 223, 1, 357, 338, 210, 214, 111, 108, 443, 418, 178, 33, 154, 206, 407, 173, 162, 283, 33, 8, 299, 182, 172, 223, 1, 215, 69, 151, 192, 191, 173, 460, 144, 1, 357, 187, 290, 214, 111, 198, 52, 22, 282, 345, 88, 173, 172, 223, 1, 128, 69, 151, 192, 391, 173, 460, 223, 1, 357, 338, 210, 214, 111, 198, 52, 22, 282, 345, 88, 387, 30, 231, 128, 500, 53, 57, 28, 306, 121, 241, 40, 1, 126, 414, 58, 248, 93, 366, 407, 214, 111, 198, 52, 69, 383, 48, 283, 53, 270, 310, 182, 172, 390, 143, 215, 69, 151, 192, 191, 173, 460, 223, 1, 357, 338, 290, 93, 366, 407, 499, 115, 481, 158, 275, 345, 345, 88, 387, 30, 231, 128, 500, 53, 57, 28, 306, 121, 241, 40, 1, 126, 414, 58, 248, 93, 366, 407, 214, 111, 198, 52, 69, 383, 48, 283, 53, 270, 310]
Tree:
None
Fitness on 5000 data:
-6.892812386690118

Fitness:
-6.479907716574659