Generation:
500

Phenotype:
u = bern(0.9)  - u; 
 v = u; 
 w = bern(0.1) + 0; 
 x = bern(0.6); 
 u = bern(0.3);

Genotype:
[452, 404, 444, 193, 260, 304, 260, 304, 189, 56, 404, 444, 184, 60, 305, 468, 157, 248, 240, 332, 135, 248, 240, 468, 471, 332, 18, 300, 305, 137, 157, 248, 240, 332, 248, 9, 68, 146, 264, 176, 330, 450, 184, 332, 72, 372, 176, 497, 430, 184, 300, 305, 137, 316, 248, 308, 68, 146, 372, 176, 401]
Tree:
None
Fitness on 5000 data:
-1.992506021350143

Fitness:
-1.739206616340396