Generation:
500

Phenotype:
a = gm([19, 1, 1.8])  - b; 
if b <= 13 { 
  b = gm([27, 2, 4], [3, 22.9, 13]) + 2  * a; 
 } else { 
  b = 1  * gm([11, 13, 20]); 
 } end if;

Genotype:
[11, 137, 375, 337, 72, 106, 112, 462, 311, 185, 63, 151, 270, 102, 333, 197, 76, 416, 183, 51, 457, 106, 112, 462, 310, 185, 488, 151, 136, 33, 270, 345, 6, 442, 375, 337, 115, 197, 76, 416, 463, 33, 270, 102, 6, 292, 156, 172, 102, 6, 197, 76, 416, 448, 51, 318, 102, 6, 197, 76, 416, 183, 230, 448, 106, 112, 462, 448, 11, 112, 462, 311, 185, 63, 151, 7, 172, 388, 163, 6, 197, 76, 416, 183, 51, 72, 106, 428, 375, 61, 91, 157, 428, 258, 191, 75, 61, 91, 40, 76, 416, 183, 51, 491, 272, 265, 381, 306, 157, 428, 375, 61, 91, 40, 203, 266, 451, 157, 428, 258, 191, 75, 491, 477, 392, 492, 71, 197, 76, 76, 416, 183, 51, 471, 272, 265, 457, 306, 148, 18, 78, 459, 314, 91, 75, 491, 477, 392, 492, 375, 61, 91, 132, 70, 91, 302, 70, 317, 400, 191, 73, 75, 9, 392, 492, 349, 42, 430, 486, 401, 492, 349, 42, 430, 486, 401, 92, 341, 435, 172, 302, 420, 374, 221, 92, 347, 200, 91, 376, 19, 408, 237, 304, 167, 385, 283, 84, 414, 1, 128, 451, 113, 337, 72, 106, 112, 462, 451, 148, 205, 439, 483, 139, 221, 92, 347, 200, 91, 199, 40, 203, 266, 147, 148, 205, 439, 483, 139, 221, 92, 347, 200, 91, 376, 19, 408, 191, 235, 442, 458, 302, 420, 238, 93, 453, 379, 90, 81, 449, 496, 243, 407, 292, 407, 12, 149, 371, 45, 370, 134, 166, 37, 134, 121, 358, 148, 287, 15, 500, 343, 60, 477, 212, 405, 100, 74, 409, 344, 46, 344, 458, 405, 338, 239, 150, 196, 186, 65, 111, 450, 453, 480, 202, 383, 70, 249, 75, 328, 176, 443, 188, 362, 215, 212, 398, 273, 464, 312, 154, 206, 89, 169, 289, 19, 199, 99, 219, 154, 338, 13, 490, 105, 179, 486, 259, 268, 252, 405, 162, 17, 44, 117, 455, 332, 342, 226, 306, 282, 414, 270, 450, 445, 34, 76, 417, 488, 213, 38, 180, 98, 172, 7, 24, 476, 221, 276, 148, 445, 189, 25, 159, 242, 297, 348, 314, 439, 203, 236, 470, 149, 391, 415, 344, 372, 457, 61, 498, 302, 317, 477, 347, 160, 187, 250, 373, 168, 156, 269, 105, 426, 6, 433, 495, 69, 480, 375, 54, 295, 474, 424, 107, 28, 483, 137, 457, 124]
Tree:
None
Fitness on 5000 data:
-4.7280041331789295

Fitness:
-4.604024208312586