Generation:
500

Phenotype:
u = v + bern(0.2); 
v = v + gm([27.9, 26.4, 26]); 
if uniform([2, 3.5], 1) < 15 { 
  if gm([2, 27.1, 25]) + 1 * v > 23 { 
    w = gm([12.5, 6.5, 3]) + bern(0.2);
   } else { 
     w =  uniform([3, 4.5], 1) + bern(0.7); 
   } end if;
 } else { 
   w =  u; 
 } end if;

Genotype:
[258, 364, 387, 316, 262, 342, 95, 469, 58, 114, 468, 490, 294, 313, 366, 223, 151, 395, 217, 88, 129, 444, 429, 483, 316, 74, 342, 95, 485, 3, 4, 400, 484, 294, 337, 123, 418, 429, 268, 342, 95, 469, 58, 495, 400, 180, 294, 313, 32, 240, 337, 339, 240, 490, 294, 313, 450, 337, 353, 130, 497, 130, 364, 294, 313, 429, 387, 316, 304, 342, 294, 313, 3, 4, 400, 484, 294, 207, 123, 171, 429, 268, 342, 95, 469, 58, 495, 342, 95, 469, 58, 495, 400, 180, 294, 313, 32, 240, 337, 339, 240, 490, 140, 313, 450, 337, 353, 130, 497, 130, 364, 294, 313, 429, 387, 316, 304, 342, 294, 313, 418, 455, 268, 342, 95, 89, 58, 495, 400, 180, 294, 313, 187, 205, 3, 262, 342, 495, 400, 224, 342, 95, 485, 3, 4, 400, 484, 294, 400, 224, 294, 153, 238, 342, 95, 469, 58, 495, 400, 180, 294, 313, 32, 240, 337, 339, 240, 114, 468, 490, 294, 313, 366, 223, 353, 130, 217, 88, 129, 444, 429, 483, 316, 400, 490, 294, 313, 159, 337, 353, 130, 466, 352, 129, 444, 429, 483, 316, 245, 381, 444, 429, 483, 316, 268, 337, 339, 240, 490, 294, 469, 58, 495, 400, 224, 294, 337, 238, 418, 429, 224, 294, 130, 217, 88, 400, 224, 294, 153, 238, 130, 131, 88, 97, 88, 129, 418, 429, 483, 316, 268, 342, 95, 156, 58, 495, 400, 224, 294, 130, 217, 88, 129, 418, 429, 387, 217, 88, 129, 148, 426, 387, 316, 224, 342, 88, 129, 88, 313, 32, 240, 337, 353, 130, 495, 429, 483, 316, 268, 342, 95, 469, 58, 495, 400, 224, 294, 337, 238, 418, 429, 469, 58, 342, 95, 469, 58, 495, 400, 18, 294, 313, 32, 240, 278, 353, 130, 217, 88, 129, 444, 429, 483, 316, 268, 342, 95, 469, 58, 495, 400, 224, 294, 337, 246, 418, 429, 175, 316, 141, 310, 95, 350, 386, 495, 400, 224, 238, 418, 429, 387, 316, 268, 342, 95, 350, 299, 495, 400, 483, 428, 130, 131, 460, 129, 88, 364, 58, 495, 400, 210, 294, 129, 294, 313, 32, 240, 337, 353, 130, 217, 88, 129, 418, 429, 483, 316, 268, 342, 162, 469, 58, 495, 400, 224, 294, 337, 238, 418, 429, 175, 316, 268, 342, 95, 467, 58, 495, 400, 224, 294, 337, 238, 418, 429, 350, 299, 495, 400, 224, 88, 495, 400, 32, 240, 337, 353, 130, 217, 368, 129, 418, 429, 483, 316, 268, 342, 95, 469, 58, 495, 400, 224, 294, 337, 238, 418, 429, 175, 316, 268, 310, 95, 350, 299, 495, 400, 224, 238, 418, 429, 387, 316, 268, 240, 337, 353, 130, 217, 291, 129, 418, 418, 86, 240, 472, 353, 130, 217, 88, 129, 418, 429, 483, 316, 268, 342, 95, 469, 58, 495, 400, 224, 294, 337, 238, 418, 429, 444, 316, 268, 310, 95, 350, 299, 495, 400, 224, 238, 418, 429, 387, 316, 326, 180, 304, 294, 42, 485, 427, 421, 50, 227, 369, 450, 188, 93, 221, 326, 310, 238, 461, 105]
Tree:
None
Fitness on 5000 data:
24.827089870452642

Fitness:
25.069857502393482