Generation:
500

Phenotype:
mu = uniform([14, 11.4], 1) + sigma;
sigma = 17 + gm([27.9, 1, 11.9]);
sigma = 12  - uniform([7, 5], 1);
x = 13  * x + uniform([14, 15.9], 1);

Genotype:
[21, 388, 486, 276, 441, 151, 444, 11, 479, 399, 445, 309, 348, 141, 387, 1, 492, 479, 169, 445, 299, 348, 141, 387, 1, 492, 399, 337, 242, 338, 94, 415, 42, 377, 317, 358, 184, 337, 242, 11, 94, 415, 42, 176, 317, 432, 184, 340, 423, 174, 97, 284, 160, 10, 416, 456, 470, 147, 395, 479, 301, 77, 242, 356, 94, 415, 42, 176, 317, 432, 184, 365, 423, 174, 97, 284, 160, 208, 273, 456, 470, 384, 395, 479, 75, 77, 174, 348, 141, 6, 337, 69, 271, 416, 388, 337, 297, 432, 141, 226, 417, 58, 210, 284, 416, 253, 337, 457, 338, 87, 252, 170, 210, 419, 479, 170, 210, 419, 479, 75, 77, 174, 348, 141, 69, 1, 416, 396, 337, 323, 338, 172, 415, 42, 494, 317, 432, 141, 477, 417, 58, 210, 200, 160, 208, 273, 456, 470, 6, 337, 69, 115, 416, 253, 110, 77, 432, 166, 442, 403, 446, 334, 377, 104, 373, 337, 457]
Tree:
None
Fitness on 5000 data:
-6.950529651398683

Fitness:
-6.67543901412399