Generation:
500

Phenotype:
u = 9; 
v = gm([20, 11, 2.4]) + v; 
w = gm([29.6, 8.5, 2.1], [0, 2, 23])  - 2  * bern(0.9);
u = bern(0.3);;

Genotype:
[452, 147, 41, 206, 226, 109, 318, 61, 226, 428, 175, 110, 290, 7, 343, 192, 285, 120, 463, 446, 417, 221, 97, 455, 122, 491, 59, 318, 31, 461, 2, 144, 232, 326, 465, 426, 498, 460, 426, 451, 343, 231, 440, 465, 426, 451, 87, 87, 318, 31, 461, 2, 144, 232, 106, 111, 498, 465, 426, 451, 212, 231, 440, 465, 426, 451, 117, 420, 411, 27, 210, 269, 213, 62, 362, 336, 129, 483, 191, 191, 191, 105, 69, 460, 17, 394, 81, 117, 273, 203, 0, 109, 318, 396, 226, 487, 87, 110, 290, 70, 184, 82, 112, 288, 0, 370, 256, 26, 453, 272, 10, 275, 185, 51, 210, 0, 109, 318, 396, 226, 487, 87, 110, 290, 70, 184, 82, 112, 288, 0, 370, 256, 26, 453, 272, 10, 275, 185, 51, 210, 269, 213, 62, 362, 440, 282, 362, 402, 401, 394, 255, 12, 396, 118, 260, 150, 432, 346, 227, 460, 26, 31, 398, 67, 154, 82, 56, 485, 446, 240, 76, 252, 272, 339, 303, 325, 384, 35, 288, 305, 133, 16, 209, 231, 272, 373, 150, 164, 0, 58, 307, 166, 251, 56, 485, 446, 47, 426, 414, 58, 266, 27, 126, 222, 51, 376, 456, 0, 14, 264, 17, 259, 275, 58, 307, 166, 251, 372, 43, 265, 107, 244, 475, 52, 368, 338, 190, 460, 301, 432, 359, 114, 207]
Tree:
None
Fitness on 5000 data:
-5.106803770277843

Fitness:
-4.826046574725657