Generation:
500

Phenotype:
skill2 = gm([7.9, 25.9, 10], [26.9, 20.9, 7.7])  - 15  * skill1;
p1wins = bern(0.3);
if skill1 == 10 { 
   skill2 = 2  * gm([21.8, 10.3, 3.9], [28, 18, 26], [5.6, 13.6, 30.5])  - 17  * p1wins; 
 } else { 
   skill1 = gm([26.6, 23, 6]); 
 } end if;;

Genotype:
[273, 250, 408, 429, 154, 95, 129, 257, 89, 317, 286, 242, 179, 304, 494, 292, 227, 380, 115, 367, 89, 409, 206, 242, 179, 100, 132, 292, 201, 380, 132, 194, 24, 236, 201, 135, 463, 497, 198, 59, 384, 336, 428, 258, 474, 292, 285, 139, 338, 4, 188, 441, 111, 259, 176, 178, 425, 41, 218, 415, 34, 368, 155, 360, 59, 180, 483, 250, 429, 154, 163, 129, 257, 89, 447, 329, 445, 92, 247, 415, 203, 368, 155, 462, 0, 498, 462, 87, 342, 465, 242, 179, 336, 428, 452, 426, 292, 285, 139, 338, 4, 188, 441, 111, 259, 176, 178, 425, 41, 218, 415, 34, 368, 155, 360, 326, 180, 316, 250, 429, 154, 95, 129, 257, 89, 317, 329, 463, 92, 247, 132, 194, 468, 236, 201, 162, 463, 481, 198, 415, 384, 336, 428, 371, 474, 292, 454, 139, 124, 148, 316, 441, 111, 259, 176, 178, 425, 41, 198, 415, 34, 368, 155, 360, 59, 180, 131, 488, 111, 259, 137, 195, 426, 36, 474, 201, 367, 331, 75, 36, 474, 444, 367, 373, 497, 176, 417, 463, 41, 198, 415, 384, 336, 428, 477, 336, 474, 202, 468, 338, 148, 41, 441, 111, 259, 137, 195, 426, 36, 474, 201, 367, 331, 75, 176, 417, 463, 41, 198, 415, 384, 336, 428, 477, 336, 474, 202, 468, 398, 204, 399, 281, 458, 198, 110, 259, 409, 426, 285, 299, 63, 38, 24, 374, 361, 445]
Tree:
None
Fitness on 5000 data:
-6.732034855621748

Fitness:
-6.534152820324419