Generation:
500

Phenotype:
v = 26  * w + gm([24, 6, 6]);
w = uniform([5, 4.4], 1)  - bern(0.5);
if u != 14 { 
   u = bern(0.4)  - u; 
 } else { 
   u = v; 
 } end if;;

Genotype:
[327, 148, 192, 359, 430, 439, 115, 150, 132, 212, 174, 17, 196, 300, 489, 312, 68, 84, 6, 208, 100, 182, 452, 144, 258, 67, 391, 407, 66, 320, 129, 83, 76, 189, 15, 320, 129, 83, 76, 189, 408, 197, 162, 413, 84, 255, 183, 312, 444, 480, 174, 360, 196, 174, 360, 6, 360, 196, 438, 362, 489, 174, 322, 76, 189, 15, 320, 129, 83, 76, 189, 408, 350, 162, 413, 183, 255, 183, 255, 280, 132, 480, 174, 360, 196, 174, 360, 196, 300, 489, 185, 50, 159, 114, 366, 298, 364, 275, 83, 182, 452, 63, 362, 313, 322, 153, 212, 55, 50, 287, 465, 246, 196, 300, 413, 183, 298, 364, 275, 83, 182, 150, 110, 97, 174, 17, 196, 300, 489, 312, 68, 84, 163, 208, 50, 4, 452, 144, 320, 300, 129, 312, 190, 50, 182, 452, 74, 90, 360, 196, 174, 360, 196, 300, 489, 185, 50, 159, 346, 366, 144, 90, 381, 391, 407, 66, 320, 437, 83, 480, 174, 360, 377, 312, 320, 129, 83, 76, 189, 129, 83, 76, 189, 73, 306, 129, 83, 454, 189, 408, 197, 162, 413, 183, 255, 174, 360, 196, 407, 84, 320, 129, 83, 76, 189, 132, 480, 174, 360, 196, 174, 360, 196, 300, 489, 185, 50, 84, 6, 208, 50, 132, 480, 174, 360, 196, 174, 67, 274, 407, 66, 320, 129, 83, 76, 189, 15, 320, 129, 83, 76, 189, 408, 197, 162, 413, 183, 255, 183, 255, 280, 150, 132, 492, 70, 115, 150, 132, 212, 174, 17, 196, 454, 489, 312, 68, 84, 6, 208, 50, 182, 144, 90, 67, 391, 407, 66, 320, 129, 150, 312, 68, 84, 6, 208, 50, 435, 388, 212, 174, 208, 50, 182, 452, 144, 90, 67, 14, 430, 70, 115, 150, 132, 212, 174, 17, 196, 300, 489, 312, 68, 84, 6, 208, 50, 182, 452, 144, 90, 67, 391, 407, 66, 320, 129, 83, 76]
Tree:
None
Fitness on 5000 data:
-6.723000779205202

Fitness:
-5.706734277031175