Generation:
500

Phenotype:
skill1 = 9; 
skill2 = 8 + gm([23, 17.1, 1.7], [25, 2.6, 16.1], [21.3, 11.7, 2], [7.1, 26, 19.1]);
p1wins = 21 + gm([29.2, 22.3, 26], [15, 5, 27.4]);
skill1 = gm([1.2, 3, 0], [3.2, 10.9, 10], [18.5, 23.3, 6.2]); 
if bern(0.3) + gm([0, 30.6, 26.8], [29, 6, 8.7]) >= 15 { 
  p1wins = 1;
 } else { 
   p1wins = 0; 
 } end if;

Genotype:
[221, 285, 311, 280, 9, 61, 149, 352, 194, 435, 261, 111, 54, 364, 367, 141, 81, 423, 125, 258, 371, 314, 490, 191, 95, 176, 441, 357, 153, 301, 111, 52, 2, 79, 290, 69, 402, 188, 462, 23, 69, 468, 364, 367, 141, 81, 423, 320, 184, 371, 314, 490, 179, 26, 176, 441, 233, 93, 165, 29, 172, 417, 270, 470, 348, 26, 142, 94, 325, 212, 377, 201, 461, 93, 483, 322, 239, 96, 246, 378, 97, 299, 189, 1, 163, 196, 96, 246, 403, 97, 309, 189, 1, 163, 196, 80, 108, 41, 38, 339, 49, 211, 201, 302, 146, 235, 409, 28, 61, 149, 58, 435, 326, 410, 310, 413, 197, 50, 403, 243, 185, 293, 325, 181, 268, 472, 224, 339, 88, 285, 177, 225, 96, 174, 325, 176, 441, 479, 153, 274, 111, 54, 24, 250, 2, 253, 205, 385, 309, 274, 1, 403, 273, 410, 179, 413, 188, 462, 23, 169, 468, 364, 367, 141, 81, 423, 320, 258, 371, 314, 487, 214, 428, 238, 467, 409, 287, 385, 309, 274, 1, 163, 466, 487, 214, 428, 238, 415, 121, 325, 262, 349, 345, 18, 306, 79, 403, 372, 29, 172, 445, 370, 258, 86, 136, 318, 355, 64, 186, 238, 161, 266, 172, 416, 321, 259]
Tree:
None
Fitness on 5000 data:
-7.0895818393617915

Fitness:
-6.578338411533801