Generation:
500

Phenotype:
skill1 = gm([27, 6, 11.8]); 
skill2 = 1  * gm([14.9, 9.7, 11.6])  - 12  * skill2;
skill1 = 5  * gm([14.9, 9.3, 0.9])  - 28;
skill2 = gm([0, 21.2, 10.2], [11.6, 23.8, 4.6]); 
if gm([29, 10, 18], [1.3, 11, 11], [30.4, 14.9, 9.3]) <= 0 { 
  p1wins = 1;
 } else { 
   p1wins = 0; 
 } end if;

Genotype:
[114, 255, 348, 397, 166, 212, 430, 74, 68, 129, 104, 196, 452, 142, 63, 433, 66, 109, 448, 116, 129, 195, 465, 397, 166, 212, 430, 74, 192, 129, 104, 196, 104, 196, 452, 142, 253, 337, 66, 109, 448, 116, 243, 195, 380, 409, 372, 152, 17, 258, 462, 72, 58, 148, 465, 210, 390, 445, 355, 80, 248, 153, 424, 46, 347, 72, 181, 208, 197, 104, 437, 109, 364, 97, 197, 252, 437, 109, 380, 40, 305, 89, 104, 29, 104, 196, 452, 421, 407, 433, 342, 398, 148, 104, 196, 104, 142, 253, 433, 66, 109, 448, 116, 243, 195, 380, 409, 372, 152, 17, 258, 462, 72, 58, 148, 465, 210, 390, 445, 355, 80, 248, 153, 136, 46, 347, 210, 390, 445, 355]
Tree:
None
Fitness on 5000 data:
-6.354507184136703

Fitness:
-5.999509023196529