Generation:
500

Phenotype:
mu = uniform([18, 22.6], 1)  - uniform([4, 10.6], 4); 
sigma = gm([24.4, 1.5, 1.3], [4, 7.3, 14]); 
x = 3  * mu + 17;
x = gm([3.5, 20.4, 3.7]);;

Genotype:
[147, 185, 264, 452, 297, 175, 425, 365, 200, 102, 170, 128, 331, 382, 14, 435, 117, 99, 280, 175, 311, 334, 120, 87, 435, 139, 151, 1, 299, 348, 398, 190, 67, 379, 254, 138, 231, 334, 103, 344, 435, 48, 167, 476, 203, 489, 398, 203, 371, 12, 249, 214, 472, 307, 282, 148, 247, 175, 417, 421, 96, 87, 425, 484, 139, 102, 170, 128, 335, 382, 257, 435, 374, 99, 280, 175, 311, 452, 297, 175, 425, 484, 139, 102, 170, 128, 331, 382, 257, 435, 117, 99, 280, 175, 311, 334, 133, 87, 435, 328, 151, 1, 55, 348, 253, 67, 379, 254, 138, 231, 334, 103, 344, 435, 48, 167, 476, 203, 489, 398, 203, 371, 12, 249, 214, 472, 307, 282, 484, 247, 175, 311, 421, 96, 87, 435, 447, 151, 1, 391, 348, 398, 203, 118, 130, 179, 220, 441, 101, 347, 451, 234, 162, 427, 295, 208, 316, 175, 311, 334, 133, 87, 435, 478, 151, 1, 391, 348, 398, 203, 371, 99, 247, 175, 311, 334, 133, 87, 435, 328, 151, 1, 391, 348, 398, 159, 94, 272, 401, 327, 34, 468, 462, 403, 9, 94, 377, 1, 2, 9, 167, 98, 391, 348, 398, 203, 371, 12, 249, 214, 231, 307, 424, 311, 334, 103, 87, 435, 328, 151, 383, 290, 320, 72, 264, 472, 182, 347, 465, 192, 331, 400, 439, 399, 192, 44, 212, 462, 208, 61, 321, 167, 191, 391, 348, 43, 476, 1, 206, 380, 232, 418, 360, 366, 447, 313, 480, 34, 113, 19, 323, 403, 371, 481, 56, 219, 217, 2, 432, 481, 392, 78, 158, 336, 80, 327, 473, 111, 154, 251, 114, 395, 140, 118, 390, 393, 377, 1, 2, 9, 159, 444, 232, 181, 97, 369, 144, 61, 209, 283, 489, 316, 123, 118, 130, 179, 12, 23, 382, 15, 181, 191, 110, 165, 159, 94, 272, 401, 327, 34, 468, 462, 403, 9, 94, 377, 1, 2, 9, 159, 444, 232, 393, 435, 328, 151, 1, 391, 348, 398, 159, 94, 272, 401, 327, 34, 468, 462, 403, 9, 94, 377, 1, 2, 9, 167, 98, 391, 348, 398, 203, 371, 12, 249, 214, 231, 307, 424, 311, 334, 103, 87, 435, 328, 151, 383, 290, 320, 72, 264, 472, 182, 347, 465, 192, 331, 400, 439, 399, 192, 44, 212, 462, 208, 61, 321, 167, 191, 391, 348, 43, 476, 1, 206, 380, 232, 418, 360, 366, 447, 313, 480, 34, 113, 19, 323, 403, 371, 481, 56, 219, 217, 2, 432, 481, 392, 78, 158, 336, 80, 327, 473, 111, 154, 251, 114, 395, 140, 118, 390, 393, 377, 1, 2, 9, 159, 444, 232, 181, 97, 369, 144, 61, 209, 283, 489, 316, 123, 118, 130, 179, 12, 23, 382, 15, 181, 191, 110, 165, 159, 94, 272, 401, 327, 34, 468, 462, 403, 9, 94, 377, 1, 2, 9, 159, 444, 232, 181, 97, 369, 144, 61, 209, 283, 489, 229, 93, 393, 77, 220, 441, 101, 347, 451, 234, 162, 427, 295, 208]
Tree:
None
Fitness on 5000 data:
-7.584671100383606

Fitness:
-7.176894210258154