Generation:
500

Phenotype:
skill2 = gm([18, 24, 5], [3.2, 26, 1], [9, 19.5, 1], [19, 19.5, 6], [28, 18, 2]);
skill1 = skill1;
skill1 = gm([27, 19.6, 2.9]);
if skill1-skill2 > 0 { 
  p1wins = 1.0;
 } else { 
   p1wins = 0.0; 
 } end if;

Genotype:
[81, 325, 292, 448, 76, 420, 57, 453, 257, 12, 297, 6, 86, 420, 98, 381, 389, 158, 460, 466, 336, 184, 466, 309, 184, 381, 57, 453, 328, 184, 466, 309, 184, 143, 57, 453, 346, 230, 316, 26, 302, 59, 420, 328, 230, 467, 26, 14, 336, 474, 228, 184, 321, 420, 420, 337, 420, 57, 57, 349, 180, 12, 151, 57, 453, 122, 165, 467, 26, 302, 336, 70, 420, 184, 474, 420, 420, 337, 420, 257, 12, 180, 6, 86, 420, 98, 381, 389, 158, 425, 466, 336, 184, 466, 292, 344, 76, 420, 57, 453, 257, 12, 180, 118, 86, 420, 98, 381, 389, 158, 460, 466, 336, 184, 466, 309, 184, 57, 453, 328, 230, 316, 26, 302, 59, 379, 328, 230, 467, 26, 86, 420, 98, 381, 389, 158, 460, 466, 263, 184, 466, 309, 184, 381, 57, 453, 346, 230, 316, 26, 302, 57, 453, 328, 230, 316, 26, 302, 59, 420, 328, 230, 467, 26, 14, 336, 474, 228, 184, 321, 420, 420, 337, 420, 57, 57, 349, 180, 12, 151, 57, 453, 122, 165, 467, 26, 302, 336, 70, 180, 12, 151, 57, 453, 122, 165, 467, 26, 302, 336, 70, 420, 184, 474, 420, 420, 337, 420, 57, 243, 257, 450, 180, 118, 274, 474, 420, 420, 337, 420, 57, 243, 257, 450, 180, 118, 274, 420, 184, 381, 200, 158, 460, 466, 309, 184, 295, 57, 453, 226, 391, 460, 466, 458, 377, 466, 453, 257, 450, 118, 291, 28, 76, 474, 92, 314, 273, 336, 474, 420, 184, 381, 420, 9, 337, 420, 57, 449, 257, 450, 184, 381, 200, 158, 460, 466, 309, 184, 295, 57, 453, 226, 391, 460, 466, 458, 377, 466, 453, 257, 450, 118, 291, 28, 76, 474, 92, 314, 273, 115, 199, 40, 452, 382, 412, 381, 57, 453, 226, 391, 460, 466, 309, 184, 381, 57, 453, 328, 440, 467, 28, 14, 474, 10, 273, 115, 199, 40, 452, 382, 412, 381, 57, 453, 226, 391, 460, 466, 309, 184, 381, 57, 453, 328, 440, 467, 28, 14, 474, 10, 382, 38, 490, 230, 41, 339, 395, 173, 381, 2, 296, 460, 466, 309, 184, 295, 57, 453, 226, 391, 460, 466, 458, 377, 466, 309, 184, 381, 57, 453, 328, 230, 301, 26, 302, 135, 474, 420, 184, 474, 420, 381, 200, 158, 460, 466, 309, 184, 295, 57, 453, 434, 391, 460, 466, 458, 377, 466, 453, 257, 226, 391, 460, 466, 309, 184, 381, 57, 35, 328, 440, 467, 28, 14, 474, 10, 382, 38, 490, 230, 41, 339, 395, 173, 436, 486, 336, 450, 184, 381, 200, 158, 460, 466, 309, 184, 295, 57, 453, 226, 391, 460, 466, 458, 377, 466, 453, 257, 450, 118, 291, 28, 76, 474, 92, 314, 273, 115, 199, 40, 452, 382, 412, 381, 57, 453, 226, 391, 460, 466, 309, 184, 381, 57, 453, 328, 440, 467, 28, 14, 474, 10, 273, 115, 199, 40, 452, 382, 412, 381, 57, 453, 226, 391, 460, 466, 309, 184, 381, 57, 453, 328, 440, 467, 28, 14, 474, 10, 382, 38, 490, 230, 41, 339, 395, 173, 436, 486, 222, 394, 463, 298, 22, 6, 359]
Tree:
None
Fitness on 5000 data:
-5.843957689661083

Fitness:
-5.688861806918286