Generation:
500

Phenotype:
earthquake = earthquake; 
  burglary = burglary; 
    if bern(0.8) > 0 { 
        if bern(0.8) + bern(0.2) <= 1 { 
              alarm = 0  - 0; 
        } else { 
              alarm = alarm; 
        } end if; 
  } else { 
        if alarm == 0 { 
              alarm = burglary  - burglary; 
        } else { 
              alarm = bern(0.2)  - 0; 
        } end if; 
  } end if; 
    if earthquake != 0 { 
        johncalls = 1 + 1; 
  } else { 
        johncalls = 0  - earthquake; 
  } end if;

Genotype:
[131, 318, 332, 294, 413, 207, 470, 152, 152, 467, 316, 245, 250, 91, 152, 101, 413, 207, 178, 320, 437, 64, 169, 397, 413, 207, 16, 481, 204, 408, 294, 466, 434, 156, 186, 178, 442, 476, 498, 430, 156, 448, 178, 164, 218, 248, 61, 478, 289, 342, 294, 413, 185, 44, 184, 277, 481, 187, 347, 206, 467, 154, 168, 396, 185, 44, 184, 277, 481, 187, 347, 206, 467, 154, 168, 478, 305, 18, 109, 349, 59, 339, 353, 443, 174, 189, 330, 407, 104, 487, 213, 459, 63, 408, 459, 299, 333, 16, 481, 204, 476, 109, 430, 156, 209, 178, 164, 55, 356, 61, 478, 47, 342, 42, 466, 366, 370, 66, 104, 487, 319, 459, 300, 21, 469, 389, 416, 72, 89, 265, 344, 289, 266, 451, 318, 332, 193, 243, 296, 325, 261, 59, 263, 401, 281, 205, 467, 316, 283, 250, 158, 101, 413, 207, 178, 320, 437, 64, 169, 425, 461, 90, 397, 341, 196, 212, 410, 91, 448, 205, 63, 25, 92, 146, 328, 27, 361, 380, 204, 111, 24, 446, 272, 488, 238, 84, 463, 306, 122, 69, 222, 299, 482, 387, 16, 455, 185, 243, 83, 408, 67, 328, 493, 25, 275, 284, 453, 349, 477, 341, 491, 439, 95, 5, 395, 46, 488, 410, 489, 130, 86, 2, 258, 377, 51, 26, 242, 71, 98, 418, 397, 385, 327, 271, 410, 285, 254, 160, 351]
Tree:
None
Fitness on 5000 data:
-inf

Fitness:
0.0