Generation:
500

Phenotype:
x = uniform([14, 15.7], 1);
sigma = 20  - uniform([12, 7.1], 3);
mu = uniform([14, 12.1], 1);

Genotype:
[426, 499, 208, 116, 68, 138, 3, 203, 138, 301, 449, 303, 228, 486, 264, 361, 86, 284, 358, 485, 144, 203, 446, 43, 317, 144, 46, 486, 428, 213, 39, 345, 72, 278, 262, 47, 291, 63, 128, 57, 16, 404, 106, 200, 465, 177, 390, 108, 190, 486, 262, 415, 9, 178, 54, 416, 138, 486, 203, 446, 301, 328, 484, 192, 486, 428, 457, 86, 54, 185, 138, 486, 203, 446, 0, 24, 458, 50, 407, 294, 423, 475, 69, 73, 222, 368, 177, 111, 2, 478, 476, 472, 138, 486, 203, 152, 294, 359, 250, 19, 36, 379, 125, 300, 50, 300, 117, 389, 181, 99, 87, 412, 266, 454, 101, 88, 155, 212, 198, 461, 99, 347, 0, 24, 458, 50, 407, 294, 423, 475, 69, 73, 222, 88, 155, 212, 198, 461, 99, 347, 280, 408, 458, 50, 339, 294, 423, 79, 69, 73, 222, 352, 47, 263, 241, 152, 294, 359, 250, 19, 36, 379, 268, 300, 50, 447, 161, 329, 405, 366, 300, 51, 108, 93, 367, 262, 415, 9, 178, 54, 185, 138, 486, 203, 446, 36, 328, 484, 192, 486, 428, 496, 386, 272, 366, 404, 425, 127, 300, 117, 389, 391, 99, 87, 412, 266, 454, 101, 88, 155, 212, 198, 461, 99, 347, 0, 24, 458, 454, 374]
Tree:
None
Fitness on 5000 data:
-7.843440285271294

Fitness:
-7.311226279578518