Generation:
500

Phenotype:
skill1 = gm([3.2, 30, 16], [25.6, 19.7, 5]);
skill2 = gm([25.7, 16, 4], [25.9, 19.7, 3]);
if skill1-skill2 > 0 { 
  p1wins = 1.0;
 } else { 
   p1wins = 0.0; 
 } end if;

Genotype:
[435, 122, 134, 13, 261, 144, 261, 289, 395, 17, 406, 181, 368, 371, 386, 481, 496, 261, 25, 149, 307, 112, 78, 422, 284, 207, 6, 457, 136, 144, 261, 229, 395, 17, 149, 276, 368, 295, 386, 500, 242, 337, 25, 395, 75, 112, 78, 422, 189, 407, 6, 457, 136, 225, 319, 276, 365, 403, 64, 306, 169, 261, 422, 259, 128, 160, 361, 295, 386, 287, 496, 261, 280, 395, 307, 112, 78, 422, 284, 407, 6, 457, 136, 225, 319, 64, 306, 169, 261, 422, 259, 128, 160, 112, 295, 16, 287, 112, 78, 422, 284, 407, 6, 457, 136, 225, 319, 276, 365, 261, 144, 261, 229, 395, 17, 406, 354, 368, 295, 386, 287, 496, 261, 25, 395, 307, 112, 78, 422, 284, 407, 6, 368, 295, 78, 287, 496, 284, 407, 58, 457, 136, 225, 319, 24, 365, 403, 64, 306, 182, 295, 30, 287, 496, 261, 25, 395, 17, 422, 307, 232, 78, 422, 478, 407, 58, 457, 136, 225, 306, 40, 261, 422, 122, 368, 490, 261, 24, 302, 489, 24, 214, 167, 261, 144, 261, 385, 395, 17, 422, 307, 34, 185, 412, 136, 225, 319, 24, 365, 403, 64, 306, 40, 261, 422, 78, 422, 478, 407, 58, 457]
Tree:
None
Fitness on 5000 data:
-6.1207502900705615

Fitness:
-5.7080391234852055