Generation:
500

Phenotype:
a = a + uniform([10, 1.6], 1);
a = uniform([0, 5], 1);
b = gm([6, 3.4, 5]);;

Genotype:
[369, 493, 270, 63, 120, 70, 117, 195, 426, 396, 62, 41, 465, 466, 41, 168, 246, 148, 364, 180, 42, 242, 124, 360, 13, 444, 426, 62, 161, 475, 465, 12, 7, 462, 174, 471, 37, 65, 372, 10, 160, 329, 66, 120, 70, 147, 360, 117, 195, 426, 396, 62, 41, 465, 12, 7, 20, 174, 353, 37, 65, 296, 10, 160, 329, 66, 120, 70, 147, 360, 117, 195, 426, 396, 62, 41, 168, 246, 148, 456, 180, 42, 293, 124, 130, 13, 444, 426, 396, 62, 41, 168, 246, 148, 456, 180, 42, 12, 7, 211, 362, 268, 161, 29, 361, 493, 396, 62, 41, 81, 12, 7, 20, 174, 203, 37, 65, 4, 10, 160, 159, 62, 161, 29, 159, 12, 7, 20, 174, 119, 37, 65, 372, 10, 160, 329, 66, 120, 70, 147, 360, 52, 20, 174, 353, 37, 359, 372, 10, 160, 329, 66, 120, 70, 147, 360, 117, 195, 426, 396, 62, 41, 306, 246, 148, 456, 117, 195, 426, 396, 62, 41, 168, 246, 148, 456, 180, 42, 293, 124, 130, 13, 444, 426, 396, 62, 41, 168, 246, 148, 456, 180, 42, 117, 124, 130, 295, 228, 107, 149, 477, 465, 12, 148, 195, 426, 396, 63, 41, 168, 70, 147, 360, 147, 360, 117, 195, 426, 396, 62, 378, 465, 12, 7, 20, 174, 353, 37, 65, 372, 10, 160, 329, 66, 120, 70, 147, 360, 117, 195, 426, 396, 62, 41, 168, 246, 148, 456, 180, 42, 293, 124, 130, 13, 444, 426, 396, 62, 41, 168, 246, 148, 456, 180, 42, 117, 124, 130, 295, 174, 271, 62, 41, 168, 378, 195, 426, 396, 62, 41, 168, 246, 148, 456, 180, 42, 293, 124, 130, 13, 444, 426, 396, 62, 41, 168, 246, 148, 456, 180, 42, 117, 124, 130, 295, 228, 107, 149, 477, 69, 384, 237, 195, 133, 39, 288, 471, 160, 428, 204, 156, 386, 203, 16, 193, 253, 313, 265, 303, 350, 36, 229, 121, 429, 424, 452, 180, 208]
Tree:
None
Fitness on 5000 data:
-5.814461516099896

Fitness:
-5.200786538365476