Generation:
500

Phenotype:
mu = gm([29.1, 18, 4]) + 15  * mu; 
sigma = uniform([1, 3], 1);
x = 30  * x + gm([24, 21, 26.9]);
x = gm([26.7, 22, 3]);

Genotype:
[54, 370, 315, 475, 470, 379, 370, 0, 0, 18, 204, 252, 280, 108, 192, 42, 15, 249, 266, 435, 336, 74, 100, 406, 358, 433, 291, 245, 435, 490, 236, 286, 86, 96, 362, 259, 57, 134, 15, 189, 256, 432, 81, 429, 348, 256, 301, 202, 65, 100, 110, 15, 249, 266, 435, 336, 74, 100, 110, 358, 433, 291, 245, 435, 490, 315, 475, 470, 379, 210, 0, 0, 18, 412, 252, 280, 108, 0, 42, 81, 53, 348, 256, 301, 202, 65, 42, 290, 249, 200, 210, 0, 278, 108, 0, 42, 15, 249, 266, 435, 336, 74, 100, 110, 358, 433, 291, 245, 435, 490, 236, 200, 86, 418, 332, 259, 174, 134, 15, 327, 256, 203, 81, 53, 348, 256, 301, 202, 65, 435, 336, 74, 73, 304, 204, 48, 418, 331, 216, 461, 154, 408, 249, 277, 438, 299, 407, 133, 388, 443, 358, 281, 110, 259, 298, 134, 15, 249, 245, 435, 490, 236, 200, 100, 200, 428, 334, 110, 169, 48, 418, 148, 84, 291, 316, 327, 256, 203, 16, 379, 366, 301, 133, 280, 290, 0, 42, 15, 15, 327, 256, 203, 81, 53, 348, 256, 301, 202, 65, 42, 177, 249, 499, 435, 331, 216, 461, 154, 408, 249, 277, 438, 299, 407, 133, 388, 290, 0, 42, 15, 249, 245, 435, 490, 236, 100, 216, 461, 490, 200, 428, 35, 40, 474, 22, 35, 0, 173, 216, 461, 120, 220, 302, 462, 226, 484, 294, 90, 305, 461, 105, 142, 131, 190, 16, 86, 42, 331, 199, 139, 277, 180, 490, 280, 126, 371, 436, 384, 143, 139, 306, 41, 37, 468, 412, 274, 96, 350, 431, 277, 119, 377, 4, 313, 123, 48, 259, 138, 417, 317, 468, 115]
Tree:
None
Fitness on 5000 data:
-7.137781047804463

Fitness:
-6.690154201880381