Generation:
500

Phenotype:
skill1 = 2 + gm([24.3, 20, 4]); 
skill2 = gm([1, 2, 4.6]) + 20; 
if uniform([15, 1.6], 4) + bern(0.5) + uniform([25, 18.7], 1) <= 10 { 
  p1wins = 23  - uniform([22, 3.7], 2);
 } else { 
  p1wins = bern(0.5); 
 } end if;

Genotype:
[98, 172, 98, 394, 374, 495, 133, 496, 19, 396, 299, 410, 20, 256, 345, 484, 66, 141, 498, 234, 373, 10, 64, 307, 128, 5, 383, 42, 454, 231, 257, 204, 66, 139, 399, 94, 5, 383, 67, 318, 183, 310, 106, 76, 246, 242, 69, 266, 204, 168, 229, 165, 62, 56, 406, 54, 399, 466, 425, 9, 406, 339, 485, 495, 234, 495, 472, 111, 325, 188, 21, 253, 380, 181, 219, 141, 252, 183, 310, 106, 76, 313, 242, 92, 357, 204, 168, 229, 165, 62, 56, 406, 396, 399, 94, 425, 9, 406, 339, 485, 495, 234, 495, 472, 111, 325, 188, 21, 253, 380]
Tree:
None
Fitness on 5000 data:
-6.737751297581434

Fitness:
-6.235303463245689