Generation:
500

Phenotype:
preplevel = 0 + gm([0.1, 0, 0], [0.4, 1, 0]);
preplevel = gm([0.8, 0, 0], [0.2, 1, 0], [0.6, 2, 0]);
damage = 0;
damage = gm([0.1, 0, 0], [0.2, 1, 0]);

Genotype:
[281, 340, 126, 488, 376, 281, 13, 430, 246, 450, 58, 171, 147, 80, 350, 208, 288, 242, 300, 10, 129, 232, 91, 230, 308, 116, 211, 176, 153, 280, 465, 488, 376, 375, 204, 224, 125, 468, 450, 280, 126, 224, 376, 122, 137, 3, 437, 129, 168, 364, 281, 13, 430]
Tree:
None
Fitness on 5000 data:
-1.7434894209329606

Fitness:
-1.555818297170329