Generation:
500

Phenotype:
mu = gm([3.7, 22.3, 9], [28, 20, 3.2])  - x;
sigma = gm([22.7, 0.9, 1]) + 1;
x = 2  * mu  - gm([29, 17.7, 3]);

Genotype:
[195, 436, 78, 87, 69, 407, 348, 217, 495, 61, 127, 375, 67, 146, 137, 152, 133, 324, 146, 400, 120, 206, 207, 406, 451, 297, 39, 206, 294, 356, 64, 178, 216, 37, 420, 33, 239, 285, 113, 124, 188, 296, 32, 443, 152, 373, 402, 120, 354, 419, 206, 307, 436, 168, 87, 69, 241, 64, 178, 153, 1, 420, 33, 362, 406, 451, 297, 39, 206, 294, 356, 64, 178, 216, 87, 137, 152, 133, 324, 146, 113, 124, 188, 296, 32, 443, 152, 373, 206, 294, 120, 354, 419, 206, 307, 436, 168, 87, 69, 100, 64, 178, 153, 1, 420, 33, 362, 67, 108, 91, 152, 133, 324, 108, 387, 304, 206, 451, 297, 39, 152, 5, 402, 76, 354, 362, 128, 180, 375, 338, 1, 452, 33, 362, 10, 25, 181, 354, 362, 228, 433, 409, 480, 218, 440, 375]
Tree:
None
Fitness on 5000 data:
-6.866694828453461

Fitness:
-6.663430326893203