Generation:
500

Phenotype:
x = gm([0, 23, 11], [15.4, 14.7, 3.5]) + 2 * 4;
sigma = 1  * gm([20.1, 15.3, 3.5])  - uniform([9, 5], 1);
mu = gm([11.4, 22, 1], [30.9, 22, 4.4], [0.1, 1.5, 7.3]);

Genotype:
[230, 280, 140, 127, 26, 271, 153, 349, 441, 456, 0, 290, 54, 270, 11, 330, 435, 201, 309, 309, 107, 474, 487, 251, 31, 92, 81, 343, 221, 330, 15, 124, 59, 493, 32, 499, 136, 311, 82, 342, 33, 449, 290, 309, 313, 373, 399, 404, 257, 62, 418, 256, 324, 292, 431, 432, 297, 132, 76, 257, 441, 290, 201, 350, 301, 330, 435, 201, 149, 309, 107, 474, 487, 251, 66, 399, 404, 113, 62, 441, 297, 497, 76, 257, 441, 290, 201, 350, 301, 330, 496, 330, 309, 441, 424, 0, 290, 424, 270, 15, 124, 19, 251, 31, 499, 136, 311, 82, 342, 33, 449, 290, 415, 313, 373, 399, 404, 257, 62, 418, 256, 324, 292, 431, 432, 297, 132, 76, 257, 441, 290, 201, 350, 301, 330, 435, 201, 149, 309, 107, 474, 158, 76, 389, 101, 343, 8, 330, 15, 124, 158, 290, 201, 270, 389, 82, 342, 33, 449, 493, 309, 76, 373, 399, 404, 257, 62, 418, 256, 324, 292, 431, 432, 297, 132, 76, 57, 441, 424, 286, 290, 178, 234, 66, 399, 404, 25, 62, 81, 343, 66, 62, 81, 343, 66, 290, 201, 270, 66, 500, 435, 201, 270, 389, 83, 81, 140, 221, 404, 113, 62, 353, 343, 66, 199, 81, 132, 76, 57, 140, 435, 347, 494, 448, 36, 269, 262, 37, 318, 14, 191, 124, 449, 146, 324, 292, 431, 432, 297, 132, 76, 57, 29, 330, 428, 188, 435, 347, 494, 448, 36, 269, 262, 37, 60, 25, 140, 494, 448, 292, 297, 299, 102, 209, 214, 39, 204, 50, 3, 458, 283, 293, 423, 155, 341, 297, 318, 213, 386, 485, 37]
Tree:
None
Fitness on 5000 data:
-7.906265695197008

Fitness:
-7.761941620827226