Generation:
500

Phenotype:
mu = gm([1, 15, 13.5], [26.2, 21, 5])  - sigma; 
sigma = gm([0, 26, 30.5], [21, 2, 1]) + sigma;
x = 21 * 2 + 1  * mu;
x = gm([24.2, 21, 5]) + sigma;

Genotype:
[331, 314, 243, 424, 95, 460, 1, 414, 108, 103, 478, 40, 374, 237, 243, 82, 252, 269, 272, 67, 216, 57, 448, 385, 36, 205, 3, 258, 62, 152, 57, 335, 495, 373, 392, 342, 269, 424, 95, 460, 1, 414, 108, 103, 478, 314, 243, 424, 95, 460, 1, 414, 108, 103, 393, 40, 374, 237, 86, 487, 252, 269, 272, 67, 216, 57, 448, 269, 243, 82, 252, 269, 272, 67, 216, 57, 373, 450, 342, 343, 500, 416, 421, 95, 460, 1, 414, 108, 451, 393, 40, 374, 237, 243, 82, 240, 269, 272, 67, 216, 424, 95, 460, 1, 140, 353, 40, 14, 402, 88, 49, 229, 140, 80, 202, 73, 252, 343, 154, 439, 157, 457, 197, 42, 204, 304, 83, 262, 394, 36, 205, 3, 258, 62, 216, 57, 335, 362, 232, 232, 218, 229, 76, 142, 12, 143, 88, 368, 303, 198, 388, 358, 107, 58, 126, 234, 1, 158, 230, 331, 447, 373, 306, 306, 491, 66, 379, 263, 12, 148, 129, 97, 131, 195, 140, 353, 40, 14, 402, 134, 49, 229, 163, 80, 202, 73, 252, 343, 154, 439, 157, 457, 197, 42, 204, 304, 83, 168, 289, 478, 7, 0, 176, 116, 315, 292, 482, 458, 409, 441, 9, 214, 222, 131, 34, 383, 90, 214, 404, 231, 418, 414, 44, 39, 441, 171, 192, 416, 359, 256, 3, 77, 179, 34, 184, 173, 336, 81, 132, 295, 182, 219, 471, 297, 190, 123, 429, 149, 355, 211, 254, 194, 377, 115, 238, 396, 118, 29, 98]
Tree:
None
Fitness on 5000 data:
-6.867827293780838

Fitness:
-6.666625725239108