Generation:
500

Phenotype:
x = 4  * uniform([3, 4], 1);
sigma = sigma + uniform([0, 3.6], 1);
mu = x  - uniform([0, 6.1], 1);

Genotype:
[279, 221, 338, 178, 440, 135, 46, 159, 197, 3, 68, 390, 180, 161, 230, 118, 37, 196, 399, 414, 394, 489, 59, 403, 305, 34, 392, 4, 417, 142, 18, 390, 206, 399, 252, 35, 489, 59, 403, 103, 161, 369, 4, 417, 142, 142, 391, 381, 394, 489, 59, 403, 312, 399, 381, 418, 215, 489, 89, 399, 219, 394, 489, 370, 37, 43, 399, 118, 77, 381, 411, 489, 60, 26, 354, 25, 46, 36, 327, 141, 142, 150, 312, 399, 66, 394, 489, 59, 399, 219, 394, 489, 370, 96, 118, 390, 399, 219, 394, 489, 399, 219, 394, 489, 132, 394, 489, 59, 403, 103, 161, 94, 4, 37, 206, 399, 132, 394, 489, 59, 403, 103, 161, 94, 4, 417, 142, 150, 312, 399, 381, 394, 489, 59, 399, 219, 394, 401, 370, 96, 118, 390, 180, 113, 424, 382, 416, 135, 46, 159, 368, 201, 118, 390, 180, 113, 280, 381, 394, 489, 298, 280, 135, 448, 390, 180, 113, 118, 113, 32, 118, 37, 43, 118, 110, 381, 394, 489, 20, 380, 354, 25, 451, 36, 327, 215, 489, 89, 399, 390, 180, 113, 113, 498, 118, 37, 206, 399, 132, 394, 489, 59, 403, 103, 161, 94, 4, 417, 142, 150, 312, 399, 381, 394, 489, 59, 399, 219, 394, 489, 370, 96, 118, 390, 180, 113, 424, 382, 416, 135, 46, 159, 368, 201, 118, 390, 180, 113, 280, 381, 394, 489, 298, 280, 135, 448, 390, 180, 113, 118, 113, 32, 118, 37, 43, 118, 110, 381, 394, 489, 60, 26, 354, 25, 451, 36, 327, 417, 142, 150, 312, 399, 381, 394, 489, 59, 399, 219, 394, 489, 370, 96, 118, 390, 180, 113, 424, 382, 416, 135]
Tree:
None
Fitness on 5000 data:
-7.00159552615398

Fitness:
-6.612835877875624