Generation:
500

Phenotype:
x = bern(0.9)  - bern(0.2);
v = bern(0.2) + bern(0.8);
u = 0 + bern(0.2);
w = x  - v;
w = 1  - bern(0.9);

Genotype:
[66, 88, 65, 387, 83, 480, 31, 332, 300, 437, 208, 480, 55, 321, 250, 94, 235, 460, 144, 239, 7, 418, 24, 314, 256, 67, 495, 208, 480, 149, 271, 480, 176, 366, 194, 432, 82, 15, 114, 260, 21, 340, 452, 34, 302, 140, 475, 487, 130, 31, 260, 300, 437, 208, 480, 55, 321, 253, 94, 437, 244, 144, 239, 58, 418, 24, 55, 256, 446, 437, 460, 144, 239, 58, 418, 24, 55, 256, 67, 80, 208, 480, 167, 271, 480, 176, 366, 194, 432, 82, 15, 114, 260, 37, 340, 452, 34, 302, 140, 366, 205, 260, 310, 415, 54, 194, 253, 55, 384, 316, 223, 432, 178, 458, 136, 58, 286, 92, 147, 229, 230, 61, 162, 480, 248, 177, 234, 174, 441, 18, 208, 10, 136, 176, 84, 270, 454, 207, 220, 454, 136, 497, 209, 264, 18, 370, 257, 168, 454, 118, 157, 0, 76, 133, 104, 373, 256, 82, 152, 287, 305, 459, 91, 219, 279, 197, 263, 432, 84, 299, 234, 398, 136, 176, 84, 270, 331, 359, 364, 158, 215, 54, 495, 126, 75, 229, 498, 268, 420, 14, 255, 326, 66, 381, 86, 351, 418, 432, 76, 357, 454, 357, 10, 177, 468, 374, 372, 103, 207, 162, 62, 172, 246, 139, 477, 80, 232, 30, 472, 147, 112, 327, 477, 80, 232, 30, 472, 468, 374, 192, 280, 206, 344, 339, 25, 162, 259, 147, 112, 327, 477, 80, 232, 30, 472, 468, 374]
Tree:
None
Fitness on 5000 data:
-2.2246474700680716

Fitness:
-1.9921002056052404