Generation:
500

Phenotype:
skill1 = skill1; 
skill2 = uniform([6, 21.1], 1) + bern(0.3);
skill1 = 6  * bern(0.9) + uniform([1, 24.1], 1); 
if skill2 + p1wins + 3 * uniform([7, 10.2], 3) <= 24 { 
  p1wins = 1;
 } else { 
   p1wins = 0; 
 } end if;

Genotype:
[49, 45, 372, 292, 32, 304, 126, 62, 161, 315, 145, 9, 424, 9, 115, 335, 342, 110, 450, 468, 373, 220, 6, 115, 179, 258, 334, 218, 381, 427, 171, 392, 391, 391, 62, 32, 381, 427, 60, 8, 94, 32, 373, 220, 6, 193, 179, 258, 334, 218, 381, 427, 171, 392, 391, 391, 62, 32, 381, 427, 60, 8, 94, 32, 323, 304, 420, 247, 145, 9, 80, 9, 115, 335, 342, 110, 427, 334, 32, 315, 490, 178, 280, 244, 220, 6, 444, 447, 258, 334, 32, 381, 427, 334, 32, 315, 490, 405, 381, 427, 137, 239, 391, 324, 315, 68, 113, 273, 341, 68, 360, 19, 69, 449, 83, 337, 226, 391, 324, 69, 102, 408, 496, 199, 233, 480, 387, 298, 113, 133, 221, 372, 316, 116, 240, 0, 426]
Tree:
None
Fitness on 5000 data:
-6.529161923384388

Fitness:
-6.242928090968321