Generation:
500

Phenotype:
skill1 = gm([28.4, 20, 4.8]) + 25  * skill1; 
skill2 = gm([13, 19.3, 3]); 
if bern(0.6) <= 16 { 
  p1wins = bern(0.6);
 } else { 
  p1wins = 6  * gm([6.4, 29.6, 21.5]) + gm([16, 19.1, 15], [13, 19.3, 14]); 
 } end if;

Genotype:
[438, 244, 102, 213, 206, 325, 462, 336, 56, 206, 51, 407, 385, 304, 366, 228, 123, 81, 396, 77, 484, 378, 385, 185, 174, 191, 184, 437, 437, 52, 40, 243, 185, 365, 450, 78, 228, 123, 203, 25, 94, 378, 253, 274, 409, 254, 174, 257, 184, 437, 437, 52, 40, 243, 185, 365, 450, 78, 123, 81, 81, 396, 77, 484, 378, 385, 185, 174, 191, 378, 293, 185, 174, 76, 184, 437, 25, 52, 40, 243, 185, 365, 450, 78, 228, 123, 203, 104, 94, 144, 229, 427, 414, 185, 365, 223, 482, 82, 126, 453, 203, 25, 94, 78, 132, 473, 397, 144, 229, 427, 204, 460, 91, 199, 257, 10, 268, 201, 207, 196, 325, 462, 225, 323, 395, 359, 440, 195, 375, 105, 135, 369, 62, 462, 95, 456, 175, 254, 67, 188, 189, 33, 220, 186, 301, 423, 81, 80, 478, 194, 209, 290, 306, 356, 57, 11, 220, 351, 117, 478, 209, 112, 325, 223, 482, 82, 126, 453, 280, 86, 475, 378, 253, 274, 1, 254, 258, 67, 355, 154, 356, 393, 397, 205, 359, 440, 195, 375, 105, 135, 369, 62, 462, 95, 5, 267, 350, 429, 173, 376, 197, 351, 478, 209, 38, 445, 432, 233, 171, 235, 42, 269, 377, 444, 90, 32, 455]
Tree:
None
Fitness on 5000 data:
-6.435009173951131

Fitness:
-6.034616617330464