Generation:
500

Phenotype:
skill1 = gm([3, 3, 1.1])  - uniform([8, 2.6], 4); 
skill2 = uniform([12, 1], 1) + uniform([3, 11.9], 1); 
p1wins = bern(0.4);
skill1 = 5  * p1wins + uniform([12, 9], 1);;

Genotype:
[441, 173, 165, 89, 374, 34, 189, 374, 34, 189, 249, 198, 408, 162, 225, 127, 64, 383, 43, 265, 450, 198, 43, 228, 252, 300, 207, 90, 313, 43, 414, 368, 144, 342, 198, 43, 210, 198, 408, 162, 225, 127, 430, 67, 64, 383, 450, 330, 43, 414, 368, 144, 342, 198, 43, 210, 22, 300, 207, 69, 69, 313, 88, 373, 20, 161, 265, 450, 198, 43, 198, 43, 210, 342, 198, 43, 210, 43, 210, 22, 408, 418, 32, 162, 430, 67, 64, 383, 374, 38, 207, 69, 313, 162, 373, 20, 161, 18, 22, 113, 431, 445, 83, 249, 198, 408, 125, 418, 32, 162, 430, 67, 64, 383, 121, 414, 368, 144, 342, 198, 43, 210, 252, 300, 249, 198, 408, 162, 225, 127, 368, 144, 342, 198, 43, 210, 252, 478, 328, 83, 430, 67, 64, 383, 450, 330, 43, 365, 368, 144, 342, 198, 43, 373, 22, 300, 238, 69, 69, 313, 64, 478, 328, 83, 430, 67, 64, 383, 450, 330, 43, 414, 368, 144, 342, 198, 43, 210, 22, 300, 207, 69, 69, 313, 88, 373, 20, 368, 117, 342, 198, 43, 210, 252, 300, 399, 499, 90, 64, 383, 167, 40, 220, 265, 450, 198, 43, 210, 22, 472, 207, 69, 342, 198, 424, 210, 22, 300, 207, 69, 69, 313, 478, 375, 292, 158, 265, 136, 252, 40, 207, 18, 190, 64, 277]
Tree:
None
Fitness on 5000 data:
-6.359262331625696

Fitness:
-5.920557743763584