Generation:
500

Phenotype:
damage = gm([0.6, 0, 0], [0.2, 1, 0]) + 1;
damage = gm([0.5, 0, 0], [0.9, 1, 0]);
preplevel = gm([0.5, 0, 0], [0.2, 1, 0], [0.3, 2, 0]) + preplevel;

Genotype:
[378, 481, 420, 174, 417, 211, 220, 30, 48, 347, 28, 57, 196, 100, 352, 404, 183, 52, 48, 333, 0, 274, 134, 30, 48, 116, 28, 57, 352, 122, 171, 256, 226, 443, 418, 28, 500, 290, 405, 420, 174, 417, 459, 226, 154, 109, 201, 420, 48, 62, 404, 183, 52, 431, 84, 359]
Tree:
None
Fitness on 5000 data:
-1.5808820064684135

Fitness:
-1.5118868897250985