Generation:
500

Phenotype:
u = w; 
 v = bern(0.9); 
 w = x + bern(0.1); 
 x = bern(0.6)  - u; 
 u = bern(0.2)  - 0;

Genotype:
[178, 210, 88, 496, 86, 33, 56, 189, 152, 25, 302, 250, 279, 448, 33, 288, 377, 152, 25, 302, 398, 500, 328, 72, 42, 423, 328, 311, 448, 33, 334, 189, 448, 33, 334, 41, 191, 56, 500, 312, 398, 40, 342, 423, 328, 189, 448, 33, 334, 41, 191, 56, 500, 312, 398, 40, 342, 32, 319, 162, 227, 182, 88, 181, 335, 320, 492, 98, 125, 458, 473, 213, 110, 281, 95, 192, 243, 166, 433, 253, 62, 235, 26, 310, 388, 172, 274]
Tree:
None
Fitness on 5000 data:
-1.8269780180662485

Fitness:
-1.6275288157380348