Generation:
500

Phenotype:
burglary=0 + johncalls; 
 earthquake=bern(0.6); 
 alarm=bern(0.1); 
 johncalls=burglary; 
 earthquake = burglary;
alarm = 0  - bern(0.1);
alarm = johncalls;
burglary = alarm + bern(0.1);
alarm = alarm;
burglary = alarm + bern(0.4);
burglary = 0;

Genotype:
[443, 367, 351, 156, 430, 464, 367, 351, 156, 445, 464, 123, 466, 277, 126, 264, 50, 450, 88, 378, 430, 464, 369, 12, 148, 414, 192, 216, 62, 134, 377, 359, 250, 208, 219, 99, 5, 192, 216, 62, 111, 156, 96, 295, 27, 134, 377, 280, 277, 126, 264, 50, 450, 99, 378, 126, 264, 50, 450, 88, 378, 430, 464, 369, 12, 148, 88, 378, 430, 464, 369, 12, 148, 414, 61, 220, 105, 359, 250, 208, 219, 99, 5, 192, 216, 62, 111, 156, 96, 295, 27, 134, 377, 280, 277, 126, 264, 50, 450, 99, 378, 126, 264, 50, 450, 88, 378, 430, 464, 369, 12, 148, 414, 61, 107, 148, 414, 313, 192, 216, 62, 134, 377, 134, 377, 232, 277, 126, 348, 50, 315, 156, 134, 377, 280, 277, 126, 264, 50, 450, 99, 378, 126, 250, 208, 219, 99, 311, 220, 105, 359, 250, 208, 219, 99, 311, 192, 216, 62, 111, 20, 178, 221, 240, 107, 292, 54, 437, 277, 137, 294, 210, 177, 173, 417, 217, 456, 170, 156, 41, 429, 422, 396, 401, 318, 118, 110, 188, 445, 457, 459, 355, 148, 351, 209, 51, 349, 310, 33, 181, 267, 92, 207, 434, 115, 49, 329, 468, 401, 217, 289, 15, 362, 472, 384, 134, 70, 101, 70, 168, 242, 36, 249, 238, 2, 68, 184, 145, 42, 282, 457, 286, 205, 120, 424, 87, 236, 268, 68, 459, 499, 149]
Tree:
None
Fitness on 5000 data:
-inf

Fitness:
2.2204460492503128e-16