Generation:
500

Phenotype:
u = 0; 
 v = bern(0.8) + x; 
 w = bern(0.2)  - 0; 
 x = bern(0.7); 
 u = bern(0.3);

Genotype:
[249, 30, 217, 398, 226, 392, 365, 394, 228, 392, 395, 341, 228, 451, 316, 81, 316, 165, 12, 449, 231, 40, 434, 129, 244, 21, 96, 155, 47, 5, 316, 81, 361, 157, 165, 196, 6, 300, 371, 22, 59, 394, 433, 264, 488, 152, 481, 41, 469, 220, 313, 338, 150, 130, 46, 248, 212, 98, 459, 136, 349, 190, 96, 28, 18, 130, 129, 124, 394, 464, 488, 232, 208, 1, 307, 447, 41, 361, 412, 222, 60, 208, 254, 323, 147, 118, 447, 289, 144, 173, 108, 231, 481, 40, 112, 112, 381, 124, 138, 286, 422, 47, 220, 212, 203, 226, 382, 253, 61, 271, 358, 39, 392, 460, 29, 301, 287, 354, 242, 87, 155, 88]
Tree:
None
Fitness on 5000 data:
-2.07545227161681

Fitness:
-1.7981721642463233