Generation:
500

Phenotype:
v = gm([9, 10.8, 2.3])  - 4  * w;
if w > 29 { 
   w = bern(0.2)  - 20  * uniform([0, 2], 3); 
 } else { 
   u = bern(0.2); 
 } end if;
w = uniform([2, 9], 1)  - bern(0.8);;

Genotype:
[293, 199, 62, 488, 121, 230, 285, 241, 472, 26, 71, 181, 289, 7, 431, 157, 299, 19, 128, 132, 200, 33, 411, 232, 168, 20, 278, 379, 463, 36, 344, 183, 164, 425, 396, 11, 181, 289, 144, 430, 62, 42, 118, 38, 438, 480, 36, 225, 372, 168, 87, 478, 360, 396, 384, 383, 26, 228, 62, 312, 348, 179, 200, 33, 411, 232, 425, 396, 11, 181, 289, 144, 430, 51, 42, 118, 38, 438, 354, 36, 225, 372, 168, 87, 83, 135, 396, 384, 383, 160, 228, 62, 312, 331, 230, 285, 473, 472, 26, 34, 285, 232, 256, 223, 83, 129, 380, 132, 38, 283, 384, 144, 430, 182, 379, 384, 36, 66, 137, 164, 479, 33, 411, 232, 168, 20]
Tree:
None
Fitness on 5000 data:
-5.12935610503745

Fitness:
-5.000850279666255