Generation:
500

Phenotype:
u = bern(0.2); 
v = gm([19.2, 10.2, 2]); 
if u != 15 { 
  if 25 * gm([27.5, 5.6, 12]) + gm([18, 6, 12.8]) + w + w > 14 { 
    w = 2  * gm([16.3, 3, 0.4]);
   } else { 
     w =  uniform([3, 7], 2); 
   } end if;
 } else { 
   w =  5  * bern(0.2) + 4  * uniform([27, 6], 3); 
 } end if;

Genotype:
[179, 378, 345, 383, 1, 27, 312, 129, 266, 345, 19, 406, 451, 165, 352, 324, 281, 56, 42, 137, 232, 97, 167, 189, 273, 209, 330, 357, 89, 13, 289, 408, 59, 406, 136, 283, 214, 213, 336, 32, 328, 122, 37, 119, 136, 421, 141, 34, 248, 92, 72, 240, 420, 182, 27, 324, 27, 94, 312, 129, 126, 213, 78, 308, 328, 65, 471, 465, 291, 291, 141, 34, 406, 122, 357, 89, 13, 289, 408, 59, 406, 136, 283, 214, 213, 336, 32, 42, 137, 425, 97, 212, 56, 42, 125, 37, 307, 167, 85, 137, 105, 330, 341, 81, 133, 289, 408, 59, 406, 420, 182, 27, 324, 27, 94, 312, 129, 126, 213, 336, 308, 328, 65, 471, 265, 136, 291, 141, 34, 406, 283, 68, 213, 336, 32, 328, 122, 473, 119, 136, 421, 141, 34, 27, 327, 56, 42, 125, 37, 307, 167, 85, 137, 184, 330, 357, 81, 133, 289, 408, 59, 406, 136, 283, 42, 32, 289, 408, 59, 34, 248, 92, 72, 240, 420, 92, 27, 324, 56, 42, 125, 37, 307, 167, 85, 137, 184, 330, 357, 81, 133, 289, 408, 59, 406, 136, 283, 126, 213, 336, 308, 328, 65, 471, 265, 136, 291, 141, 34, 85, 137, 184, 330, 357, 81, 27, 94, 312, 129, 266, 345, 19, 406, 451, 94, 169, 324, 101, 56, 288, 125, 37, 307, 167, 85, 273, 209, 330, 357, 89, 13, 289, 408, 156, 406, 136, 283, 68, 213, 336, 32, 328, 122, 65, 471, 283, 126, 213, 336, 308, 328, 65, 471, 265, 136, 291, 141, 34, 406, 325, 94, 403, 129, 359, 201, 382, 190, 149, 292, 85, 235, 377, 208, 345, 253, 377, 208, 345, 336, 289, 328, 154, 122, 37, 265, 136, 291, 141, 34, 406, 325, 94, 403, 129, 359, 201, 382, 190, 149, 292, 327, 235, 377, 208, 345, 253, 377, 208, 345, 336, 198, 357, 448, 13, 289, 408, 459, 406, 136, 283, 68, 213, 336, 32, 328, 122, 37, 119, 136, 421, 141, 34, 248, 92, 72, 240, 420, 92, 27, 324, 56, 42, 125, 37, 307, 167, 85, 137, 184, 119, 204, 421, 141, 34, 248, 92, 72, 240, 420, 92, 27, 324, 257, 312, 129, 37, 307, 289, 408, 59, 406, 136, 283, 68, 213, 336, 308, 328, 122, 449, 119, 136, 421, 141, 34, 248, 92, 72, 240, 420, 92, 27, 324, 59, 222, 495, 92, 72, 457, 181, 203, 1, 324, 323, 384, 334, 347, 481, 325, 85, 235, 377, 208, 345, 253, 406, 111, 94, 169, 324, 52, 340, 42, 125, 37, 307, 167, 85, 258, 24, 330, 357, 81, 339, 289, 408, 59, 406, 136, 283, 68, 289, 408, 116, 325, 85, 235, 377, 402, 345, 253, 406, 111, 94, 169, 324, 52, 340, 42, 125, 154, 283, 408, 59, 406, 136, 283, 68, 213, 336, 308, 328, 134, 449, 119, 136, 421, 141, 34, 248, 92, 72, 240, 420, 92, 27, 324, 139, 139, 313, 17, 192, 495, 92, 332, 344, 183, 258, 476, 330, 357, 377, 208, 345, 20, 404, 177, 315, 457, 345, 59, 406, 111, 94, 282, 129, 77, 201, 382, 353, 116, 404, 61, 352, 278, 44, 35, 384, 393, 288, 321, 311, 412, 258, 476, 330, 357, 81, 339, 289, 408, 200, 483, 451, 391, 223, 481, 324, 139, 420, 92, 215, 136, 134, 20, 404, 353, 315, 457, 332, 274, 236, 125, 37, 307, 52, 160, 136, 457, 332, 344, 183, 258, 476, 330, 357, 81, 339, 289, 408, 59, 406, 136, 283, 68, 213, 336, 308, 328, 122, 426, 119, 136, 421, 141, 34, 248, 404, 362, 390, 321, 28, 28, 321, 269, 328, 314, 18, 129, 77, 491, 382, 0, 116, 325, 85, 87, 377, 208, 345, 405, 10, 11, 82, 363, 279, 276, 368, 439, 17, 7, 237, 297, 27, 482, 443, 108, 347, 481, 154, 283, 281, 459, 271, 404, 61, 352, 278, 44, 35, 384, 257, 288, 321, 311, 412, 129, 10, 203, 295, 433, 303, 9, 224, 469, 249, 152, 321, 483, 67, 424, 381, 91, 26, 75, 159, 212, 332, 312, 151, 354, 28, 451, 9, 361, 350, 265, 53, 64, 178, 58, 239, 339, 75, 222, 327, 376, 325, 271, 343, 103, 139, 481, 346, 175, 81, 96, 267, 63, 72, 203, 108, 3, 434, 405, 380, 191, 341, 381, 95, 289, 220, 240, 271, 308, 230, 249, 341, 194, 212, 217, 301, 254, 281, 17, 323, 158, 318, 120, 77, 129, 441, 145, 12, 6, 328, 167, 17, 346, 140, 333, 345, 52, 244, 61, 280, 304, 486, 208, 499, 450, 421, 81, 219, 194, 372, 444, 42, 398, 241, 424, 326, 408, 241, 373, 70, 83, 367, 259, 136, 60, 183, 468, 43, 356, 405, 493, 356, 410, 457, 71, 56, 338, 317, 425, 426, 26, 25, 242, 343, 178, 428, 34, 319, 487, 204, 15, 283, 72, 484, 240, 265, 482, 122, 372, 416, 229, 457, 474, 149, 270, 33, 368, 427, 197, 3, 409, 271, 243, 398, 143, 39, 164, 435, 246, 329, 33, 477, 147, 40, 79, 73, 92, 471, 365, 31, 282, 394, 409, 253, 182, 499, 168, 243, 392, 128, 377, 353, 274, 103, 266, 177, 21, 412]
Tree:
None
Fitness on 5000 data:
28.54459963025977

Fitness:
29.28995783191217