Generation:
500

Phenotype:
skill1 = gm([0, 23.1, 6.2], [8.2, 18.2, 5.4]); 
skill2 = gm([19, 23.3, 3])  - uniform([1, 4], 1); 
if p1wins == 3 { 
  p1wins = 10  - 23;
 } else { 
  p1wins = bern(0.4); 
 } end if;

Genotype:
[373, 339, 141, 141, 5, 360, 93, 53, 395, 216, 397, 37, 469, 342, 427, 318, 307, 439, 359, 154, 101, 408, 93, 248, 399, 221, 62, 256, 360, 393, 178, 308, 256, 3, 393, 254, 466, 268, 399, 156, 308, 308, 256, 3, 350, 311, 140, 289, 185, 260, 209, 396, 63, 23, 120, 51, 376, 412, 72, 21, 215, 320, 258, 444, 146, 480, 165, 468, 19, 73, 340, 443, 353, 246, 172, 220, 498, 242, 497, 0, 251, 213, 373, 246, 169, 250, 148, 414, 381, 13, 105, 120, 115, 343]
Tree:
None
Fitness on 5000 data:
-6.422715781448701

Fitness:
-6.150610921985431