Generation:
500

Phenotype:
skill1 = 11 * 4  - gm([0, 13.8, 7], [27.3, 23, 4.7]); 
skill2 = uniform([4, 1], 3) + 28  * p1wins; 
p1wins = 23  * p1wins;
p1wins = bern(0.2);
skill2 = uniform([14, 17.9], 1)  - skill2;;

Genotype:
[291, 266, 338, 327, 73, 66, 72, 129, 289, 336, 93, 441, 168, 25, 344, 100, 28, 385, 492, 461, 224, 302, 171, 469, 303, 82, 303, 82, 376, 246, 72, 134, 289, 462, 488, 266, 237, 322, 240, 28, 310, 260, 24, 217, 302, 171, 471, 27, 82, 303, 260, 325, 13, 110, 3, 346, 76, 229, 141, 125, 476, 240, 72, 129, 135, 160, 357, 36, 320, 306, 302, 24, 217, 302, 266, 229, 175, 472, 476, 66, 72, 129, 135, 160, 357, 36, 320, 306, 302, 24, 217, 302, 257, 471, 223, 219, 64, 456, 378, 328, 128, 226, 490, 456, 273, 266, 237, 322, 167, 28, 385, 260, 461, 434, 302, 171, 471, 303, 82, 303, 82, 376, 66, 95, 129, 289, 254, 488, 266, 237, 76, 240, 28, 237, 322, 240, 345, 385, 260, 461, 224, 302, 171, 471, 303, 82, 303, 82, 376, 66, 72, 260, 461, 224, 256, 346, 146, 265, 306, 302, 24, 217, 302, 257, 471, 223, 219, 64, 456, 378, 328, 128, 226, 490, 456, 277, 114, 181, 79, 237, 454, 490, 164, 100, 279, 240, 28, 289, 66, 72, 129, 289, 226, 273, 266, 289, 385, 266, 237, 322, 240, 28, 385, 260, 72, 129, 289, 4, 211, 266, 3, 346, 382, 229, 175, 327, 302, 171, 471, 303, 276, 303, 82, 404, 328, 110, 3, 346, 138, 229, 10, 211, 338, 327, 73, 66, 471, 223, 219, 64, 456, 378, 328, 128, 226, 490, 456, 277, 114, 181, 79, 160, 456, 378, 328, 128, 226, 299, 88, 300, 395, 37, 387, 274, 113, 214, 490, 164, 100, 279, 372, 97, 0, 219, 408, 426, 264, 241, 496, 295, 262, 280, 76, 115, 250, 109, 162, 338, 133, 146, 265, 306, 220, 24, 217, 302, 257, 471, 223, 27, 232, 241, 21, 428, 361, 300, 56, 406, 16, 333, 239, 193, 10, 284, 459, 113, 426, 73, 416, 246, 135, 46, 231, 448, 108, 49, 342, 108, 281, 122, 467, 387, 230, 135, 160, 357, 36, 354, 153, 443, 159, 323, 189, 320, 108, 325, 362, 303, 421, 369, 243, 272, 250, 99, 480, 262, 107, 54, 25, 476, 123, 120, 110, 155, 312, 189, 337, 266, 357, 318, 26, 140, 447, 239, 258, 447, 139, 313, 82, 303, 82, 137, 13, 80, 3, 346, 73, 0, 219, 137, 13, 80, 3, 346, 73, 0, 219, 64, 456, 378, 328, 128, 226, 299, 88, 300, 73, 37, 492, 274, 113, 475, 245, 490, 255, 211, 9, 98, 474, 170, 373, 474, 55, 20, 214, 12, 321, 204, 202, 488, 423, 422, 77, 1, 337, 440, 346, 70, 320, 361, 300, 56, 406, 16, 333, 239, 193, 10, 284, 459, 113, 426, 73, 416, 246, 135, 46, 231, 448, 108, 49, 342, 108, 281, 122, 467, 387, 230, 135, 160, 357, 36, 354, 153, 443, 159, 323, 189, 320, 108, 325, 362, 303, 421, 369, 243, 272, 250, 99, 480, 262, 107, 54, 25, 476, 123, 120, 110, 155, 312, 189, 337, 266, 357, 318, 26, 140, 447, 239, 258, 447, 139, 41, 327, 214, 66, 72, 129, 303, 82, 303, 82, 137, 36, 229, 41, 327, 64, 456, 378, 328, 128, 226, 299, 88, 300, 395, 37, 492, 274, 113, 266, 237, 322, 240, 28, 385, 36, 229, 41, 327, 73, 66, 159, 129, 303, 82, 303, 82, 120, 110, 155, 312, 189, 337, 266, 357, 318, 26, 140, 447, 239, 258, 447, 139, 313, 82, 303, 82, 137, 13, 80, 3, 346, 73, 0, 219, 137, 13, 80, 3, 346, 73, 0, 37, 492, 274, 113, 214, 490, 164, 100, 279, 372, 97, 0, 219, 220, 426, 264, 241, 496, 295, 262, 280, 76, 115, 250, 109, 162, 338, 133, 146, 265, 306, 220, 24, 217, 302, 257, 471, 223, 27, 232, 241, 21, 428, 361, 300, 56, 406, 16, 333, 239, 193, 10, 284, 459, 113, 426, 73, 416, 246, 135, 46, 231, 448, 108, 49, 342, 108, 281, 122, 467, 387, 230, 135, 160, 357, 36, 354, 153, 443, 159, 323, 189, 320, 108, 325, 362, 303, 421, 369, 243, 272, 250, 99, 480, 262, 107, 54, 25, 476, 123, 120, 110, 155, 312, 189, 337, 266, 357, 318, 26, 140, 447, 239, 258, 447, 139, 313, 82, 303, 82, 137, 13, 80, 3, 346, 73, 0, 219, 137, 13, 80, 3, 346, 73, 0, 219, 64, 456, 378, 328, 128, 226, 299, 88, 300, 73, 37, 492, 274, 113, 475, 245, 490, 255, 211, 9, 98, 474, 170, 373, 474, 55, 20, 214, 12, 321, 204, 202, 488, 423, 422, 77, 1, 337, 440, 346, 70, 320, 361, 300, 56, 406, 16, 333, 239, 193, 10, 284, 459, 113, 426, 73, 416, 246, 135, 46, 231, 448, 108, 49, 342, 108, 281, 122, 467, 387, 230, 135, 160, 357, 36, 354, 153, 443, 159, 323, 189, 320, 108, 325, 362, 303, 421, 369, 243, 272, 250, 99, 480, 262, 107, 54, 25, 476, 123, 120, 110, 155, 312, 189, 337, 266, 357, 318, 26, 140, 447, 239, 258, 447, 139]
Tree:
None
Fitness on 5000 data:
-6.196999046818284

Fitness:
-5.972414417505536