Generation:
500

Phenotype:
skill1 = gm([13, 22, 6]); 
skill2 = uniform([15, 10.8], 1); 
p1wins = gm([17, 21.2, 19.9], [29, 24, 0], [20.1, 9.6, 8.7])  - 17;
p1wins = bern(0.1);;

Genotype:
[282, 492, 468, 153, 242, 138, 447, 398, 208, 358, 347, 459, 372, 174, 139, 367, 134, 7, 320, 383, 27, 273, 225, 44, 358, 337, 238, 190, 367, 329, 377, 375, 404, 463, 214, 148, 236, 372, 492, 403, 20, 450, 191, 102, 176, 313, 39, 438, 101, 134, 358, 252, 250, 387, 102, 3, 48, 415, 387, 350, 476, 391, 177, 31, 270, 272, 193, 64, 365, 48, 184, 83, 23, 178, 369, 11, 382, 491, 472, 267, 4, 339, 16, 395, 414, 356, 268, 346, 60, 459, 372, 174, 139, 367, 358, 337, 238, 383, 27, 273, 225, 287, 37, 375, 395, 109, 243, 477, 288, 37, 190, 120, 108, 451, 170, 222, 279, 383, 85, 473, 128, 321, 305, 58, 111, 319, 123, 164, 177, 329, 159, 192, 443, 313, 39, 438, 101, 134, 378, 252, 250, 387, 102, 3, 48, 415, 387, 350, 476, 391, 177, 187, 31, 270, 272, 193, 64, 365, 48, 184, 83, 23, 178, 369, 11, 382, 491, 472, 267, 4, 339, 16, 395, 414, 356, 268, 346, 384, 201, 41, 323, 448, 252, 137, 288, 28, 48, 61, 398, 34, 358, 195, 403, 183, 311, 225, 91, 384, 17, 221, 419, 431, 428, 315, 428, 38, 248, 62, 250, 287, 186, 278, 132, 138, 312, 71, 36, 296, 267, 410, 213, 392, 492, 426, 95, 256, 5, 454, 70, 105, 21, 32, 214, 453, 63, 148, 285]
Tree:
None
Fitness on 5000 data:
-6.362718741147546

Fitness:
-5.951506378384503