Generation:
500

Phenotype:
u = x + bern(0.3); 
 v = 0  - bern(0.4); 
 w = 1  - bern(0.9); 
 x = bern(0.7) + 0; 
 if v != 1 { 
   v = 0 + bern(0.9); 
 } else { 
   v = bern(0.1)  - bern(0.9); 
 } end if;

Genotype:
[311, 349, 306, 154, 35, 184, 103, 488, 308, 473, 364, 272, 391, 318, 497, 15, 435, 486, 311, 296, 79, 84, 303, 60, 497, 364, 272, 391, 318, 497, 15, 435, 48, 488, 493, 473, 424, 31, 450, 388, 453, 98, 48, 368, 488, 493, 473, 424, 31, 450, 388, 453, 98, 424, 400, 488, 493, 473, 231, 98, 349, 306, 154, 85, 184, 103, 488, 308, 473, 364, 296, 424, 400, 488, 493, 473, 231, 98, 311, 296, 461, 84, 303, 60, 497, 48, 368, 488, 493, 473, 424, 31, 450, 87, 253, 439, 390, 58, 378, 247, 84, 303, 60, 497, 48, 109, 488, 493, 473, 319, 31, 361, 388, 475, 129, 70, 414, 309, 229, 345, 173, 279, 437, 196, 251, 309, 224, 21, 1, 282, 72, 435, 73, 45, 366, 174, 132, 47, 177, 404, 22, 418, 327, 17, 479, 305, 437, 86, 482, 60, 420, 10, 82, 306, 437, 196, 251, 309, 224, 21, 1, 282, 72, 435, 73, 45, 366, 174, 132, 47, 177, 60, 497, 48, 109, 488, 493, 473, 319, 31, 361, 388, 475, 129, 70, 414, 309, 229, 345, 173, 279, 437, 196, 251, 309, 224, 21, 1, 282, 72, 435, 73, 45, 366, 174, 132, 47, 177, 404, 22, 418, 327, 17, 479, 305, 437, 86, 482, 60, 420, 10, 82, 306, 437, 196, 251, 309, 224, 21, 1, 282, 72, 435, 73, 45, 366, 174, 132, 47, 177, 404, 22, 418, 327, 17, 479, 305, 437, 86, 482, 60, 420, 10, 82, 306, 154, 35]
Tree:
None
Fitness on 5000 data:
-1.9497309568548957

Fitness:
-1.6418320230442993