Generation:
500

Phenotype:
mu = sigma  - 5; 
sigma = uniform([1, 2.3], 1); 
x = gm([27, 14.4, 4.4]) + 7;
mu = gm([27, 14.5, 4.2]) + 7;;

Genotype:
[455, 167, 6, 264, 1, 320, 158, 67, 27, 111, 227, 32, 99, 219, 182, 336, 247, 180, 430, 358, 260, 120, 97, 200, 282, 307, 376, 156, 53, 16, 193, 384, 108, 182, 336, 247, 180, 430, 358, 260, 120, 97, 200, 427, 307, 376, 469, 53, 16, 193, 384, 108, 333, 6, 376, 469, 53, 16, 193, 384, 108, 333, 6, 446, 105, 172, 228, 470, 491, 233, 332, 246, 108, 333, 6, 264, 105, 172, 228, 470, 491, 233, 333, 6, 264, 105, 172, 228, 470, 491, 233, 332, 246, 422, 67, 97, 200, 307, 157, 431, 53, 16, 193, 384, 108, 6, 264, 105, 172, 228, 470, 491, 233, 332, 246, 332, 67, 27, 111, 111, 227, 65, 99, 41, 100, 61, 289, 180, 430, 358, 80, 23, 314, 318, 302, 173, 470, 491, 233, 332, 477, 374, 457, 322, 261, 234, 253, 446, 370, 261, 107, 368, 459, 255, 31, 27, 111, 227, 65, 99, 41, 100, 61, 289, 180, 430, 358, 312, 120, 97, 200, 105, 307, 113, 431, 440, 16, 156, 384, 108, 384, 45, 23, 404, 448, 238, 269, 200, 133, 374, 457, 322, 261, 234, 253, 446, 370, 261, 107, 368, 459, 255, 31, 85, 308, 376, 141, 373, 340, 257, 377, 202, 441, 194, 147, 456, 92, 177, 342, 299, 272]
Tree:
None
Fitness on 5000 data:
-6.856893102342453

Fitness:
-6.679144096747361