Generation:
500

Phenotype:
johncalls = bern(0.1) + burglary;
alarm = earthquake + burglary;
johncalls = 0  - 0;

Genotype:
[199, 94, 488, 478, 471, 439, 174, 189, 0, 308, 56, 64, 260, 114, 258, 76, 36, 0, 245, 0, 308, 172, 64, 320, 423, 63, 320, 327, 148, 487, 114, 172, 76, 36, 0, 0, 481, 0, 308, 172, 64, 320, 423, 394, 66, 114, 258, 76, 36, 0, 481, 306, 472, 195, 353, 121, 61, 236, 67, 70, 112, 358, 164, 378, 313, 43, 186, 415, 392, 49, 74, 297, 4, 309, 141, 87, 450, 156, 285, 289, 49]
Tree:
None
Fitness on 5000 data:
-inf

Fitness:
0.0