Generation:
500

Phenotype:
v = gm([21, 10, 3], [0, 23, 11]);
w = 18 * 3 + 15;
u = 18  * gm([21, 26.7, 21])  - w;
w = bern(0.8) + uniform([0, 9], 1);
u = bern(0.2);;

Genotype:
[497, 202, 66, 123, 316, 15, 210, 217, 437, 304, 52, 132, 41, 328, 282, 44, 474, 186, 330, 85, 148, 228, 478, 9, 107, 52, 32, 395, 328, 282, 44, 474, 170, 304, 52, 107, 447, 179, 190, 297, 241, 170, 196, 52, 347, 181, 492, 304, 52, 132, 328, 419, 44, 333, 401, 304, 69, 107, 475, 474, 438, 186, 144, 134, 148, 54, 362, 9, 447, 378, 138, 267, 244, 443, 351, 56, 303, 198, 22, 330, 179, 190, 435, 88, 327, 434, 240, 128, 36, 128, 52, 107, 447, 474, 170, 5, 86, 172, 111, 435, 472, 379, 330, 194, 190, 308, 105, 244, 244, 443, 337, 433, 496, 198, 351, 52, 132, 328, 282, 44, 474, 170, 321, 52, 107, 447, 474, 170, 186, 330, 134, 148, 228, 478, 9, 447, 474, 481, 9, 27, 399, 138, 267, 244, 295, 337, 433, 496, 198, 351, 56, 303, 198, 22, 330, 179, 190, 44, 474, 170, 196, 52, 107, 52, 32, 304, 52, 132, 328, 282, 44, 292, 401, 304, 69, 107, 447, 474, 438, 186, 330, 134, 148, 54, 362, 9, 447, 474, 138, 267, 244, 443, 351, 56, 303, 198, 22, 330, 179, 190, 435, 88, 327, 434, 240, 128, 36, 128, 52, 107, 447, 474, 170, 5, 86, 172, 111, 435, 472, 379, 330, 194, 190, 308, 105]
Tree:
None
Fitness on 5000 data:
-5.443771102255109

Fitness:
-4.892519006291338