Generation:
500

Phenotype:
u = u + bern(0.3); 
 v = bern(0.9) + v; 
 w = x + 0; 
 x = bern(0.6); 
 w = bern(0.1);

Genotype:
[279, 127, 472, 48, 248, 270, 289, 110, 292, 280, 331, 269, 352, 164, 1, 247, 412, 440, 207, 297, 330, 342, 290, 15, 491, 220, 338, 373, 490, 375, 10, 15, 324, 1, 248, 412, 440, 126, 327, 338, 339, 490, 215, 10, 15, 324, 472, 310, 214, 269, 321, 151, 496, 226, 362, 201, 10, 15, 321, 498, 310, 124, 427, 133, 105, 88, 145, 75, 277]
Tree:
None
Fitness on 5000 data:
-1.9924573120477973

Fitness:
-1.6616144949793021