Generation:
500

Phenotype:
mu = 8 + uniform([0, 21.7], 1); 
sigma = gm([25.2, 2, 1], [0.5, 5.9, 5.5]);
x = 7  * gm([4, 2, 2], [0.5, 1.8, 17.4])  - 24;
x = gm([30, 3.1, 3.4]) + mu;

Genotype:
[361, 379, 365, 72, 8, 168, 473, 31, 147, 21, 438, 112, 15, 165, 214, 469, 439, 242, 172, 296, 126, 472, 435, 66, 473, 31, 337, 147, 377, 143, 15, 408, 157, 497, 82, 472, 280, 439, 242, 66, 112, 126, 136, 219, 66, 251, 31, 337, 147, 125, 232, 149, 296, 84, 122, 268, 396, 124, 30, 259, 272, 14, 123, 79, 220, 306, 329, 127, 471, 417, 480, 147, 449, 15, 408, 247, 296, 126, 472, 4, 154, 460, 132, 334, 303, 15, 408, 214, 469, 373, 126, 472, 4, 154, 460, 132, 334, 303, 15, 408, 214, 469, 373, 379, 443, 296, 442, 472, 4, 154, 394, 192, 197, 125, 39, 68, 52, 268, 289, 186, 132, 334, 377, 112, 15, 408, 214, 469, 443, 296, 126, 372, 4, 154, 394, 192, 197, 125, 39, 68, 52, 34, 289, 460, 132, 334, 303, 149, 359, 169, 122, 493, 396, 124, 75, 259, 196, 14, 387, 79, 62, 369, 73, 446, 401, 207, 357, 342, 3, 281, 442, 373, 494, 272, 213, 287, 296, 495, 352, 435, 492, 362, 319, 296, 274, 204, 204, 426, 66, 442]
Tree:
None
Fitness on 5000 data:
-6.752265602716445

Fitness:
-6.527466472019416