Generation:
500

Phenotype:
sigma = uniform([24, 4], 3)  - 24;
mu = gm([12, 19.6, 3]);
 x = sigma * gm([1,1,1]);
x = x + mu;

Genotype:
[455, 122, 428, 207, 199, 383, 84, 395, 86, 356, 282, 150, 98, 52, 86, 366, 452, 232, 183, 285, 165, 199, 74, 84, 136, 377, 205, 383, 356, 282, 182, 98, 52, 493, 366, 452, 232, 183, 285, 165, 199, 74, 86, 487, 456, 393, 285, 165, 199, 74, 84, 395, 86, 205, 130, 284, 98, 52, 235, 366, 327, 119, 393, 155, 285, 165, 199, 156, 84, 395, 86, 205, 130, 284, 98, 52, 235, 366, 327, 119, 393, 285, 17, 134, 385, 366, 456, 119, 258, 285, 333, 86, 366, 456, 434, 258, 333, 134, 385, 459, 76, 10, 470, 134, 85, 10, 10, 2, 134, 85, 10, 449, 226, 259, 117, 477, 134, 85]
Tree:
None
Fitness on 5000 data:
-6.195968372463811

Fitness:
-5.794067606885562