Generation:
500

Phenotype:
skill2 = 13  * gm([13, 1.6, 21.8], [13, 4.7, 12])  - 27  * gm([13.5, 10, 2]);
skill1 = gm([28.1, 20.4, 4.2]);
skill2 = gm([16.2, 20, 4]);
 cond = 1.3*skill2; 
cond = skill1 - cond; 
if cond > 0 { 
  p1wins = 1.0;
 } else { 
   p1wins = 0.0; 
 } end if;

Genotype:
[251, 241, 470, 498, 145, 188, 148, 416, 73, 145, 300, 106, 381, 94, 131, 59, 145, 358, 358, 470, 230, 59, 345, 15, 408, 291, 94, 120, 281, 334, 21, 478, 472, 336, 351, 142, 467, 18, 70, 336, 15, 93, 97, 188, 131, 59, 351, 217, 51, 48, 107, 252, 388, 96, 230, 151, 345, 15, 480, 381, 94, 131, 295, 145, 358, 51, 48, 283, 252, 384, 96, 230, 59, 345, 15, 408, 291, 94, 120, 281, 334, 21, 478, 472, 336, 351, 120, 97, 72, 145, 59, 145, 217, 305, 62, 283, 472, 336, 300, 120, 97, 72, 425, 59, 145, 367, 246, 468, 280, 308, 13, 204, 335, 455, 81, 196, 420, 228, 412]
Tree:
None
Fitness on 5000 data:
-5.773123221890224

Fitness:
-5.4441884061012935