Generation:
500

Phenotype:
w = 25;
v = gm([0.2, 4, 8], [2, 4.4, 18.8], [12.6, 30, 14], [22, 20, 16.5]);
v = 5  * bern(0.2);
u = bern(0.5);
v = 6  * uniform([27, 25.6], 2);
v = 25  - uniform([10, 9.2], 1);
if u==1 { 
  if v > 12 { 
    w = gm([1,12.,2.]);
   } else { 
    w = gm([1,6.,2.]); 
   } end if;
 } else { 
  w = gm([1,6.,2.]); 
 } end if;

Genotype:
[388, 247, 138, 148, 416, 354, 443, 200, 428, 328, 270, 355, 222, 231, 173, 241, 109, 310, 415, 86, 376, 278, 132, 107, 232, 188, 115, 252, 237, 73, 173, 241, 127, 81, 415, 86, 340, 278, 322, 107, 38, 188, 115, 46, 237, 131, 388, 301, 302, 220, 154, 433, 417, 109, 191, 83, 190, 139, 414, 8, 429, 381, 192, 459, 436, 346, 45, 163, 27, 397, 37, 254, 399, 467, 87, 491, 445, 159, 176, 125, 295, 284, 293, 496, 397, 471, 190, 413, 109, 288, 190, 300, 174, 32, 281, 73, 420, 204, 51, 425, 461, 343, 471, 70, 415, 161, 343, 310, 246, 115, 127, 182, 415, 7, 157, 241, 275, 148, 416, 129, 200, 131, 388, 301, 302, 355, 222, 231, 173, 241, 127, 310, 415, 86, 376, 278, 322, 484, 38, 188, 115, 46, 237, 131, 388, 301, 302, 396, 154, 433, 417, 109, 191, 490, 190, 139, 414, 187, 429, 381, 192, 459, 436, 346, 37, 254, 399, 275, 222, 120, 195, 64, 192, 445, 185, 238, 237, 131, 388, 301, 302, 220, 255, 433, 417, 109, 191, 490, 190, 139, 483, 187, 397, 188, 254, 399, 467, 87, 463, 445, 159, 56, 125, 295, 284, 138, 148, 416, 216, 129, 200, 428, 328, 270, 355, 222, 231, 173, 241, 127, 310, 415, 86, 376, 278, 322, 107, 38, 188, 471, 190, 413, 109, 288, 190, 365, 397, 275, 222, 120, 195, 64, 192, 445, 185, 238, 275, 310, 386, 86, 376, 278, 322, 156, 278, 322, 275, 310, 177, 86, 154, 278, 400, 445, 220, 200, 280, 159, 176, 125, 295, 230, 293, 496, 353, 499, 320, 241, 275, 310, 177, 86, 376, 278, 322, 445, 116]
Tree:
None
Fitness on 5000 data:
-4.960597452867319

Fitness:
-4.7642290222241135