Generation:
500

Phenotype:
skill1 = gm([8, 19.1, 4]);
skill2 = gm([15, 15, 6.9], [18.6, 15, 2], [8.3, 22, 16.1]) + uniform([3, 2.6], 4);
p1wins = bern(0.6)  - 0;;

Genotype:
[334, 166, 232, 355, 219, 468, 30, 361, 236, 276, 473, 295, 236, 468, 30, 345, 236, 246, 205, 475, 366, 349, 71, 10, 201, 240, 15, 175, 285, 467, 131, 473, 297, 68, 82, 480, 492, 467, 496, 473, 39, 326, 82, 394, 361, 295, 243, 366, 426, 499, 71, 64, 410, 351, 21, 316, 23, 17, 338, 495, 499, 41, 311, 254, 0, 211, 97, 475, 366, 349, 71, 10, 499, 240, 28, 175, 492, 467, 496, 473, 297, 68, 82, 394, 361, 127, 23, 366, 426, 499, 41, 311, 410, 351, 21, 316, 415, 17, 127, 157, 311, 71, 66, 330, 275, 97, 475, 366, 349, 71, 10, 499, 240, 28, 175, 492, 467, 496, 473, 297, 68, 82, 394, 316, 415, 17, 330, 441, 361, 183, 398, 482, 81, 482, 276, 161, 131, 223, 157, 202, 189, 158, 275, 205, 267, 390, 101, 468, 30, 361, 236, 88, 426, 81, 405, 243, 321, 305, 271, 446, 481, 0, 138, 140, 332, 347, 372, 330, 197, 405, 243, 321, 305, 271, 446, 481, 0, 138, 140, 332, 347, 7, 330, 197, 266, 250, 250, 179, 484]
Tree:
None
Fitness on 5000 data:
-6.486961394120794

Fitness:
-6.289941611059026