Generation:
500

Phenotype:
skill1 = p1wins + 1  * uniform([7, 19.1], 1);
p1wins = uniform([0, 1.2], 4);
skill2 = uniform([24, 4], 2)  - 2  * gm([19, 4, 3], [14, 2, 1]);;

Genotype:
[321, 281, 154, 201, 384, 55, 261, 160, 170, 79, 435, 122, 286, 425, 174, 378, 480, 116, 32, 112, 242, 162, 324, 226, 217, 433, 404, 91, 379, 174, 392, 284, 181, 410, 426, 94, 303, 384, 66, 365, 226, 64, 433, 489, 282, 174, 392, 66, 412, 158, 150, 4, 324, 264, 64, 430, 156, 384, 198, 56, 425, 276, 391, 436, 198, 285, 425, 276, 142, 415, 116, 412, 495, 242, 116, 412, 495, 242, 9, 171, 230, 361, 146, 79, 436, 174, 336, 284, 412, 158, 150, 436, 198, 285, 425, 276, 391, 415, 120, 430, 156, 384, 198, 285, 425, 276, 391, 436, 198, 285, 425, 276, 142, 415, 116, 412, 495, 242, 9, 171, 230, 361, 415, 116, 412, 495, 430, 9, 171, 230, 361, 146, 79, 436, 174, 336, 284, 412, 158, 150, 436, 198, 285, 425, 276, 391, 415, 116, 412, 495, 242, 9, 324, 226, 368, 433, 419, 158, 282, 174, 428, 321, 447, 161, 139, 129]
Tree:
None
Fitness on 5000 data:
-6.490195807580007

Fitness:
-6.399058942593642