Generation:
500

Phenotype:
mu = 19 + gm([26.1, 1, 4]); 
sigma = uniform([16, 6], 1)  - 17;
x = 8  * gm([0, 22, 13], [16.6, 22.9, 17]) + 20  * mu;
x = gm([7, 21.4, 3]);

Genotype:
[30, 91, 227, 388, 205, 342, 52, 132, 109, 305, 342, 248, 342, 456, 376, 137, 306, 293, 326, 86, 455, 332, 80, 374, 203, 274, 52, 132, 109, 305, 342, 248, 342, 456, 376, 137, 306, 293, 326, 86, 455, 332, 80, 374, 203, 274, 206, 255, 261, 90, 390, 4, 44, 108, 255, 153, 145, 390, 4, 468, 39, 288, 463, 36, 248, 342, 456, 178, 293, 366, 318, 475, 390, 4, 44, 39, 288, 160, 387, 276, 131, 9, 82, 81, 456, 444, 151, 165, 227, 206, 255, 153, 209, 390, 4, 468, 39, 288, 463, 36, 248, 342, 456, 82, 293, 366, 76, 64, 173, 481, 161, 487, 257, 56, 390, 276, 426, 379, 258, 83, 223, 176, 134, 426, 68, 451, 255, 125, 248, 4, 176, 4, 366, 272, 81, 389, 38, 15, 386, 4, 80, 228, 103, 322, 227, 277, 253, 429, 378, 123, 66, 393, 191, 56, 487, 109, 35, 61, 50, 290, 212, 500, 134, 426, 68, 226, 335, 235, 449, 208, 97, 110, 121, 207, 277, 225, 302, 44]
Tree:
None
Fitness on 5000 data:
-7.0570774343790985

Fitness:
-6.7079053840542455