Generation:
500

Phenotype:
mu = 2 + gm([19.1, 16, 4]);
sigma = 4  - gm([1, 2, 1.4], [1, 4, 7], [19, 1.9, 1]);
x = gm([5, 20, 6.2]);

Genotype:
[11, 173, 92, 23, 87, 229, 32, 8, 436, 63, 229, 438, 23, 298, 0, 182, 202, 122, 345, 17, 164, 2, 436, 122, 377, 490, 4, 48, 490, 173, 48, 125, 300, 374, 245, 1, 219, 291, 474, 187, 224, 407, 278, 69, 28, 340, 329, 491, 342, 287, 372, 156, 48, 452, 228, 47, 93, 48, 139, 88, 108, 315, 380, 175, 173, 316, 397, 122, 377, 490, 4, 48, 490, 173, 48, 42, 300, 374, 245, 3, 219, 291, 474, 187, 224, 407, 278, 261, 28, 340, 329, 393, 342, 287, 372, 156, 48, 156, 48, 452, 228, 47, 93, 48, 378, 62, 276, 182, 403, 401, 65, 8, 302, 23, 87, 229, 261, 484, 248, 158, 240, 141, 202, 375, 182, 159, 122, 103, 17, 164, 2, 436, 122, 377, 490, 4, 48, 490, 173, 48, 42, 216, 374, 245, 3, 219, 291, 474, 187, 224, 261, 484, 248, 158, 342, 141, 202, 375, 411, 159, 122, 345, 17, 164, 2, 436, 122, 377, 490, 4, 48, 490, 173, 48, 42, 300, 374, 245, 3, 219, 291, 474, 187, 224, 407, 278, 69, 28, 340, 329, 393, 342, 287, 372, 156, 48, 452, 228, 47, 401, 65, 8, 302, 23, 55, 229, 261, 484, 248, 158, 240, 141, 202, 375, 182, 159, 83, 276, 261, 335, 211, 83, 366, 182, 300, 374, 336, 162, 62, 276, 182, 403, 401, 65, 8, 302, 23, 87, 229, 261, 182, 340, 122, 345, 17, 164, 2, 436, 122, 377, 490, 4, 48, 490, 173, 48, 42, 300, 374, 245, 3, 219, 291, 474, 187, 224, 407, 278, 261, 28, 340, 329, 393, 342, 287, 372, 156, 48, 156, 48, 452, 228, 47, 93, 48, 139, 141, 202, 375, 182, 461, 122, 345, 141, 202, 375, 182, 159, 122, 345, 17, 164, 2, 436, 122, 377, 490, 4, 48, 490, 173, 48, 42, 300, 374, 245, 3, 219, 291, 474, 187, 224, 407, 278, 69, 28, 340, 329, 393, 342, 287, 372, 156, 48, 452, 228, 47, 93, 48, 139, 88, 108, 315, 380, 175, 173, 316, 397, 300, 300, 476, 151, 37, 147, 321, 464, 390, 222, 182, 229, 302, 47]
Tree:
None
Fitness on 5000 data:
-7.132691727221197

Fitness:
-7.091559027333543