Generation:
500

Phenotype:
skill1 = 0 + gm([23.3, 21, 4]); 
skill2 = uniform([9, 23.1], 1);
cond = 28  * bern(0.2); 
if bern(0.1) + gm([28.8, 5.3, 6], [25.3, 6, 2.5], [25, 13, 13], [1.8, 10.9, 23]) >= 29 { 
  p1wins = 1;
 } else { 
   p1wins = 0; 
 } end if;

Genotype:
[435, 412, 413, 66, 93, 276, 289, 294, 353, 85, 299, 164, 393, 276, 407, 432, 396, 334, 257, 279, 333, 0, 400, 51, 50, 290, 99, 276, 340, 400, 51, 424, 37, 99, 276, 123, 333, 340, 334, 257, 279, 333, 431, 25, 133, 253, 56, 310, 99, 133, 253, 56, 83, 342, 254, 335, 405, 85, 459, 482, 459, 172, 75, 172, 75, 388, 459, 342, 313, 31, 413, 314, 462, 209, 294, 432, 203, 296, 424, 37, 99, 94, 424, 113, 189, 200, 66, 296, 205, 449, 272, 230, 173, 45, 140, 124, 78, 369, 81, 139, 331, 364, 150, 232, 359, 164, 254, 242, 58, 12, 159, 197, 175, 215, 407, 96, 132]
Tree:
None
Fitness on 5000 data:
-6.5611564025710045

Fitness:
-5.954652915924884