Generation:
500

Phenotype:
p1wins = cond  - 6  * bern(0.9);
skill2 = bern(0.5) + gm([25.3, 19, 2.1], [2, 17, 13.1], [12, 22, 3.8]);
skill1 = gm([20, 25.5, 6.3], [2, 9.9, 14.5], [29.3, 20, 3.4]);
 cond = 1.3*skill2; 
cond = skill1 - cond; 
if cond > 0 { 
  p1wins = 1.0;
 } else { 
   p1wins = 0.0; 
 } end if;

Genotype:
[464, 385, 304, 370, 366, 107, 207, 180, 259, 388, 409, 419, 161, 326, 157, 493, 313, 156, 391, 355, 405, 9, 85, 157, 149, 389, 156, 391, 117, 405, 9, 85, 274, 157, 334, 389, 397, 44, 54, 338, 486, 167, 200, 177, 423, 344, 421, 477, 0, 247, 180, 204, 123, 265, 425, 78, 20, 205, 180, 157, 499, 409, 200, 155, 92, 157, 493, 288, 260, 391, 355, 157, 388, 427, 184, 155, 326, 206, 493, 313, 156, 391, 355, 405, 9, 85, 157, 149, 313, 156, 391, 355, 405, 9, 85, 198, 9, 85, 254, 198, 157, 452, 223, 369, 200, 437, 170, 455, 280, 134, 267, 205, 180, 157, 25, 377, 419, 155, 69, 408, 368, 313, 156, 391, 340, 295, 247, 157, 452, 223, 369, 200, 437, 170, 72, 280, 134, 267, 388, 453, 320, 69, 25, 204, 21, 265, 432, 78, 454, 335, 259, 72, 248, 174, 466, 43, 164, 289, 11, 216, 370, 493, 116, 156, 307, 340, 345, 126, 468, 177, 471, 82, 290, 175, 110, 39, 482, 488, 244, 385, 8, 367, 335, 416, 82, 442, 202, 388]
Tree:
None
Fitness on 5000 data:
-5.817806078777251

Fitness:
-5.58477944751372