Generation:
500

Phenotype:
skill1 = uniform([9, 22.2], 1)  - 13  * skill1; 
skill2 = bern(0.9); 
p1wins = bern(0.1) + bern(0.1);
skill2 = gm([21.7, 20.9, 5.1], [20.3, 20, 2], [2, 15.5, 5.7])  - p1wins;;

Genotype:
[140, 380, 480, 114, 412, 351, 239, 271, 36, 370, 354, 260, 128, 351, 291, 271, 170, 418, 90, 351, 459, 312, 375, 36, 54, 370, 316, 489, 59, 138, 29, 461, 239, 393, 15, 271, 268, 125, 405, 98, 459, 163, 461, 51, 209, 318, 423, 180, 95, 276, 212, 95, 271, 170, 418, 405, 222, 375, 351, 36, 54, 370, 316, 489, 59, 271, 268, 125, 405, 351, 459, 375, 36, 135, 494, 316, 489, 315, 138, 29, 461, 452, 380, 318, 482, 180, 316, 489, 315, 138, 29, 461, 452, 380, 318, 482, 180, 114, 29, 461, 452, 209, 423, 180, 95, 376, 212, 62, 127, 16, 464, 313, 401, 107, 212, 62, 127, 410, 116, 188, 444, 472, 428, 285, 350, 236, 354, 190, 381, 483, 232, 46, 203, 136, 158, 105, 407, 42, 314, 77, 373, 324, 71, 6, 245, 418, 81, 222, 50, 326, 137, 182, 180, 274, 189, 57, 271, 97, 418, 426, 260, 445, 276, 337, 401, 105, 407, 123, 314, 371, 442, 233, 162, 43, 453, 116, 188, 142, 206, 90, 105, 235, 222, 472, 428, 285, 350, 236, 354, 190, 381, 483, 232, 46, 203, 256, 443, 116, 450, 297, 335, 469, 446, 427, 99, 38, 56, 126, 273, 497, 171, 278, 218, 263, 81, 423, 478, 234, 86, 345, 461, 452, 380, 318, 482, 396, 222, 317, 173, 432, 14, 311, 114, 252, 115, 444, 472, 428, 285, 350, 236, 354, 190, 381, 483, 232, 46, 203, 256, 283, 317, 173, 432, 14, 311, 114, 345, 115, 235, 472, 428, 285, 350, 236, 350, 236, 354, 29, 381, 483, 232, 46, 203, 256, 338, 116, 450, 297, 335, 469, 446, 427, 99, 38, 56, 126, 273, 497, 171, 278, 227, 263]
Tree:
None
Fitness on 5000 data:
-6.300574354253354

Fitness:
-5.851490129168589