Generation:
500

Phenotype:
u = w + bern(0.1); 
 v = bern(0.9); 
 w = 0 + w; 
 x = bern(0.5)  - x; 
 w = bern(0.2)  - 0;
w = w + w;

Genotype:
[400, 487, 422, 370, 38, 466, 265, 225, 42, 482, 463, 8, 175, 277, 492, 0, 282, 318, 248, 148, 237, 13, 432, 32, 247, 353, 432, 350, 406, 152, 346, 275, 406, 69, 60, 468, 66, 422, 370, 388, 468, 18, 422, 370, 388, 310, 325, 423, 321, 68, 296, 308, 68, 296, 308, 224, 80, 288, 424, 367, 107, 62, 427, 248, 362, 417, 191, 293, 317, 151, 355, 257, 431, 365, 286, 161, 338, 287, 483, 388, 259, 61, 223, 443, 4, 22, 157, 374, 314, 316, 390, 41, 221, 336, 317, 459, 267, 16, 257, 371, 444, 296, 458, 460, 438, 275, 141, 200, 18, 141, 220]
Tree:
None
Fitness on 5000 data:
-2.12491444517605

Fitness:
-1.731769681968658