Generation:
500

Phenotype:
x = uniform([13, 17.3], 1);
mu = 1  * sigma + uniform([7, 23.1], 1);
sigma = gm([0.2, 29, 0.1])  - uniform([24, 6.2], 1);

Genotype:
[15, 64, 206, 332, 350, 270, 195, 179, 230, 237, 48, 470, 204, 464, 450, 123, 247, 418, 125, 81, 376, 462, 260, 379, 279, 209, 72, 408, 345, 446, 388, 133, 98, 492, 193, 228, 205, 31, 316, 302, 60, 265, 62, 486, 429, 215, 24, 491, 285, 289, 260, 446, 21, 133, 98, 123, 193, 228, 365, 374, 316, 302, 60, 265, 62, 236, 429, 215, 24, 17, 285, 40, 260, 95, 247, 432, 432, 496, 44, 345, 446, 21, 133, 265, 418, 141]
Tree:
None
Fitness on 5000 data:
-7.47793886331176

Fitness:
-7.343026586996377