Generation:
500

Phenotype:
u = bern(0.5); 
v = gm([15, 27.8, 13.2], [18, 0, 9.9]); 
if 19 * bern(0.7) + 7 * uniform([18, 9], 1) >= 19 { 
  if 30 * gm([19.6, 28, 29]) + u + 7 * uniform([18, 9], 1) >= 26 { 
    w = 15 * 29 + uniform([15, 23.7], 4);
   } else { 
     w =  0  * gm([2, 29.6, 10], [16.8, 16, 5], [4.7, 13.5, 14], [6, 17, 30], [13, 16, 28]) + uniform([0, 9.9], 2); 
   } end if;
 } else { 
   w =  gm([2.9, 28, 29], [28, 10.2, 30.2], [13.6, 28, 29]); 
 } end if;

Genotype:
[19, 408, 12, 359, 445, 123, 171, 81, 463, 40, 77, 309, 58, 232, 199, 168, 109, 472, 214, 18, 246, 341, 171, 474, 359, 445, 123, 171, 81, 463, 429, 436, 109, 472, 214, 18, 246, 341, 372, 338, 143, 41, 289, 77, 309, 469, 232, 199, 298, 455, 472, 214, 18, 246, 487, 286, 412, 381, 436, 109, 472, 214, 18, 276, 341, 228, 338, 429, 436, 326, 469, 232, 463, 411, 346, 356, 41, 302, 492, 379, 196, 379, 155, 137, 173, 104, 188, 37, 122, 482, 66, 72, 311, 471, 78, 160, 156, 357, 90, 67, 479, 487, 469, 150, 199, 168, 346, 6, 262, 125, 394, 37, 122, 482, 66, 309, 58, 232, 199, 168, 109, 472, 214, 18, 246, 341, 171, 474, 359, 445, 123, 171, 81, 463, 429, 436, 80, 472, 214, 18, 246, 341, 372, 338, 143, 41, 289, 77, 309, 469, 232, 199, 168, 455, 472, 214, 18, 246, 487, 286, 412, 381, 436, 113, 472, 214, 18, 276, 341, 372, 338, 429, 436, 326, 469, 232, 463, 411, 346, 356, 41, 302, 492, 379, 196, 379, 155, 137, 173, 104, 188, 37, 122, 482, 66, 72, 311, 471, 78, 160, 156, 357, 90, 67, 479, 487, 469, 150, 199, 168, 346, 6, 262, 125, 394, 37, 122, 482, 66, 72, 311, 471, 78, 160, 156, 357, 90, 67, 479, 487, 6, 465, 6, 262, 388, 50, 317, 318, 232, 463, 411, 376, 356, 232, 199, 168, 179, 317, 15, 338, 143, 41, 289, 77, 231, 6, 262, 175, 224, 67, 479, 487, 78, 359, 445, 123, 171, 81, 463, 411, 162, 356, 41, 330, 422, 379, 345, 346, 6, 262, 175, 426, 260, 122, 310, 66, 72, 311, 471, 330, 317, 15, 463, 411, 320, 356, 435, 330, 477, 379, 330, 346, 6, 346, 6, 262, 388, 50, 317, 318, 287, 429, 436, 109, 472, 214, 18, 246, 341, 372, 338, 429, 436, 491, 469, 232, 463, 411, 346, 356, 41, 155, 463, 411, 162, 260, 346, 356, 41, 302, 463, 411, 162, 199, 168, 109, 472, 214, 18, 217, 299, 286, 287, 442, 330, 346, 436, 344, 77, 309, 469, 232, 199, 168, 109, 472, 214, 18, 246, 341, 286, 287, 429, 165, 109, 472, 214, 18, 246, 341, 372, 338, 429, 436, 491, 469, 232, 463, 411, 346, 356, 41, 302, 463, 411, 162, 260, 109, 408, 474, 359, 445, 56, 171, 81, 463, 411, 320, 356, 41, 185, 77, 309, 469, 484, 199, 168, 109, 472, 214, 18, 246, 341, 286, 287, 160, 199, 179, 109, 447, 214, 18, 246, 341, 286, 287, 429, 379, 403, 137, 173, 104, 48, 18, 246, 341, 372, 338, 429, 6, 262, 160, 156, 357, 90, 67, 479, 487, 6, 372, 6, 41, 196, 379, 155, 137, 173, 104, 48, 37, 122, 482, 66, 72, 311, 471, 78, 160, 156, 357, 90, 67, 479, 487, 469, 232, 199, 168, 346, 6, 262, 125, 394, 379, 330, 346, 290, 262, 232, 199, 168, 179, 317, 15, 338, 143, 41, 289, 77, 231, 6, 262, 175, 224, 67, 479, 487, 78, 359, 445, 123, 171, 81, 463, 411, 162, 356, 41, 330, 422, 379, 345, 346, 6, 262, 175, 426, 317, 15, 338, 143, 41, 289, 77, 339, 369, 462, 202, 231, 123, 330, 346, 6, 262, 397, 280, 456, 362, 275, 392, 194, 380, 256, 378, 268, 67, 151, 12, 294, 122, 246, 213, 115, 499, 142, 436, 491, 469, 346, 215, 262, 175, 426, 317, 15, 102, 143, 41, 196, 346, 6, 133, 302, 426, 93, 284, 185, 226, 474, 202, 445, 123, 171, 81, 463, 411, 73, 88, 78, 357, 231, 76, 397, 280, 456, 362, 275, 392, 108, 244, 256, 378, 268, 67, 330, 346, 6, 262, 175, 426, 93, 122, 225, 325, 454, 354, 477, 298, 406, 239, 6, 238, 256, 340, 180, 194, 77, 457, 369, 60, 202, 231, 123, 84, 346, 6, 262, 175, 426, 93, 96, 88, 318, 38, 429, 218, 171, 451, 160, 156, 357, 90, 474, 164, 386, 482, 66, 72, 311, 471, 78, 28, 231, 76, 397, 280, 456, 362, 275, 392, 194, 244, 256, 378, 268, 67, 151, 12, 294, 122, 246, 197, 392, 224, 67, 479, 487, 78, 158, 134, 316, 455, 122, 322, 459, 133, 193, 276, 192, 116, 223, 155, 137, 173, 462, 48, 37, 122]
Tree:
None
Fitness on 5000 data:
17.214159508710754

Fitness:
21.10571127521976