Generation:
500

Phenotype:
skill2 = gm([19.8, 8, 2.9], [0, 11, 27], [2, 13, 2.1]) + 12;
skill1 = gm([9.4, 19.4, 4]);
 cond = 1.3*skill2; 
cond = skill1 - cond; 
if cond > 0 { 
  p1wins = 1.0;
 } else { 
   p1wins = 0.0; 
 } end if;

Genotype:
[181, 500, 164, 277, 9, 289, 126, 293, 369, 99, 360, 259, 148, 194, 91, 126, 377, 369, 368, 93, 254, 383, 496, 337, 14, 0, 405, 206, 106, 321, 219, 360, 53, 76, 353, 114, 172, 360, 36, 0, 360, 353, 360, 1, 443, 30, 415, 360, 354, 410, 438, 312, 353, 139, 66, 255, 371, 393, 101, 171, 399, 280, 457, 302, 129, 148, 362, 416, 69, 195, 10, 284, 353, 114, 172, 360, 36, 0, 360, 353, 360, 90, 0, 496, 187, 244, 0, 90, 0, 362, 308, 40, 360, 490, 284, 325, 360, 36, 20, 101, 171, 399, 280, 7, 353, 120, 325, 498, 434, 79, 127, 317, 422, 1, 443, 126, 415, 360, 202, 452, 438, 312, 353, 139, 66, 255, 371, 393, 435, 342, 421, 441, 418, 455, 192, 101, 171, 399, 280, 7, 35, 461, 302]
Tree:
None
Fitness on 5000 data:
-5.768993271333332

Fitness:
-5.34884244453703