Generation:
500

Phenotype:
b = 1 + uniform([12, 21.1], 3);
a = 21;
a = uniform([13, 6], 3)  - uniform([13, 4], 3); 
if a < 0 { 
  b = 3 * a + gm([1,0.,1.]); 
 } else { 
  b = gm([1,8.,1.]); 
 } end if;

Genotype:
[409, 113, 114, 29, 113, 187, 461, 356, 187, 69, 356, 446, 113, 114, 342, 50, 326, 378, 287, 106, 378, 464, 106, 21, 84, 424, 391, 444, 113, 114, 110, 354, 202, 50, 326, 378, 464, 106, 444, 84, 346, 295, 68, 356, 187, 69, 356, 231, 450, 369, 229, 115, 118, 53, 110, 259, 51, 187, 370, 6, 189, 444, 113, 467, 374, 7, 381, 7, 414, 145, 155, 52, 466, 118, 379, 466, 105, 181, 198, 419, 105, 181, 446, 396, 182, 124, 327, 138, 393, 441, 285, 93, 344, 31, 344, 159, 1, 292, 174, 118, 155, 315, 288, 27, 300, 47, 228, 213, 414, 344, 357, 73, 75, 442]
Tree:
None
Fitness on 5000 data:
-3.4971496584467667

Fitness:
-3.314568876613208