Generation:
500

Phenotype:
sigma = gm([5.5, 8.6, 12], [29, 2.3, 0.6], [2.3, 0, 14]);
mu = uniform([21, 5], 2) + 27  * x;
mu = gm([17.2, 19.7, 9.9], [22.3, 21, 1.8]);
 x = sigma * gm([1,1,1]);
x = x + mu;

Genotype:
[337, 475, 400, 273, 34, 69, 207, 169, 353, 43, 222, 265, 53, 380, 374, 238, 105, 291, 184, 29, 27, 374, 488, 291, 93, 455, 2, 27, 374, 488, 192, 93, 16, 386, 50, 276, 186, 337, 417, 209, 393, 352, 481, 457, 160, 368, 465, 2, 90, 122, 66, 21, 195, 240, 34, 69, 377, 48, 343, 37, 329, 393, 185, 9, 8, 364, 117, 22, 101, 394, 21, 195, 466, 34, 69, 207, 169, 329, 37, 34, 393, 185, 181, 336, 498, 117, 386, 101, 222, 265, 197, 380, 187, 145, 432, 192, 209, 464, 470, 192, 288, 332, 378, 167, 153]
Tree:
None
Fitness on 5000 data:
-6.889116453004254

Fitness:
-6.516208901095048