Generation:
500

Phenotype:
w = 20;
u = 21  * uniform([25, 9.8], 1);
w = 10  * uniform([24, 11.6], 3);
w = 1  * gm([17, 4.8, 2], [4, 10.2, 4]);
v = gm([15, 11.2, 2.1], [23, 8.9, 1.4], [29.2, 11.2, 2.1], [22, 8.4, 1.9], [3, 18, 11.5], [19, 11.1, 1.3]);
u = bern(0.5);;

Genotype:
[249, 23, 426, 333, 107, 231, 434, 144, 237, 130, 434, 366, 168, 57, 445, 52, 426, 304, 115, 195, 340, 172, 352, 97, 137, 195, 250, 41, 274, 241, 57, 445, 14, 426, 259, 442, 195, 404, 144, 352, 218, 137, 195, 250, 482, 305, 407, 466, 360, 343, 180, 102, 4, 147, 227, 64, 22, 283, 474, 300, 367, 108, 66, 93, 57, 282, 418, 155, 259, 244, 191, 281, 144, 61, 160, 54, 195, 256, 215, 317, 342, 66, 43, 57, 494, 253, 427, 259, 244, 77, 281, 144, 61, 160, 394, 195, 256, 309, 317, 342, 206, 359, 96, 220, 22, 452, 115, 445, 418, 426, 428, 143, 425, 104, 144, 41, 63, 290, 234, 336, 428, 36, 474, 201, 367, 436, 331, 75, 176, 417, 165, 41, 198, 415, 384, 336, 428, 477, 336, 474, 202, 468, 398, 204, 399, 281, 458, 198, 110, 259, 409, 426, 285, 299, 63, 38, 24, 374, 361, 445]
Tree:
None
Fitness on 5000 data:
-5.167134997109544

Fitness:
-5.161012809019958