Generation:
500

Phenotype:
v = w;
w = 27  * v  - 3;
w = 3;
u = bern(0.3);
v = uniform([7, 7], 4)  - bern(0.8);
if u==1 { 
  if v > 12 { 
    w = gm([1,12.,2.]);
   } else { 
    w = gm([1,6.,2.]); 
   } end if;
 } else { 
  w = gm([1,6.,2.]); 
 } end if;

Genotype:
[0, 343, 410, 319, 319, 117, 432, 372, 335, 20, 126, 494, 122, 34, 182, 420, 454, 410, 34, 34, 377, 372, 335, 20, 126, 494, 122, 34, 182, 420, 494, 117, 432, 372, 335, 20, 126, 494, 412, 34, 182, 420, 454, 410, 34, 339, 379, 372, 335, 16, 34, 67, 454, 410, 34, 34, 323, 372, 335, 20, 126, 494, 122, 34, 182, 420, 494, 123, 372, 494, 44, 32, 190, 379, 17, 410, 319, 66, 319, 141, 432, 372, 335, 20, 126, 494, 397, 34, 136, 420, 454, 410, 34, 34, 323, 372, 335, 20, 126, 494, 494, 122, 34, 182, 420, 494, 116, 34, 418, 208, 418, 208, 75, 20, 206, 14, 417, 135, 414, 8, 380, 298, 215, 198, 208, 75, 20, 206, 14, 417, 135, 138, 213, 416, 447, 429, 443]
Tree:
None
Fitness on 5000 data:
-4.841556141990912

Fitness:
-4.6163223542235094