Generation:
500

Phenotype:
skill1 = 27  * gm([2, 4.6, 15], [16, 25.3, 1.2]); 
skill2 = uniform([11, 14.8], 1)  - 2  * p1wins;
skill1 = uniform([9, 19.9], 2)  - 3  * bern(0.3); 
if uniform([9, 29.1], 3) + gm([19.2, 30, 27], [26.1, 13, 8], [10.1, 1.1, 9]) + skill2 + 2 * gm([14.9, 9, 2], [5.9, 1.6, 19], [19.3, 12, 24]) < 24 { 
  p1wins = 1;
 } else { 
   p1wins = 0; 
 } end if;

Genotype:
[238, 213, 283, 306, 153, 193, 58, 188, 421, 438, 446, 236, 170, 464, 498, 140, 41, 459, 470, 249, 404, 199, 74, 240, 90, 259, 389, 448, 475, 372, 448, 64, 316, 2, 273, 72, 422, 136, 404, 162, 498, 195, 177, 422, 152, 269, 316, 220, 219, 173, 433, 423, 240, 90, 319, 421, 215, 306, 462, 359, 58, 381, 421, 343, 484, 379, 72, 464, 484, 306, 295, 257, 243, 243, 404, 199, 64, 256, 2, 273, 72, 81, 181, 404, 162, 498, 195, 177, 426, 152, 81, 316, 93, 219, 173, 377, 269, 355, 80, 122, 350, 174, 188, 35, 173, 377, 269, 355, 94, 5, 350, 174, 188, 35, 391, 461, 70, 446, 168, 148, 240, 334, 167, 411, 267, 225, 377, 306, 295, 257, 395, 306, 295, 257, 243, 249, 404, 199, 74, 240, 90, 468, 219, 448, 475, 372, 448, 64, 256, 2, 273, 72, 422, 228, 404, 162, 498, 195, 177, 426, 152, 269, 316, 93, 219, 173, 377, 269, 355, 197, 122, 350, 174, 188, 35, 391, 461, 70, 57, 168, 7, 403, 356, 151, 167, 150, 284, 473, 454, 222, 107, 5, 266, 448, 429, 148, 326, 229, 437, 147, 112, 293, 159, 464, 457, 275, 281, 440, 460, 416, 280, 418, 88, 34, 450, 394, 347, 176, 226, 160, 57, 155, 230, 368, 358, 342, 181]
Tree:
None
Fitness on 5000 data:
-6.452435831794679

Fitness:
-6.07958950700152