Generation:
500

Phenotype:
u = u + bern(0.2);
w = gm([3, 3.4, 1.6], [24, 5, 3]);
v = uniform([0, 16.7], 1) + 1;
v = uniform([6, 8], 3)  - uniform([0, 0.4], 1);;

Genotype:
[26, 32, 154, 175, 384, 55, 300, 116, 321, 210, 391, 415, 85, 336, 284, 242, 9, 438, 329, 89, 92, 499, 419, 158, 156, 39, 187, 419, 158, 156, 179, 68, 284, 412, 158, 186, 430, 241, 481, 186, 182, 403, 459, 202, 69, 276, 419, 158, 156, 174, 68, 284, 412, 158, 186, 430, 68, 284, 412, 158, 186, 430, 403, 481, 186, 336, 168, 202, 31, 276, 419, 158, 419, 158, 174, 68, 284, 412, 158, 186, 430, 403, 481, 202, 180, 276, 492, 312, 336, 284, 242, 9, 324, 329, 193, 242, 9, 329, 193, 242, 9, 324, 226, 193, 433, 436, 245, 92, 499, 419, 158, 156, 174, 68, 284, 412, 158, 490, 499, 419, 158, 156, 174, 68, 284, 412, 158, 186, 430, 403, 481, 202, 39, 276, 492, 312, 285, 161, 139, 129]
Tree:
None
Fitness on 5000 data:
-5.459439420808153

Fitness:
-5.014420836027455