Generation:
500

Phenotype:
mu = gm([24, 19, 2]); 
sigma = 1  * gm([19, 1.9, 1.1], [0, 1, 9]);
x = gm([29, 16, 16], [3, 28, 19]) + 16  * uniform([12, 6], 4);
x = gm([8, 6.1, 3]) + uniform([13, 4], 4);

Genotype:
[56, 486, 48, 328, 384, 424, 303, 486, 236, 366, 126, 267, 7, 435, 490, 443, 144, 267, 7, 435, 62, 339, 342, 450, 104, 220, 186, 338, 435, 490, 443, 37, 267, 7, 79, 142, 339, 342, 450, 296, 357, 450, 104, 220, 186, 338, 328, 50, 70, 357, 368, 136, 220, 68, 435, 490, 357, 343, 18, 104, 70, 357, 378, 18, 136, 220, 186, 341, 168, 70, 174, 411, 490, 488, 352, 174, 292, 124, 314, 138, 394, 48, 328, 70, 437, 276, 173, 344, 124, 314, 138, 334, 224, 18, 136, 120, 9, 431, 259, 144, 57, 125, 22, 96, 27, 488, 352, 174, 292, 124, 314, 138, 334, 23, 180, 208, 360, 408, 85, 250, 479, 422, 281, 417, 75, 52, 154, 16, 297, 460, 207, 408, 353, 172, 45, 490, 121, 86, 49, 391, 211, 181, 410, 494, 369, 430, 31, 91, 494, 465, 230, 32, 403, 464, 293, 394, 45, 124, 121, 350, 148, 109, 381, 9, 24, 13, 193, 309, 25, 120, 435, 140, 472, 270, 424, 130, 399, 445, 237, 146, 472, 58, 97, 331, 209]
Tree:
None
Fitness on 5000 data:
-7.18815346772514

Fitness:
-6.409739262653311