Generation:
500

Phenotype:
skill1 = 5 + 8  * uniform([27, 5], 1); 
skill2 = uniform([28, 15.8], 1)  - uniform([15, 1], 4); 
p1wins = bern(0.3);
skill1 = uniform([28, 15.2], 1)  - uniform([15, 1], 4);;

Genotype:
[308, 229, 128, 194, 98, 106, 132, 186, 244, 378, 121, 184, 497, 306, 470, 28, 241, 356, 277, 456, 285, 306, 356, 174, 378, 363, 498, 132, 55, 272, 468, 288, 360, 184, 497, 306, 470, 28, 165, 356, 433, 456, 285, 306, 356, 174, 378, 191, 459, 176, 168, 162, 290, 468, 494, 31, 64, 437, 462, 49, 174, 211, 428, 252, 456, 270, 70, 304, 326, 39, 406, 306, 341, 28, 12, 444, 423, 309, 498, 132, 55, 266, 117, 176, 326, 304, 205, 111, 318, 261, 155, 209, 466, 220, 62, 391, 89, 78, 180, 195, 37, 297, 123, 125, 29, 400, 464, 300, 366, 441, 7, 14, 448, 282, 282, 452, 85, 399, 150, 417, 21, 6, 77, 425, 20, 210, 49, 477, 181, 264]
Tree:
None
Fitness on 5000 data:
-6.055615016533206

Fitness:
-5.853918331316481