Generation:
500

Phenotype:
a = uniform([9, 6], 1)  - 11;
b = gm([19.5, 0, 5], [10.5, 7, 3], [11, 8, 1.3]) + 2  * b;;

Genotype:
[221, 194, 194, 379, 318, 203, 459, 278, 195, 468, 410, 96, 74, 354, 42, 51, 274, 410, 333, 421, 204, 424, 241, 257, 112, 319, 286, 155, 168, 408, 495, 339, 320, 229, 20, 410, 154, 375, 112, 206, 383, 110, 442, 279, 497, 299, 451, 219, 417, 251, 424, 241, 101, 112, 319, 286, 155, 168, 110, 435, 341, 216, 221, 433]
Tree:
None
Fitness on 5000 data:
-4.886725296908289

Fitness:
-4.4675287160903885