Generation:
500

Phenotype:
burglary=0  - 0; 
 earthquake=0; 
 alarm=johncalls + 0; 
 johncalls=0 + johncalls; 
 alarm = johncalls + burglary;

Genotype:
[190, 389, 57, 164, 9, 304, 72, 267, 128, 130, 304, 462, 431, 219, 314, 400, 101, 12, 304, 462, 243, 148, 420, 377, 314, 223, 414, 264, 135, 414, 264, 400, 400, 419, 260, 395, 404, 8, 355, 213, 293, 483, 5, 16, 403, 3, 386, 151, 225, 96, 220, 325, 409, 477, 99, 243, 463, 233, 313, 25, 14, 322, 275, 153, 137, 4, 478, 325, 191, 404, 40, 403, 326, 349, 239, 8, 292, 139, 238, 245, 385, 52, 152, 445, 264, 112, 106, 463, 354]
Tree:
None
Fitness on 5000 data:
-inf

Fitness:
0.0