Generation:
500

Phenotype:
x = gm([0, 27, 15], [20.8, 22.4, 5]);
sigma = 4 + 8;
mu = gm([29, 22, 5]);
sigma = uniform([1, 7], 1)  - 3;

Genotype:
[176, 76, 156, 474, 80, 189, 270, 409, 295, 48, 372, 438, 182, 410, 46, 438, 207, 423, 133, 7, 425, 30, 182, 36, 492, 182, 262, 271, 389, 438, 407, 464, 36, 225, 182, 262, 48, 135, 372, 168, 262, 464, 190, 60, 298, 425, 342, 5, 87, 34, 2, 262, 464, 36, 20, 32, 32, 51, 360, 434, 360, 282, 19, 88, 479, 190, 464, 20, 494, 143, 182, 262, 87, 372, 228, 270, 409, 295, 36, 118, 182, 262, 405, 419, 438, 262, 302, 190, 438, 262, 464, 190, 464, 20, 32, 143, 360, 434, 360, 282, 19, 88, 479, 77, 273, 438, 50, 344, 182, 36, 118, 182, 495, 334, 456, 100, 43, 128, 276, 32, 143, 472, 24, 464, 251, 365, 118, 182, 262, 3, 190, 464, 20, 341, 478, 93, 180, 302, 456, 480, 43, 2, 60, 310, 319, 468, 261, 108, 27, 118, 458, 360, 282, 19, 88, 479, 425, 342, 102, 87, 372, 438, 262, 464, 36, 118, 182, 262, 405, 419, 438, 262, 464, 190, 464, 20, 32, 143, 360, 434, 360, 282, 19, 88, 479, 77, 273, 438, 50, 344, 182, 36, 118, 182, 495, 334, 456, 100, 43, 128, 276, 32, 143, 472, 24, 464, 251, 365, 118, 182, 262, 3, 190, 464, 20, 341, 478, 93, 180, 302, 456, 480, 43, 2, 60, 310, 319, 468, 261, 108, 27, 118, 458, 360, 282, 19, 88, 479, 77, 245, 439, 307, 87, 320, 213, 42, 431, 24, 464, 251, 365, 353, 54, 476, 242, 20, 341, 16, 93, 180, 343, 200, 80, 200, 382, 489, 2, 48, 372, 438, 182, 386, 46, 438, 425, 344, 182, 36, 118, 182, 262, 464, 190, 464, 20, 341, 16, 93, 180, 302, 456, 480, 43, 2, 60, 310, 319, 468, 261, 108, 50, 344, 464, 251, 365, 353, 54, 476, 242]
Tree:
None
Fitness on 5000 data:
-7.414937443492781

Fitness:
-7.191122666854559