Generation:
500

Phenotype:
skill1 = 16 + gm([11, 4.5, 4]); 
skill2 = gm([18.8, 18.7, 3])  - 21  * p1wins; 
if 18 * uniform([22, 2], 3) + 26 * skill1 >= 8 { 
  p1wins = bern(0.5);
 } else { 
  p1wins = 25  * gm([18, 21, 19]) + uniform([22, 7], 2); 
 } end if;

Genotype:
[361, 34, 26, 236, 171, 402, 177, 284, 54, 135, 173, 97, 337, 328, 66, 104, 378, 181, 114, 213, 173, 88, 337, 328, 42, 332, 468, 109, 114, 452, 338, 347, 245, 479, 328, 42, 22, 378, 109, 294, 180, 241, 491, 44, 474, 194, 287, 0, 24, 275, 355, 379, 337, 211, 317, 104, 474, 204, 252, 331, 26, 236, 171, 402, 177, 284, 357, 289, 340, 160, 284, 54, 135, 173, 97, 337, 176, 317, 104, 378, 181, 114, 213, 373, 172, 244, 58, 133, 434, 179, 419, 245, 126, 131, 440, 433, 434, 72, 315, 440, 433, 434, 72, 315, 367, 183, 289, 235, 440, 290, 434, 72, 315, 367, 183, 289, 249, 179, 331, 315, 88, 305, 187, 315, 367, 183, 289, 235, 440, 290, 434, 72, 315, 367, 183, 289, 249, 179, 331, 315, 88, 430, 112, 419, 236, 479, 351, 160, 430, 373, 172, 419, 236, 479, 351, 160, 430, 373, 172, 244, 58, 133, 434, 179, 221, 354, 235, 440, 433, 434, 72, 315, 367, 183, 289, 249, 165, 490, 16, 354, 235, 440, 433, 434, 72, 315, 367, 183, 289, 249, 165, 490, 16, 132, 328, 42, 172, 244, 58, 133, 434, 179, 221, 354, 235, 440, 433, 434, 72, 315, 367, 183, 289, 249, 165, 490, 16, 132, 60, 179, 115, 214, 384, 380, 435, 273, 177, 164, 94, 437, 218, 255, 345, 250, 48, 257, 328, 33, 344, 340, 178, 134, 63, 80, 498, 87, 152, 121, 256, 317, 21, 371, 206, 272, 62, 362, 191, 327, 73]
Tree:
None
Fitness on 5000 data:
-6.413967533006758

Fitness:
-6.020222042552685