Generation:
500

Phenotype:
mu = 25  - 22  * sigma;
x = 4 * 3;
sigma = mu  - gm([3, 23.8, 1]);
mu = uniform([12, 19.9], 3);
 x = sigma * gm([1,1,1]);
x = x + mu;

Genotype:
[132, 155, 100, 99, 123, 53, 386, 130, 87, 250, 425, 327, 271, 299, 72, 123, 296, 411, 440, 137, 283, 282, 122, 314, 40, 403, 50, 354, 384, 402, 63, 124, 252, 436, 189, 13, 488, 34, 12, 466, 18, 396, 299, 399, 462, 249, 263, 167, 253, 81, 125, 186, 299, 427, 182, 308, 206, 384, 183, 482, 188, 194, 484, 72, 265, 388, 137, 216, 51, 392, 307, 48, 88, 18, 334, 409, 366, 413, 144, 383, 276, 162, 123, 119, 253, 274, 129, 267, 229, 121, 171, 424, 452, 180, 208, 440, 275, 233, 354, 415, 231, 30, 210, 326, 248, 237]
Tree:
None
Fitness on 5000 data:
-7.195723905997216

Fitness:
-6.370087107181981