Generation:
500

Phenotype:
preplevel = gm([0.6, 0, 0], [0.3, 1, 0], [0.4, 2, 0]); 
  if preplevel == 2 { 
       damage = gm([0.4, 0, 0], [0.1, 1, 0]); 
 } else { 
       if gm([0.3, 0, 0], [0.4, 1, 0], [0.4, 2, 0]) + gm([0.2, 0, 0], [0.8, 1, 0]) > 0 { 
             damage = gm([0.1, 0, 0], [0.8, 1, 0]); 
       } else { 
             damage = preplevel + gm([0.5, 0, 0], [0.3, 1, 0]); 
       } end if; 
 } end if;

Genotype:
[140, 34, 424, 469, 71, 491, 272, 174, 12, 248, 478, 307, 312, 192, 455, 312, 192, 198, 285, 469, 177, 491, 272, 174, 12, 248, 391, 204, 10, 124, 491, 410, 110, 440, 82, 2, 18, 124, 491, 410, 236, 440, 82, 2, 18, 229, 20, 440, 210, 121, 174, 12, 248, 406, 307, 472, 193, 59, 157, 99, 136, 228, 93, 185, 22, 278, 212, 198, 470]
Tree:
None
Fitness on 5000 data:
-1.5052648884896964

Fitness:
-1.3291777177237265