Generation:
500

Phenotype:
sigma = gm([30, 2, 1.2]);
mu = uniform([10, 19.2], 1);
x = mu + gm([24, 3, 3.1]);

Genotype:
[311, 307, 98, 183, 469, 474, 99, 250, 468, 272, 309, 122, 467, 147, 435, 181, 342, 257, 114, 201, 249, 263, 196, 39, 298, 442, 264, 270, 256, 443, 143, 316, 39, 444, 312, 270, 172, 250, 128, 55, 432, 282, 345, 282, 468, 272, 318, 122, 468, 196, 39, 298, 435, 181, 342, 257, 114, 201, 39, 444, 250, 272, 66, 99, 250, 469, 469, 230, 201, 249, 263, 196, 39, 298, 252, 272, 97, 324, 468, 147, 444, 324, 468, 361, 97, 181, 300, 257, 114, 201, 324, 468, 147, 97, 181, 300, 257, 114, 22, 249, 263, 196, 39, 298, 252, 264, 270, 97, 324, 468, 147, 272, 97, 324, 468, 147, 97, 181, 300, 257, 114, 201, 249, 263, 196, 39, 298, 252, 264, 270, 256, 491, 263, 316, 263, 316, 476, 256, 284, 398, 428, 381, 469, 266, 99, 250, 218, 116, 200, 458, 179, 147, 68, 458, 179, 147, 486, 47, 322, 165, 444, 201, 249, 263, 316, 245, 176, 50, 126, 133, 317, 447, 408, 384, 444, 268, 364, 464, 452, 238, 332, 90]
Tree:
None
Fitness on 5000 data:
-6.616765820049075

Fitness:
-6.551409978603836