Generation:
500

Phenotype:
cond = uniform([0, 1], 1) + 7  * gm([12.2, 4, 10]);
skill2 = gm([21.3, 19, 4.9]);
skill1 = uniform([15, 11.8], 1);
 cond = 1.3*skill2; 
cond = skill1 - cond; 
if cond > 0 { 
  p1wins = 1.0;
 } else { 
   p1wins = 0.0; 
 } end if;

Genotype:
[316, 334, 402, 189, 319, 388, 390, 198, 372, 490, 423, 176, 445, 410, 345, 334, 169, 477, 478, 388, 376, 198, 41, 384, 185, 225, 366, 222, 345, 342, 77, 393, 344, 344, 422, 169, 252, 467, 33, 170, 53, 380, 345, 225, 366, 15, 447, 104, 169, 320, 222, 296, 110, 371, 157, 14, 299, 169, 320, 222, 152, 249, 26, 369, 225, 320, 222, 152, 249, 26, 369, 225, 162, 217, 322, 215, 187, 402, 458, 298, 304, 399, 267, 184, 100, 119, 184, 337]
Tree:
None
Fitness on 5000 data:
-5.846792489262069

Fitness:
-5.56343106386878