Generation:
500

Phenotype:
w = w;
x = w;
v = 0 + bern(0.8);
u = w;
u = bern(0.3)  - 0;
w = bern(0.1) + 0;
x = bern(0.3)  - bern(0.5); 
  if u == 1 { 
       if w == 1{ 
             x = gm([0.8, 1, 0], [0.2, 0, 0]); 
       } else { 
             x = gm([0.2, 1, 0], [0.8, 0, 0]); 
       } end if; 
 } else { 
       if v == 1{ 
             x = gm([0.8, 1, 0], [0.2, 0, 0]); 
       } else { 
             x = gm([0.2, 1, 0], [0.8, 0, 0]); 
       } end if; 
 } end if;

Genotype:
[87, 429, 440, 229, 498, 150, 10, 186, 478, 335, 348, 241, 319, 453, 60, 92, 106, 388, 354, 489, 151, 263, 42, 200, 47, 115, 248, 418, 108, 216, 290, 124, 214, 465, 200, 361, 108, 215, 212, 355, 263, 69, 344, 189, 96, 440, 30, 343, 264, 31, 351, 421, 96, 440, 30, 329, 187, 269, 266, 203, 335, 348, 241, 319, 453, 60, 92, 106, 388, 354, 489, 151, 263, 42, 200, 47, 115, 248, 418, 108, 216, 290, 124, 214, 465, 200, 40, 108, 461, 212, 355, 263, 69, 344, 189, 96, 440, 30, 343, 264, 31, 351, 421, 96, 440, 30, 329, 24, 269, 266, 63, 108, 113, 203, 335, 348, 241, 319, 453, 60, 92, 106, 388, 354, 489, 151, 263, 42, 200, 47, 115, 248, 418, 108, 216, 290, 124, 214, 465, 200, 40, 108, 215, 212, 355, 263, 453, 60, 92, 106, 388, 354, 489, 151, 263, 42, 200, 47, 115, 248, 418, 108, 216, 290, 124, 214, 465, 200, 40, 108, 215, 212, 344, 189, 96, 440, 30, 343, 264, 31, 351, 421, 96, 440, 30, 60, 92, 330, 388, 307, 489, 151, 263, 200, 212, 355, 263, 69, 344, 189, 96, 440, 30, 343, 87, 31, 351, 421, 96, 440, 30, 329, 24, 269, 266, 63, 108, 113, 290, 235, 212, 254, 465, 493, 97, 207, 110, 193, 430, 167, 61, 461, 286, 199, 472, 436, 53, 325, 156, 188, 97, 96, 440, 30, 355, 264, 31, 351, 421, 96, 440, 47, 115, 248, 418, 108, 216, 290, 203, 249, 465, 200, 40, 108, 215, 212, 355, 263, 69, 344, 421, 96, 440, 30, 355, 264, 31, 351, 421, 96, 440, 30, 323, 313, 440, 221, 134, 10, 186, 203, 335, 348, 241, 319, 453, 60, 92, 315, 388, 354, 489, 151, 263, 42, 200, 47, 115, 248, 418, 108, 216, 290, 124, 249, 465, 200, 40, 108, 215, 212, 355, 263, 69, 344, 383, 96, 440, 30, 355, 264, 31, 351, 421, 96, 440, 30, 329, 40, 108, 215, 212, 355, 263, 69, 388, 354, 489, 151, 263, 366, 200, 47, 138, 248, 418, 108, 216, 290, 489, 288, 465, 200, 40, 108, 235, 54, 254, 465, 493, 97, 207, 110, 193, 430, 167, 61, 461, 286, 199, 472]
Tree:
None
Fitness on 5000 data:
-1.8647180673118866

Fitness:
-1.5034080526302593