Generation:
500

Phenotype:
burglary=alarm + 0; 
 earthquake=johncalls  - alarm; 
 alarm=alarm + alarm; 
 johncalls=johncalls  - 0; 
 burglary = earthquake  - 0;

Genotype:
[169, 403, 266, 242, 42, 239, 38, 245, 142, 282, 247, 260, 328, 26, 394, 332, 198, 54, 358, 306, 230, 146, 36, 106, 255, 15, 184, 32, 260, 388, 300, 422, 184, 278, 445, 485, 240, 158, 51, 266, 89, 462, 151, 416, 34, 308, 43, 41, 482, 458, 14, 171, 152, 0, 74, 471, 19, 312, 243, 465, 331, 478, 342, 362, 11, 291, 191, 394, 82, 122, 423, 281, 0, 79, 311, 424, 407, 135, 118, 235, 382, 398, 157, 190, 101, 102, 78, 166, 129, 333, 25, 52, 2, 243, 201, 407, 493, 252, 89, 462, 151, 58, 34, 308, 43, 41, 482, 458, 14, 171, 152, 0, 74, 471, 19, 312, 243, 465, 331, 211, 342, 362, 11, 291, 191, 394, 82, 122, 423, 428, 0, 79, 311, 415]
Tree:
None
Fitness on 5000 data:
-inf

Fitness:
0.0