Generation:
500

Phenotype:
u = bern(0.8) + 0;
v = bern(0.9)  - x;
w = x  - v;
x = v + 0;
w = u  - u;
w = 0  - bern(0.6);
u = 1;
x = w + 1;
u = 0  - bern(0.5);
u = u + 1;
w = bern(0.2)  - 0;
x = u + bern(0.9);
x = bern(0.6);

Genotype:
[66, 436, 253, 16, 61, 54, 11, 7, 75, 382, 84, 64, 129, 413, 128, 67, 80, 208, 314, 167, 66, 480, 176, 366, 194, 432, 180, 15, 114, 260, 113, 236, 7, 75, 382, 84, 64, 129, 413, 128, 67, 80, 208, 314, 167, 66, 480, 176, 366, 194, 432, 180, 15, 114, 260, 113, 234, 174, 115, 374, 102, 469, 416, 144, 239, 99, 54, 156, 396, 91, 307, 464, 142, 382, 269, 17, 426, 321, 232, 446, 437, 460, 144, 239, 58, 418, 24, 55, 256, 67, 80, 208, 480, 167, 271, 480, 176, 366, 194, 158, 55, 199, 253, 94, 437, 460, 144, 239, 58, 418, 24, 312, 256, 67, 80, 208, 480, 206, 271, 480, 176, 395, 194, 432, 82, 15, 114, 260, 180, 234, 174, 115, 374, 314, 469, 473, 260, 89, 99, 54, 156, 396, 91, 307, 464, 142, 382, 269, 17, 426, 321, 232, 446, 437, 460, 144, 239, 58, 418, 24, 55, 256, 67, 80, 208, 480, 167, 55, 384, 316, 223, 432, 178, 458, 136, 58, 286, 92, 147, 229, 230, 61, 162, 480, 248, 177, 234, 174, 441, 18, 208, 10, 136, 176, 84, 270, 454, 207, 220, 454, 136, 497, 209, 264, 18, 370, 257, 168, 454, 118, 157, 0, 76, 133, 104, 373, 256, 82, 152, 287, 305, 459, 91, 219, 279, 197, 263, 432, 84, 299, 234, 398, 136, 176, 84, 270, 331, 359, 364, 158, 215, 54, 495, 126, 75, 229, 498, 268, 420, 14, 255, 326, 66, 381, 86, 351, 418, 432, 76, 357, 454, 357, 10, 177, 468, 374, 372, 103, 207, 162, 62, 172, 246, 139, 477, 80, 232, 30, 17, 426, 321, 232, 446, 437, 20, 144, 239, 58, 418, 24, 55, 144, 67, 80, 208, 480, 167, 271, 480, 176, 366, 194, 158, 55, 199, 253, 94, 437, 460, 144, 168, 58, 418, 24, 312, 256, 458, 80, 208, 480, 206, 271, 480, 176, 395, 194, 11, 7, 75, 58, 418, 24, 234, 174, 115, 374, 102, 469, 416, 144, 239, 99, 54, 156, 396, 91, 307, 464, 142, 382, 269, 17, 426, 321, 232, 446, 437, 460, 144, 239, 58, 418, 24, 55, 256, 67, 80, 208, 480, 167, 271, 480, 176, 366, 194, 158, 55, 199, 253, 94, 97, 460, 144, 239, 58, 418, 24, 312, 256, 67, 80, 208, 480, 206, 271, 480, 56, 395, 194, 432, 82, 15, 114, 260, 180, 234, 174, 115, 374, 314, 469, 473, 260, 89, 99, 54, 156, 396, 91, 307, 464, 142, 382, 269, 17, 426, 321, 232, 446, 437, 460, 144, 239, 58, 418, 24, 55, 256, 67, 80, 208, 480, 167, 55, 384, 316, 223, 432, 178, 458, 136, 58, 286, 92, 147, 229, 230, 61, 162, 480, 248, 177, 234, 174, 441, 18, 208, 10, 136, 176, 84, 270, 454, 207, 220, 454, 136, 497, 209, 264, 18, 370, 257, 168, 454, 470, 157, 0, 76, 133, 104, 373, 256, 82, 152, 287, 305, 459, 91, 219, 279, 197, 263, 432, 84, 299, 234, 398, 136, 176, 84, 270, 331, 359, 364, 158, 215, 54, 495, 126, 75, 229, 498, 268, 420, 14, 255, 326, 66, 381, 86, 351, 418, 432, 76, 357, 454, 357, 10, 177, 468, 374, 372, 103, 207, 162, 126, 75, 229, 498, 268, 420, 14, 255, 326, 66, 381, 86, 351, 418, 432, 76, 357, 454, 357, 10, 177, 468, 374, 372, 103, 207, 162, 62, 172, 246, 139, 477, 80, 232, 30, 472, 147, 112, 327, 477, 80, 232, 30, 472, 468, 374, 192, 280, 206, 344, 339, 25, 162, 259, 147, 112, 334, 477, 80, 232, 30, 472, 468, 374]
Tree:
None
Fitness on 5000 data:
-1.988797061434716

Fitness:
-1.8495109549775532