Generation:
500

Phenotype:
x = 12  * gm([1.3, 4, 23], [22.5, 2.2, 0])  - gm([12.7, 5.2, 3]);
mu = 6  * uniform([3, 8], 2)  - 3 * 11;
sigma = 27  * sigma + 2  * gm([24.7, 0.6, 1]);

Genotype:
[210, 112, 60, 152, 188, 431, 487, 415, 163, 435, 341, 94, 236, 210, 407, 278, 116, 478, 163, 177, 274, 241, 219, 136, 32, 217, 498, 229, 340, 379, 446, 141, 245, 315, 109, 84, 220, 274, 75, 153, 338, 217, 316, 14, 437, 190, 169, 381, 23, 139, 344, 197, 324, 130, 495, 460, 256, 478, 368, 27, 274, 241, 219, 136, 134, 217, 148, 141, 481, 248, 5, 392, 280, 198, 217, 316, 14, 437, 190, 169, 381, 23, 139, 344, 197, 339, 356, 495, 460, 256, 478, 84, 27, 274, 241, 219, 136, 172, 217, 248, 141, 26, 248, 142, 141, 147, 428, 478, 84, 367, 274, 61, 153, 172, 217, 414, 14, 437, 190, 169, 248, 23, 139, 344, 23, 339, 356, 495, 448, 119, 459, 5, 130, 130, 300, 227, 74, 320, 441, 130, 300, 467, 311, 233, 14, 177, 465, 27, 61, 382, 44, 30, 29, 25, 323]
Tree:
None
Fitness on 5000 data:
-8.384700142185226

Fitness:
-8.193212625273645