Generation:
500

Phenotype:
skill1 = 2  * gm([29.5, 9.4, 2.1]); 
skill2 = 9  * gm([5, 6, 2]) + 25; 
p1wins = bern(0.5);
skill2 = gm([1, 14.4, 4.1]) + uniform([6, 3], 2);;

Genotype:
[33, 231, 301, 219, 257, 410, 355, 91, 40, 349, 474, 39, 179, 436, 396, 169, 241, 412, 261, 190, 396, 253, 22, 316, 256, 281, 353, 230, 490, 399, 180, 375, 202, 480, 330, 417, 409, 214, 126, 49, 370, 122, 373, 169, 76, 39, 261, 190, 396, 84, 22, 316, 68, 281, 353, 230, 15, 399, 180, 375, 202, 480, 375, 435, 39, 396, 43, 22, 15, 399, 180, 375, 202, 480, 330, 424, 409, 214, 126, 49, 39, 39, 261, 190, 396, 442, 22, 316, 68, 281, 353, 230, 15, 399, 180, 200, 202, 480, 330, 421, 409, 278, 126, 49, 28, 474, 353, 268, 15, 469, 468, 375, 435, 39, 219, 257, 410, 491, 91, 40, 349, 474, 39, 261, 190, 396, 261, 254, 485, 43, 74, 316, 398, 281]
Tree:
None
Fitness on 5000 data:
-6.30350767209185

Fitness:
-6.1051785407969525