Generation:
500

Phenotype:
mu = 1  * gm([20.9, 20, 3.4]); 
sigma = gm([10, 2, 0.8]);
x = mu + 6  * x;
x = gm([16.6, 19.1, 5.2], [24.7, 22, 2.8]);

Genotype:
[172, 375, 451, 94, 16, 352, 121, 51, 242, 196, 20, 193, 468, 345, 183, 165, 412, 130, 14, 227, 266, 281, 127, 248, 349, 55, 96, 174, 102, 403, 285, 132, 440, 402, 261, 4, 121, 51, 264, 77, 117, 453, 360, 383, 408, 298, 340, 117, 427, 285, 422, 177, 177, 64, 160, 238, 319, 374, 479, 197, 251, 158, 374, 29, 240, 118, 482]
Tree:
None
Fitness on 5000 data:
-6.882003443534615

Fitness:
-6.346253391567336