Generation:
500

Phenotype:
a = 17 * 3  - 18  * gm([5.5, 20.5, 21.1]); 
b = uniform([27, 3], 1)  - uniform([17, 18.1], 2); 
a = 1  * gm([26.7, 2, 2]);;

Genotype:
[439, 431, 224, 235, 296, 158, 214, 359, 493, 148, 169, 67, 76, 35, 113, 67, 173, 238, 72, 374, 69, 80, 492, 36, 407, 448, 438, 179, 265, 477, 173, 216, 93, 222, 144, 14, 278, 441, 490, 466, 67, 252, 329, 305, 330, 222, 64, 72, 374, 69, 80, 252, 329, 305, 330, 222, 64, 66, 374, 69, 80, 492, 36, 297, 458, 438, 66, 374, 69, 80, 492, 36, 297, 458, 438, 179, 265, 477, 173, 216, 93, 222, 144, 89, 278, 441, 490, 75, 244, 387, 330, 148, 169, 251, 456, 289, 341, 426, 458, 321, 89, 370, 390, 211, 226, 442, 500, 40, 284, 424, 433, 454, 428, 461, 160, 214, 111, 99, 329, 330, 93, 222, 64, 395, 374, 69, 80, 492, 36, 297, 458, 438, 179, 265, 477, 173, 216, 93, 222, 144, 89, 278, 441, 490, 75, 244, 387, 330, 148, 169, 251, 456, 289, 341, 426, 458, 321, 89, 370, 390, 211, 226, 442, 500, 40, 284, 424, 433, 454, 428, 461, 160, 214, 111, 383, 147, 158, 415, 313, 370, 281, 279, 379, 268, 421, 462, 410, 299, 335, 348, 209]
Tree:
None
Fitness on 5000 data:
-4.951291997997824

Fitness:
-4.887028931797271