Generation:
500

Phenotype:
mu = 23  - gm([17, 2.9, 2.7]); 
sigma = 1 * 21  - gm([27, 20.2, 2.5], [0, 6.5, 20], [29.5, 18.8, 2]); 
x = gm([29, 21.3, 10])  - uniform([27, 6], 3);
x = gm([0.1, 20.6, 3.2]) + sigma;;

Genotype:
[241, 56, 245, 118, 395, 237, 16, 104, 172, 296, 323, 436, 350, 403, 2, 123, 380, 149, 137, 94, 424, 237, 310, 411, 16, 120, 395, 237, 73, 119, 436, 256, 237, 36, 62, 37, 471, 94, 424, 237, 310, 411, 308, 184, 457, 452, 97, 420, 436, 395, 237, 16, 62, 180, 60, 145, 269, 308, 10, 165, 345, 14, 430, 304, 149, 378, 444, 450, 71, 53, 40, 297, 181, 272, 9, 310, 117, 425, 237, 95, 419, 282, 181, 492, 237, 310, 117, 313, 237, 310, 117, 221, 420, 197, 310, 420, 466, 380, 149, 279, 273, 333, 38, 118, 156, 376, 329, 262, 374, 60, 202, 41, 429, 434, 446, 0, 312, 480, 362, 61, 414, 392, 250, 301, 449, 442, 392, 336, 329, 422, 47, 94, 160, 237, 310, 117, 221, 420, 145, 210, 177, 7, 337, 275, 394, 487, 448, 373, 404, 237, 310, 117, 221, 420, 197, 310, 420, 466, 380, 149, 279, 273, 333, 15, 118, 156, 376, 329, 262, 374, 60, 202, 41, 429, 434, 446, 0, 312, 480, 362, 61, 414, 392, 250, 301, 449, 442, 392, 336, 329, 422, 47, 13, 132, 444, 262, 71, 53, 234, 297, 181, 492, 210, 177, 309, 53, 435, 122, 25, 416, 354, 37, 96, 433, 85, 494, 48, 132, 444, 262, 71, 53, 234, 297, 181, 492, 210, 177, 309, 53, 435, 122, 25, 416, 354, 37, 96, 433, 342, 77, 368, 368, 63, 439, 312, 24, 147, 452, 34, 223, 176, 483, 353, 266, 78, 272, 253, 64, 48, 40, 342, 468, 477, 330, 0, 486, 376, 329, 262, 374, 60, 202, 41, 429, 434, 446, 0, 312, 480, 362, 61, 414, 392, 250, 301, 449, 442, 392, 336, 329, 422, 47, 94, 160, 237, 310, 117, 221, 420, 145, 210, 177, 7, 337, 275, 394, 487, 448, 373, 404, 237, 310, 117, 221, 420, 197, 310, 420, 466, 380, 149, 279, 273, 333, 15, 118, 156, 376, 329, 262, 374, 60, 202, 41, 429, 434, 446, 0, 312, 480, 362, 61, 414, 392, 250, 301, 449, 442, 392, 336, 329, 422, 47, 13, 132, 444, 262, 71, 53, 234, 297, 181, 492, 210, 177, 309, 53, 435, 122, 25, 416, 354, 37, 96, 433, 85, 494, 48, 132, 444, 262, 71, 53, 234, 297, 181, 492, 210, 177, 309, 53, 435, 122, 25, 416, 354, 37, 96, 433, 342, 77, 368, 368, 63, 439, 312, 24, 147, 452, 34, 223, 176, 483, 353, 266, 78, 272, 253, 64, 48, 40, 342, 468, 477, 330, 0, 486, 57, 14, 121, 397, 391, 49, 80, 256, 26, 147, 90, 235, 421, 496, 295, 348, 46, 177, 3, 432, 359, 139, 348, 104, 20, 220, 484, 122, 267, 11, 372, 365, 394, 336, 474, 340, 203, 492, 362]
Tree:
None
Fitness on 5000 data:
-7.0681491070883995

Fitness:
-6.715399480451555