Generation:
500

Phenotype:
a = a + gm([22.7, 0.5, 2]);
b = 2  * a + gm([14.7, 1, 4]);;

Genotype:
[217, 407, 128, 228, 142, 274, 189, 39, 426, 273, 247, 406, 361, 84, 114, 113, 93, 202, 394, 157, 432, 42, 355, 483, 202, 394, 219, 408, 86, 156, 406, 148, 279, 200, 222, 148, 156, 354, 128, 62, 374, 365, 290, 228, 273, 205, 148, 463, 284, 34, 147, 164, 156, 265, 417, 43, 462, 367, 220, 367, 474, 34, 344, 339, 408, 86, 156, 394, 128, 62, 274, 279, 367, 149, 34, 147, 164, 464, 443, 47, 344, 487, 408, 360, 275, 195, 455, 406, 148, 463, 149, 34, 147, 164, 49, 148, 398, 230, 102, 362, 189, 195, 104, 86, 291, 159, 443, 47, 344, 339, 408, 86, 156, 394, 128, 307, 474, 65, 382, 163, 8, 103, 170, 239, 258, 160, 482, 70, 462, 367, 220, 144, 454, 338, 10, 51, 369, 223, 215, 130, 479, 115, 222, 308, 188, 448, 217, 42, 149, 42, 459, 145, 85, 131, 138, 130, 39, 468, 9, 191, 219, 445, 139, 443, 373, 409]
Tree:
None
Fitness on 5000 data:
-4.867301698907626

Fitness:
-4.848487551011072