Generation:
500

Phenotype:
earthquake = burglary;
burglary = 0 + 0;
earthquake = earthquake;
earthquake = alarm;
johncalls = burglary  - alarm;

Genotype:
[218, 39, 248, 237, 461, 3, 248, 66, 160, 240, 158, 296, 31, 379, 168, 493, 78, 466, 264, 329, 312, 346, 156, 461, 493, 78, 461, 493, 78, 108, 314, 42, 432, 78, 108, 3, 248, 66, 160, 240, 158, 438, 330, 62, 386, 160, 332, 481, 93, 155, 429, 272, 168, 417, 68, 426, 274, 432, 170, 112, 335, 420, 268, 402, 191, 479, 232, 168, 417, 68, 426, 274, 432, 170, 112, 335, 420, 268, 402, 191, 479, 232, 305, 101, 170, 112, 335, 420, 268, 402, 191, 479, 232, 305, 189, 184, 139, 306, 485, 119, 187, 103, 109, 107, 337, 243, 2, 358, 180, 496]
Tree:
None
Fitness on 5000 data:
-inf

Fitness:
0.0