Generation:
500

Phenotype:
skill1 = 16 * 3  - uniform([9, 27.9], 2); 
skill2 = 17  * skill2 + gm([1.4, 30.9, 25], [9, 23.7, 1.8], [15, 17, 2.6]); 
p1wins = 27;
p1wins = 27  - 26  * gm([29, 9, 11.5]);
p1wins = bern(0.9)  - bern(0.3);;

Genotype:
[183, 356, 407, 307, 295, 220, 423, 186, 288, 305, 120, 395, 65, 46, 46, 420, 236, 274, 108, 209, 185, 237, 218, 399, 91, 30, 170, 456, 304, 353, 446, 381, 275, 488, 87, 357, 156, 16, 136, 222, 387, 198, 48, 251, 405, 212, 306, 293, 46, 27, 236, 274, 108, 209, 185, 341, 488, 399, 202, 398, 457, 66, 304, 463, 446, 381, 275, 11, 76, 357, 420, 145, 206, 185, 237, 435, 179, 309, 443, 254, 333, 222, 474, 198, 48, 251, 405, 212, 274, 108, 209, 185, 237, 435, 264, 309, 386, 202, 272, 357, 344, 222, 474, 198, 48, 251, 405, 212, 306, 65, 46, 420, 64, 15, 415, 406, 336, 117, 20, 446, 438, 451, 447, 438, 335, 11, 82, 254, 127, 304, 242, 290, 470, 491, 233, 332, 67, 27]
Tree:
None
Fitness on 5000 data:
-7.199165276671586

Fitness:
-6.789759547449543