Generation:
500

Phenotype:
skill1 = 12  * p1wins  - 28  * gm([14.9, 5.3, 26.3], [24.8, 24, 7]); 
skill2 = gm([2, 17.2, 4]) + 3; 
p1wins = bern(0.6);
skill1 = gm([0, 22.3, 21.9], [11.5, 19.9, 3.4]);;

Genotype:
[20, 236, 322, 260, 132, 467, 166, 307, 497, 457, 9, 138, 179, 389, 129, 326, 497, 367, 155, 160, 337, 303, 412, 472, 179, 64, 7, 331, 396, 293, 338, 206, 467, 47, 358, 154, 352, 4, 266, 452, 251, 387, 42, 47, 383, 216, 188, 66, 153, 267, 48, 253, 131, 166, 465, 287, 270, 47, 291, 393, 188, 66, 25, 383, 310, 475, 236, 314, 381, 189, 381, 189, 200, 13, 307, 497, 457, 9, 138, 49, 389, 129, 326, 459, 413, 155, 160, 79, 412, 412, 472, 179, 64, 136, 331, 396, 293, 338, 206, 467, 236, 417, 183, 497, 457, 9, 138, 179, 64, 136, 29, 46, 426, 50, 449, 159, 251, 387, 42, 278, 67, 319, 372, 344, 478, 480, 449, 331, 396, 293, 338, 206, 496, 236, 417, 66, 215, 4, 266, 396, 251, 387, 42, 47, 196, 216, 188, 66, 25, 383, 48, 253, 79, 166, 344, 478, 50, 449, 331, 410, 260, 132, 207, 389, 307, 497, 457, 9, 138, 323, 64, 136, 29, 46, 426, 278, 278, 67, 319, 372, 426, 41, 295, 365, 246, 56, 11, 171, 318, 309, 127, 317, 90, 402, 428, 252, 126, 59, 411, 297, 442, 222, 44, 27, 193, 248, 418, 355, 232, 83, 246, 28, 253, 79, 166, 344, 478, 480, 449, 331, 396, 293, 184, 363, 467, 236, 365, 246, 56, 11, 171, 318, 309, 127, 317, 90, 402, 26, 252, 126, 59, 411, 297, 442, 222, 44, 27, 193, 248, 418, 355, 232, 83, 246, 28, 249, 130, 153, 402, 428, 252, 126, 59, 411, 297, 442, 222, 44, 27, 193, 248, 418, 355, 232, 83, 246, 28, 249, 130, 153, 419, 206, 157, 223, 362, 65, 130, 437, 496, 495, 437, 16, 120, 491, 475, 105, 387, 463, 434, 428, 265]
Tree:
None
Fitness on 5000 data:
-6.5514862956490285

Fitness:
-5.998881079100344