Generation:
500

Phenotype:
skill1 = uniform([16, 9], 1)  - cond; 
skill2 = skill1 + gm([3, 3.8, 7.2]);
cond = cond + 19  * bern(0.6); 
if gm([19, 4.4, 21]) + 27 * uniform([1, 6], 1) > 28 { 
  p1wins = 1;
 } else { 
   p1wins = 0; 
 } end if;

Genotype:
[398, 80, 396, 378, 78, 472, 80, 472, 207, 360, 279, 82, 174, 56, 324, 225, 133, 488, 56, 344, 149, 282, 304, 331, 286, 388, 387, 78, 472, 295, 472, 207, 360, 279, 82, 174, 459, 158, 489, 101, 496, 101, 496, 56, 205, 323, 438, 381, 330, 145, 272, 63, 275, 294, 497, 378, 302, 412, 487, 90, 396, 374, 221, 269, 197, 387, 291, 396, 378, 78, 164, 465, 465, 192, 297, 433, 165, 328, 5, 270, 90, 396, 374, 221, 106, 197, 387, 218, 132, 277, 438, 283, 475, 39, 272, 63, 275, 294, 198, 378, 302, 270, 196, 472, 196, 472, 287, 169, 279, 82, 174, 56, 324, 489, 101, 488, 484, 344, 149, 282, 288, 331, 75, 88, 495, 444, 87, 247, 339, 137, 364, 479, 141, 111, 13, 417, 49, 170, 89, 366, 203, 269, 455, 297, 363, 44, 438, 52, 224, 81, 121, 88, 333, 198, 358, 297, 363, 44, 438, 52, 224, 288, 331, 121, 88, 175, 198, 198, 378, 302, 270, 196, 472, 287, 169, 378, 302, 270, 196, 472, 196, 472, 287, 289, 279, 148, 203, 154, 358, 486, 265, 356, 215, 350, 107, 235, 72, 153, 381, 489, 101, 488, 199, 344, 149, 282, 288, 331, 75, 88, 495, 444, 87, 214, 339, 137, 364, 479, 141, 111, 319, 417, 49, 170, 89, 366, 456, 140, 201, 365, 114, 412, 148, 231, 309, 212, 248, 43, 338, 464, 76, 234, 338, 258, 127, 136, 98, 10, 295, 230, 193, 223, 340, 242]
Tree:
None
Fitness on 5000 data:
-6.948566434996761

Fitness:
-6.225989661206479