Generation:
500

Phenotype:
skill1 = 10  - 25  * p1wins; 
skill2 = cond + gm([23.8, 17, 5]); 
p1wins = 29  * bern(0.2)  - 13;
p1wins = skill2 + 30;
p1wins = 11  * uniform([8, 5], 4) + bern(0.1);
cond = 20  * bern(0.3)  - 24  * uniform([6, 5.1], 3);
skill1 = uniform([10, 16.9], 1) + bern(0.3);
p1wins = bern(0.1);;

Genotype:
[391, 278, 134, 356, 351, 394, 490, 484, 374, 409, 402, 308, 419, 309, 13, 148, 249, 209, 484, 374, 451, 330, 98, 44, 1, 432, 303, 73, 104, 216, 106, 37, 106, 160, 226, 352, 306, 432, 81, 443, 104, 216, 28, 37, 106, 160, 226, 352, 306, 380, 98, 382, 451, 330, 63, 441, 404, 20, 31, 351, 44, 451, 330, 419, 380, 13, 148, 70, 68, 219, 284, 468, 350, 20, 84, 351, 44, 451, 330, 98, 382, 237, 78, 422, 432, 303, 399, 344, 216, 28, 299, 98, 432, 303, 399, 9, 216, 28, 378, 106, 62, 60, 63, 99, 404, 436, 31, 351, 44, 451, 330, 98, 486, 352, 424, 380, 13, 351, 70, 68, 219, 63, 468, 404, 20, 84, 351, 44, 451, 330, 98, 382, 451, 330, 98, 432, 303, 399, 344, 216, 28, 468, 106, 62, 60, 63, 441, 404, 329, 31, 351, 44, 451, 330, 98, 486, 352, 419, 380, 394, 423, 427, 242, 44, 451, 330, 98, 382, 451, 330, 98, 432, 303, 399, 344, 216, 31, 351, 44, 451, 330, 98, 486, 352, 419, 380, 394, 423, 427, 242, 352, 305, 91, 419, 12, 13, 166, 163, 339, 402, 1, 250, 445, 19, 271, 37, 163, 241, 172, 432, 303, 399, 426, 216, 28, 368, 106, 62, 60, 330, 98, 432, 303, 399, 344, 216, 28, 368, 106, 62, 60, 463, 394, 423, 137, 242, 133, 305, 91, 105, 428, 220, 445, 489, 348, 59, 59, 347, 14]
Tree:
None
Fitness on 5000 data:
-6.391570586652454

Fitness:
-6.033957269680675