Generation:
500

Phenotype:
a = gm([9.2, 26, 2])  - 26; 
if b != 30 { 
  b = gm([6.7, 6.8, 1], [13, 4.5, 6]); 
 } else { 
  b = gm([9.2, 26, 2])  - 16; 
 } end if;

Genotype:
[120, 11, 126, 97, 182, 295, 319, 289, 376, 491, 452, 64, 473, 328, 336, 274, 165, 121, 340, 348, 123, 211, 165, 455, 347, 15, 39, 347, 376, 10, 466, 298, 44, 137, 289, 314, 58, 160, 254, 11, 126, 97, 182, 295, 319, 289, 376, 491, 452, 64, 473, 328, 450, 274, 165, 121, 340, 348, 123, 211, 165, 455, 347, 15, 39, 347, 376, 10, 466, 298, 472, 319, 58, 160, 254, 44, 319, 289, 254, 44, 319, 62, 449, 415, 25, 376, 10, 165, 455, 347, 347, 376, 10, 281, 298, 44, 319, 289, 314, 466, 247, 67, 85, 133, 292, 33, 415, 25, 131, 293, 89, 87, 438, 452, 363, 300, 375, 11, 314, 491, 452, 313, 473, 328, 336, 340, 159, 123, 211, 473, 328, 277, 274, 328, 336, 133, 292, 33, 415, 162, 131, 317, 381, 429, 155, 319, 477, 306, 176, 195, 339, 264, 326, 62, 449, 415, 25, 131, 449, 296, 424, 220, 237, 36, 450, 215, 424, 325, 301, 173, 46, 159, 3, 348, 66, 187, 250, 266, 149, 190, 64, 428, 478, 473, 61, 377, 363, 70, 414, 32, 385, 396, 215, 142, 427, 135, 139, 112, 19, 438, 341, 482, 323, 23, 36, 470, 60, 243, 3, 268, 310, 4, 351, 463, 217, 54, 75, 405, 213, 210, 414, 123, 78, 478, 345, 429, 344, 401, 211, 71, 461, 282, 231, 71, 387, 279, 117, 467, 297, 309, 434]
Tree:
None
Fitness on 5000 data:
-5.33301777469198

Fitness:
-4.6669743650944495