Generation:
500

Phenotype:
u = 1; 
 v = bern(0.9)  - 0; 
 w = bern(0.2); 
 x = bern(0.4) + 0; 
 if x != 0 { 
   u = bern(0.2); 
 } else { 
   x = bern(0.4) + 0;
  u = bern(0.2);
  w = w  - 0; 
 } end if;

Genotype:
[114, 264, 349, 349, 215, 264, 349, 215, 359, 120, 408, 416, 107, 91, 460, 76, 361, 291, 45, 80, 48, 153, 338, 167, 343, 332, 376, 410, 285, 388, 228, 40, 89, 109, 345, 76, 262, 415, 346, 126, 299, 48, 139, 274, 349, 168, 458, 120, 408, 232, 27, 91, 460, 476, 303, 86, 125, 442, 396, 322, 359, 120, 408, 416, 359, 91, 460, 198, 361, 291, 45, 80, 48, 153, 338, 167, 343, 345, 163, 137, 312, 499, 359, 364, 47, 85, 347, 265, 350, 232, 142, 442, 22, 120, 348, 320, 214, 301, 37, 142, 72, 2, 288, 296, 116, 144, 331, 60, 0, 117, 400, 245, 447, 286, 382, 84, 267, 337, 433, 180]
Tree:
None
Fitness on 5000 data:
-2.0624836769287196

Fitness:
-1.7229770687881296