Generation:
500

Phenotype:
sigma = 20  - uniform([15, 6], 3);
mu = gm([17, 18, 5]);
x = 12  * uniform([17, 9], 2);
 x = sigma * gm([1,1,1]);
x = x + mu;

Genotype:
[145, 142, 54, 138, 43, 290, 287, 178, 330, 111, 44, 325, 98, 284, 286, 88, 208, 90, 150, 138, 43, 70, 14, 172, 234, 111, 98, 284, 297, 88, 177, 98, 54, 295, 43, 290, 420, 178, 449, 129, 377, 297, 88, 44, 98, 441, 297, 436, 308, 71, 90, 150, 138, 43, 462, 14, 172, 44, 325, 382, 284, 297, 88, 177, 150, 138, 43, 462, 14, 172, 234, 88, 297, 88, 177, 462, 14, 172, 44, 325, 382, 284, 297, 88, 177, 150, 138, 43, 462, 14, 172, 234, 88, 297, 88, 177, 5, 441, 297, 88, 177, 172, 373, 172, 234, 111, 14, 172, 7, 60, 447, 280, 440, 371, 13, 183, 158, 28, 195, 140, 375, 118, 446, 162, 12, 145, 50, 233, 109, 8, 329, 7, 60, 447, 280, 440, 371, 13, 418, 429, 423, 158, 28, 195, 71, 371, 24, 120, 204]
Tree:
None
Fitness on 5000 data:
-6.721611119986019

Fitness:
-6.325655316994314