Generation:
500

Phenotype:
skill2 = gm([21.9, 20, 12], [4.1, 18, 0.7], [29.2, 15.8, 5.8], [17.2, 25, 13.2], [18.8, 17.5, 2.2], [17.6, 12.6, 27.5], [10.4, 21, 7.8])  - 14  * bern(0.1);
skill1 = 18  * uniform([13, 1], 3);
p1wins = bern(0.1);
skill1 = gm([18.6, 20, 4]);;

Genotype:
[434, 413, 362, 314, 61, 278, 105, 157, 235, 137, 21, 449, 126, 237, 418, 105, 183, 445, 97, 243, 210, 421, 325, 0, 105, 137, 327, 277, 235, 389, 418, 61, 41, 5, 277, 235, 389, 172, 478, 136, 149, 181, 137, 406, 105, 137, 235, 277, 235, 389, 418, 61, 281, 235, 277, 235, 389, 383, 137, 136, 428, 367, 120, 85, 478, 389, 289, 138, 122, 269, 307, 410, 52, 211, 231, 123, 162, 235, 112, 436, 237, 354, 97, 204, 14, 354, 2, 0, 38, 138, 485, 122, 369, 87, 187, 54, 87, 240, 30, 468, 120, 426, 237, 14, 97, 204, 86, 30, 237, 166, 97, 349, 118, 123, 355, 442, 56, 138, 122, 315, 307, 97, 349, 118, 123, 355, 442, 56, 138, 122, 315, 307, 454, 430, 211, 122, 123, 137, 235, 364, 451, 237, 354, 97, 204, 210, 354, 74, 0, 56, 138, 253, 122, 369, 87, 187, 54, 87, 240, 30, 468, 136, 136, 228, 205, 454, 418, 490, 410, 126, 185, 405, 444, 485, 176, 151, 464, 299, 368, 17, 480, 258, 273, 23, 453, 140, 61, 75, 480, 25, 97, 74, 225, 367, 43, 402]
Tree:
None
Fitness on 5000 data:
-6.687496355955322

Fitness:
-6.502931620515452