Generation:
500

Phenotype:
a = a + gm([30, 0.5, 3.1]); 
b = gm([4, 3, 10])  - 30 * 6; 
b = gm([25.2, 7.9, 1], [16.1, 2, 7.2]);;

Genotype:
[238, 313, 459, 408, 360, 255, 439, 88, 164, 402, 273, 248, 202, 425, 468, 126, 164, 165, 169, 300, 158, 190, 224, 3, 128, 289, 269, 269, 92, 68, 459, 308, 187, 461, 201, 474, 283, 391, 169, 428, 460, 131, 224, 359, 490, 311, 256, 459, 140, 162, 444, 33, 123, 131, 388, 459, 187, 455, 201, 474, 283, 391, 169, 248, 3, 425, 468, 126, 164, 219, 169, 428, 185, 390, 224, 242, 128, 88, 202, 283, 219, 380, 428, 192, 414, 224, 331, 250, 61, 310, 405, 312, 114, 289, 55, 347, 386, 428, 192, 414, 224, 425, 468, 126, 10, 219, 169, 428, 192, 390, 142, 129, 433, 191, 338, 236, 174, 443, 114, 13, 390, 205, 379, 109, 20, 236, 423, 79, 80, 370, 117, 69, 312, 154, 188, 50, 202, 283, 219, 380, 428, 192, 414, 224, 331, 250, 61, 310, 405, 312, 114, 289, 55, 347, 386, 428, 192, 414, 224, 331, 250, 61, 310, 405, 312, 114, 289, 424, 347, 469, 219, 260, 336, 135, 144, 18, 89, 251, 45, 352, 291, 32, 124, 251, 257, 367, 295, 450, 229, 438, 496, 264, 360, 310, 473, 60, 0, 442, 374, 314, 163, 208, 211, 271, 67, 321, 431, 22, 31, 39, 52, 156, 324, 334, 451, 293, 348, 1, 449, 480, 275, 90]
Tree:
None
Fitness on 5000 data:
-4.600449007766173

Fitness:
-4.474827184665059