Generation:
500

Phenotype:
skill1 = 4  * bern(0.9)  - gm([30.9, 3, 5.5], [5, 5.3, 5.8]);
skill2 = uniform([12, 4.7], 3);
skill2 = 1  * gm([4.8, 21, 3.4])  - gm([5, 10.5, 5.8]);
skill2 = uniform([12, 14.5], 1);
p1wins = 1  * uniform([4, 14.7], 3)  - 16;
skill1 = 20  - skill1;;

Genotype:
[456, 254, 298, 20, 294, 116, 274, 35, 463, 404, 492, 277, 159, 43, 154, 107, 0, 220, 21, 222, 274, 186, 424, 36, 147, 67, 29, 137, 346, 223, 31, 118, 272, 34, 129, 192, 354, 105, 39, 314, 78, 278, 374, 31, 421, 296, 247, 63, 97, 492, 277, 159, 43, 154, 52, 209, 220, 21, 222, 213, 186, 48, 36, 147, 103, 184, 137, 346, 223, 31, 118, 1, 151, 129, 192, 354, 105, 265, 262, 85, 120, 374, 202, 170, 296, 247, 63, 198, 4, 417, 76, 213, 314, 128, 472, 388, 351, 498, 391, 339, 485, 98, 180, 237, 432, 332, 57, 82, 223, 186, 273, 146, 269, 266, 280, 308, 183, 92, 210, 226, 322, 327, 233, 497, 295, 0, 242, 382]
Tree:
None
Fitness on 5000 data:
-8.122847720683248

Fitness:
-7.914721386655605