Generation:
500

Phenotype:
skill1 = gm([3, 11, 2.9], [6, 20, 25])  - uniform([12, 1.1], 4); 
skill2 = 1  * gm([23, 26, 3.9])  - uniform([5, 2], 2); 
p1wins = bern(0.5);
skill1 = uniform([11, 19.5], 1);;

Genotype:
[456, 83, 234, 317, 453, 34, 96, 306, 352, 269, 219, 71, 284, 132, 130, 168, 423, 96, 242, 381, 302, 477, 101, 342, 180, 55, 86, 385, 218, 281, 140, 154, 147, 16, 150, 453, 34, 53, 240, 218, 284, 140, 352, 105, 453, 432, 55, 31, 351, 96, 306, 498, 423, 96, 306, 352, 363, 453, 67, 396, 105, 453, 432, 55, 31, 351, 96, 306, 498, 423, 96, 306, 352, 363, 453, 67, 396, 53, 240, 218, 284, 82, 130, 168, 420, 96, 242, 34, 96, 306, 352, 363, 453, 67, 41, 396, 53, 426, 218, 284, 130, 168, 423, 96, 242, 381, 363, 453, 432, 55, 96, 306, 352, 363, 342, 180, 55, 86, 385, 347, 214, 82, 130, 168, 423, 96, 242, 381, 302, 193, 305, 342, 180, 55, 86, 306, 498, 423, 96, 306, 363, 342, 180, 55, 86, 385, 347, 214, 82, 130, 168, 423, 96, 242, 381, 302, 193, 305, 342, 180, 55, 86, 306, 498, 423, 96, 306, 352, 240, 218, 284, 140, 352, 231, 317, 214, 82, 130, 168, 423, 146, 306, 352, 363, 342, 180, 55, 86, 385, 347, 222, 82, 130, 168, 423, 96, 242, 381, 302, 193, 305, 342, 180, 55, 86, 306, 498, 423, 96, 306, 352, 363, 453, 67, 499, 240]
Tree:
None
Fitness on 5000 data:
-6.509219940146463

Fitness:
-6.202046793793945