Generation:
500

Phenotype:
a = gm([3, 2, 2.4])  - b; 
if b <= 5 { 
  b = uniform([10, 3], 3)  - gm([8.7, 16.9, 2], [29, 4, 1.3]); 
 } else { 
  b = 3 + 2  * a; 
 } end if;

Genotype:
[359, 167, 444, 211, 56, 108, 406, 328, 250, 75, 250, 75, 468, 69, 469, 209, 450, 242, 204, 425, 305, 5, 14, 381, 152, 444, 2, 56, 250, 75, 250, 75, 411, 132, 168, 135, 450, 431, 314, 498, 402, 404, 308, 436, 314, 211, 404, 335, 211, 56, 108, 406, 328, 250, 75, 250, 75, 468, 69, 469, 209, 450, 242, 204, 425, 305, 5, 425, 381, 152, 444, 2, 96, 250, 75, 250, 75, 75, 250, 75, 250, 257, 411, 132, 7, 20, 450, 431, 250, 75, 250, 75, 468, 108, 436, 378, 464, 32, 248, 408, 5, 222, 381, 436, 425, 92, 122, 337, 384, 347, 135, 45, 147, 171, 402, 346, 143, 410, 257, 12, 59, 32, 248, 408, 21, 428, 435, 71, 175, 312, 159, 306, 408, 174, 176, 165, 329, 467, 6, 216, 316, 215, 474, 221, 396]
Tree:
None
Fitness on 5000 data:
-4.499930940552499

Fitness:
-4.472701068577244