Generation:
500

Phenotype:
burglary=earthquake  - 0; 
 earthquake=burglary + bern(0.7); 
 alarm=burglary  - 0; 
 johncalls=alarm; 
 earthquake = alarm + 0;

Genotype:
[387, 272, 92, 466, 61, 49, 126, 112, 338, 266, 80, 72, 53, 294, 290, 428, 160, 8, 421, 214, 144, 48, 294, 290, 132, 160, 8, 421, 214, 144, 48, 214, 293, 48, 483, 156, 320, 113, 200, 172, 257, 11, 116, 102, 183, 429, 140, 271, 110, 112, 494, 481, 49, 124, 175, 484, 328, 454, 38, 393, 200, 172, 8, 404, 166, 466, 239, 204, 48, 4, 16, 350, 320, 143, 21, 355, 395, 139, 365, 142, 222, 441, 159]
Tree:
None
Fitness on 5000 data:
-inf

Fitness:
0.0