Generation:
500

Phenotype:
contentDifficulty = 15 + gm([5, 15, 9], [2, 0, 11.4], [30.2, 15.6, 4.5]);
questionsAfterLectureLength = 25 * 27 + 14 * 8;
questionsAfterLectureLength = uniform([6, 9.9], 1) + 17  * bern(0.2);;

Genotype:
[415, 307, 102, 164, 24, 451, 107, 52, 418, 486, 257, 369, 302, 284, 52, 418, 182, 257, 369, 302, 219, 30, 217, 135, 290, 66, 328, 313, 92, 271, 351, 201, 203, 389, 314, 202, 400, 391, 63, 484, 263, 47, 459, 337, 452, 203, 324, 287, 297, 178, 327, 369, 145, 132, 110, 37, 135, 350, 98, 328, 88, 358, 271, 388, 132, 30, 37, 135, 350, 374, 328, 88, 358, 271, 388, 145, 88, 471, 281, 314, 262, 25, 136, 279, 188, 14, 344, 3, 441, 140, 93]
Tree:
None
Fitness on 5000 data:
-6.354893906010906

Fitness:
-6.070246791120095