Generation:
500

Phenotype:
skill1 = gm([29.4, 20, 4.7]) + 24  * skill1;
p1wins = 7  * bern(0.9) + 28 * 24;
skill2 = gm([4.9, 19, 5.9]);
p1wins = bern(0.7);;

Genotype:
[396, 83, 78, 491, 384, 373, 396, 473, 454, 267, 246, 255, 384, 454, 131, 221, 114, 373, 396, 180, 177, 28, 442, 19, 29, 43, 322, 38, 19, 26, 188, 99, 90, 117, 150, 310, 337, 297, 468, 177, 28, 411, 438, 332, 178, 143, 93, 67, 170, 327, 398, 352, 29, 90, 450, 263, 114, 293, 43, 3, 201, 117, 150, 310, 431, 139, 222, 177, 28, 290, 438, 332, 178, 291, 93, 68, 178, 327, 38, 19, 29, 43, 99, 201, 117, 150, 310, 221, 297, 222, 177, 28, 290, 438, 332, 178, 291, 93, 68, 170, 473, 454, 69, 43, 385, 160, 43, 46, 448, 447, 470, 330, 138, 90, 422, 427, 370, 406, 316, 207, 492, 251, 148, 447, 470, 213]
Tree:
None
Fitness on 5000 data:
-6.603597977477257

Fitness:
-6.303773029987951