Generation:
500

Phenotype:
a = 23  * a; 
b = 4  * uniform([0, 5], 1)  - 4; 
a = 14;
a = 0 + gm([1, 0.7, 2]);;

Genotype:
[357, 414, 184, 178, 402, 228, 464, 406, 314, 248, 434, 312, 274, 168, 224, 452, 314, 248, 434, 500, 274, 168, 224, 452, 138, 327, 40, 168, 464, 406, 104, 248, 434, 477, 274, 168, 244, 63, 215, 248, 159, 312, 374, 168, 224, 154, 193, 351, 78, 480, 88, 201, 24, 115, 327, 339, 54, 112, 192, 464, 196, 387, 115, 327, 339, 54, 275, 78, 411, 2, 485, 474, 39, 184, 336, 402, 61, 464, 325, 135, 287, 138, 35, 192, 126, 167, 71, 332, 15, 138, 238, 163, 392, 178, 459, 211, 89, 387, 254, 469, 381, 485, 73, 352, 30, 123, 76, 229, 165, 112, 328, 358, 456, 194, 195, 421, 392, 325, 135, 287, 138, 35, 192, 234, 364, 260, 62, 125, 191, 264, 227, 32, 497, 204, 443, 240, 87, 120, 333, 41, 453, 427, 228, 328, 24, 59, 389, 378, 372, 53, 254, 235, 329, 276, 485, 322, 426, 164, 410, 153, 310, 31, 3]
Tree:
None
Fitness on 5000 data:
-5.2432784351415185

Fitness:
-4.976848224798312