Generation:
500

Phenotype:
p1wins = uniform([15, 11.4], 4);
p1wins = uniform([15, 11.4], 4);
p1wins = uniform([15, 11.4], 4);
skill2 = 3  * uniform([4, 6], 1) + skill1;
if skill1 != 26 { 
   skill1 = uniform([8, 6], 1)  - uniform([9, 4], 1); 
 } else { 
   skill1 = 24  - 9; 
 } end if;;

Genotype:
[97, 119, 84, 239, 104, 72, 24, 146, 356, 299, 135, 66, 463, 422, 84, 239, 104, 72, 24, 146, 356, 299, 135, 66, 463, 422, 84, 239, 104, 72, 24, 146, 356, 257, 135, 66, 463, 278, 368, 207, 106, 70, 322, 65, 18, 128, 326, 158, 128, 243, 468, 135, 66, 463, 278, 276, 473, 26, 318, 232, 365, 60, 398, 162, 226, 132, 4, 473, 312, 282, 122, 350, 368, 354, 356, 69, 384, 422, 84, 239, 104, 72, 24, 146, 356, 257, 135, 66, 463, 278, 368, 207, 106, 70, 322, 65, 18, 128, 326, 158, 128, 243, 468, 135, 66, 463, 278, 276, 473, 26, 318, 232, 365, 60, 398, 162, 226, 132, 4, 473, 312, 282, 122, 350, 24, 354, 59, 69, 425, 128, 221, 158, 128, 243, 468, 135, 66, 463, 278, 276, 473, 438, 318, 60, 365, 60, 101, 162, 226, 132, 422, 84, 239, 104, 72, 98, 146, 356, 299, 135, 66, 463, 422, 84, 15, 315, 38, 132, 411, 49, 59, 69, 24, 146, 356, 43, 135, 66, 463, 278, 59, 69, 425, 15, 315, 38, 132, 411, 49, 59, 69, 425, 15, 290, 134, 314, 403, 142, 69, 425, 15, 155, 134, 314, 403, 142, 164, 211, 177, 340, 320, 30, 190, 472, 421, 230, 141, 333, 92, 76, 52]
Tree:
None
Fitness on 5000 data:
-6.4878744891768125

Fitness:
-6.314891945659735