Generation:
500

Phenotype:
skill2 = 24  * cond;
skill1 = 9 + 2  * uniform([1, 9], 2);
skill2 = uniform([14, 1], 3) + uniform([1, 9], 1);
 cond = 1.3*skill2; 
cond = skill1 - cond; 
if cond > 0 { 
  p1wins = 1.0;
 } else { 
   p1wins = 0.0; 
 } end if;

Genotype:
[353, 332, 152, 219, 385, 78, 412, 179, 464, 231, 500, 488, 385, 412, 403, 188, 332, 412, 403, 219, 110, 404, 408, 179, 233, 231, 500, 488, 293, 385, 111, 490, 293, 228, 468, 402, 468, 110, 404, 100, 179, 464, 322, 68, 276, 254, 355, 59, 414, 464, 357, 21, 293, 464, 124, 386, 464, 231, 111, 385, 104, 110, 293, 464, 124, 386, 464, 231, 68, 500, 293, 222, 124, 214, 403, 188, 111, 385, 468, 110, 198, 214, 242, 2, 6, 488, 465, 474, 321, 276, 254, 355, 488, 293, 385, 111, 490, 293, 228, 468, 468, 468, 110, 404, 408, 179, 408, 179, 464, 322, 68, 500, 293, 464, 124, 386, 464, 231, 68, 500, 293, 464, 124, 214, 403, 188, 111, 385, 468, 110, 293, 464, 124, 386, 464, 231, 68, 500, 293, 464, 124, 214, 403, 188, 111, 385, 468, 110, 198, 214, 242, 419, 6, 488, 465, 474, 321, 276, 254, 355, 59]
Tree:
None
Fitness on 5000 data:
-6.169827436818629

Fitness:
-5.66708333345327