Generation:
500

Phenotype:
u = bern(0.5)  - u; 
 v = bern(0.7)  - bern(0.6); 
 w = bern(0.1)  - 0; 
 x = x + bern(0.7); 
 v = bern(0.9);

Genotype:
[460, 221, 364, 291, 382, 238, 348, 472, 119, 198, 465, 177, 198, 471, 329, 386, 478, 137, 180, 443, 366, 382, 16, 6, 251, 142, 203, 411, 280, 168, 173, 309, 15, 272, 369, 314, 372, 87, 29, 326, 264, 148, 328, 221, 12, 148, 46, 140, 44, 124, 479, 326, 372, 87, 29, 104, 329, 198, 291, 395, 386, 154, 137, 273, 313, 366, 280, 168, 306, 309, 30, 272, 65, 402, 205, 263, 456, 183, 351, 172, 322, 192, 451, 169, 171, 472, 177, 152, 235, 164, 191, 117, 8, 216, 462, 271, 360, 276, 166, 39, 348, 179, 335, 112, 114, 446, 158, 230, 272, 457, 221, 364, 291, 65, 364, 409, 289, 324, 60, 289, 244, 194, 205, 263, 456, 183, 351, 172, 322, 192, 451, 169, 171, 472, 177, 152, 235, 164, 191, 117, 8, 216, 462, 271, 360, 276, 166, 39, 348, 179, 335, 112, 114, 446, 158, 230, 272, 457, 221, 364, 291, 65, 364, 409, 289, 324, 60, 289, 244, 194, 427, 48, 36, 79, 173, 216, 405, 142, 21, 130, 256, 433, 382, 248, 427, 421, 194, 202, 33, 219, 53, 27, 278, 489, 109, 495, 491, 37, 185, 30, 271, 467, 81, 406, 122, 98, 191, 82, 403, 281, 150, 99, 237, 426, 21, 135, 483, 119, 400, 299, 292, 219, 329, 14, 306, 69, 297, 279, 326, 86, 478, 391, 479, 397, 290, 260, 102, 438, 209, 354, 459, 67, 473, 261, 473, 344, 148, 429, 62, 402, 452, 192, 451, 169, 171, 472, 177, 152, 235, 164, 191, 117, 8, 216, 462, 271, 360, 276, 166, 39, 348, 179, 335, 112, 114, 446, 158, 230, 272, 457, 221, 364, 291, 65, 364, 409, 289, 324, 60, 289, 244, 194, 205, 230, 272, 457, 221, 364, 291, 65, 364, 409, 289, 324, 60, 289, 244, 194, 205, 263, 456, 183, 351, 172, 322, 192, 451, 169, 171, 472, 177, 152, 235, 164, 191, 117, 8, 216, 462, 271, 360, 276, 166, 39, 348, 179, 335, 112, 114, 446, 423, 230, 272, 457, 221, 364, 291, 65, 364, 409, 289, 324, 60, 289, 244, 194, 427, 48, 36, 79, 173, 216, 405, 142, 21, 130, 256, 433, 382, 248, 427, 421, 194, 202, 33, 219, 53, 27, 278, 489, 109, 495, 491, 37, 185, 30, 271, 467, 81, 406, 122, 98, 191, 82, 403, 281, 150, 99, 237, 426, 21, 135, 483, 119, 400, 299, 292, 219, 329, 14, 306, 354, 297, 279, 326, 86, 478, 391, 479, 397, 290, 260, 102, 438, 209, 354, 459, 67, 473, 261, 473, 344, 148, 429, 62, 402, 452, 392, 340, 379, 462, 486, 240, 199, 97, 116, 124, 204, 271, 52, 62, 217, 53, 469, 303, 486, 156, 268, 363, 341, 450, 478, 334, 434, 267, 6, 78, 446, 354, 111, 204, 345, 428, 247, 52]
Tree:
None
Fitness on 5000 data:
-1.702430148759515

Fitness:
-1.7582943089483651