Generation:
500

Phenotype:
burglary=earthquake; 
 earthquake=0; 
 alarm=0 + bern(0.4); 
 johncalls=0; 
 alarm = johncalls;

Genotype:
[285, 252, 486, 354, 241, 126, 43, 320, 61, 51, 18, 120, 165, 93, 354, 241, 120, 84, 184, 222, 6, 75, 474, 296, 163, 430, 447, 498, 179, 184, 177, 494, 222, 267, 337, 48, 256, 33, 52, 277, 105, 28, 62, 414, 164, 175, 240, 236, 463, 392, 58, 256, 75, 306, 52, 31, 243, 433, 388, 489, 196, 350, 419, 135, 277, 428, 70, 150, 299, 352, 36, 192, 6, 371, 367, 318, 128, 256, 255, 76, 195, 283, 424, 7, 12, 2, 96, 466, 52, 140, 203, 445, 114, 158, 53, 38, 413, 198, 21, 305, 244, 371, 36, 150, 492, 51, 57, 56, 262, 272, 40, 75, 437]
Tree:
None
Fitness on 5000 data:
-inf

Fitness:
0.0