Generation:
500

Phenotype:
sigma = gm([1.7, 0.7, 2.3])  - x;
x = 26  * uniform([22, 9], 4)  - 11;
mu = 7;
mu = 4 + gm([21, 17, 4]);
 x = sigma * gm([1,1,1]);
x = x + mu;

Genotype:
[379, 302, 494, 286, 52, 221, 129, 412, 72, 173, 466, 222, 397, 155, 213, 401, 436, 425, 99, 192, 458, 263, 482, 418, 293, 425, 166, 429, 425, 146, 192, 458, 263, 482, 378, 42, 425, 166, 168, 24, 186, 482, 322, 131, 144, 424, 22, 339, 64, 425, 166, 128, 396, 94, 296, 250, 269, 118, 420, 52, 221, 129, 412, 72, 173, 174, 222, 113, 155, 213, 401, 436, 425, 30, 192, 458, 263, 482, 418, 42, 425, 166, 429, 425, 30, 192, 458, 263, 482, 378, 42, 425, 166, 168, 24, 186, 482, 322, 131, 144, 424, 22, 420, 64, 33, 441, 269, 118, 193, 377, 40, 302, 494, 286, 52, 449, 129, 412, 72, 173, 72, 222, 397, 155, 213, 401, 436, 425, 30, 192, 458, 263, 482, 378, 42, 425, 166, 436, 425, 30, 192, 458, 263, 482, 378, 42, 425, 166, 168, 24, 186, 482, 322, 131, 144, 424, 22, 420, 64, 425, 166, 128, 396, 94, 33, 441, 269, 118, 186, 424, 324, 420, 53, 425, 166, 168, 24, 418, 482, 322, 431, 195, 469, 240, 424, 324, 420, 64, 33, 441, 269, 118, 193, 377, 40, 386, 333, 282, 438, 364, 140, 377, 431, 195, 469, 240, 85, 163, 218, 401, 113, 16, 140, 222, 1, 232, 256, 186]
Tree:
None
Fitness on 5000 data:
-6.923238053634882

Fitness:
-6.54710554612947