Generation:
500

Phenotype:
skill1 = gm([17, 4, 4], [29.7, 4, 4], [28.7, 7, 3.9], [3, 26, 22.5]) + 15;
skill2 = uniform([2, 11.5], 1) + 13;
if skill1-skill2 > 0 { 
  p1wins = 1.0;
 } else { 
   p1wins = 0.0; 
 } end if;

Genotype:
[143, 146, 232, 413, 231, 364, 144, 496, 345, 394, 420, 246, 500, 496, 345, 349, 37, 122, 375, 246, 500, 496, 345, 349, 433, 152, 312, 220, 100, 55, 220, 494, 104, 146, 468, 104, 88, 437, 239, 13, 419, 340, 387, 306, 470, 333, 124, 169, 357, 8, 157, 379, 42, 13, 24, 500, 406, 323, 340, 387, 306, 46, 29, 122, 340, 246, 500, 55, 220, 494, 104, 146, 157, 104, 88, 437, 239, 13, 419, 340, 333, 37, 122, 437, 239, 13, 496, 345, 349, 43, 152, 312, 220, 100, 55, 220, 494, 104, 146, 157, 104, 88, 437, 239, 13, 419, 340, 387, 122, 420, 246, 500, 496, 351, 349, 383, 386, 340, 387, 306, 292, 333, 37, 122, 420, 246, 500, 496, 355, 349, 433, 152, 312, 220, 100, 55, 220, 8, 157, 379, 42, 13, 249, 500, 406, 107, 340, 387, 306, 46, 29, 122, 340, 246, 500, 496, 345, 349, 43, 152, 312, 220, 100, 55, 220, 494, 104, 146, 157, 104, 88, 437, 239, 13, 419, 340, 333, 37, 122, 437, 239, 13, 496, 345, 349, 43, 152, 312, 220, 100, 55, 220, 494, 104, 146, 157, 104, 88, 437, 239, 13, 419, 340, 387, 306]
Tree:
None
Fitness on 5000 data:
-5.835511912071195

Fitness:
-5.539684844141482