Generation:
500

Phenotype:
skill2 = uniform([29, 4], 1);
skill2 = uniform([15, 9], 1);
skill1 = skill1 + uniform([15, 9], 1);
if skill1-skill2 > 0 { 
  p1wins = 1.0;
 } else { 
   p1wins = 0.0; 
 } end if;

Genotype:
[62, 74, 230, 278, 478, 267, 492, 362, 463, 458, 300, 36, 167, 230, 278, 49, 267, 402, 482, 263, 354, 485, 300, 354, 492, 372, 213, 46, 399, 148, 267, 402, 482, 263, 354, 485, 300, 354, 492, 372, 213, 46, 399, 148, 123, 307, 43, 391, 403, 371, 155, 437, 334, 366, 170, 234, 118, 159, 213, 46, 399, 148, 364, 444, 409, 155, 123, 167, 476, 107, 187, 170, 252, 492, 372, 213, 46, 399, 148, 364, 444, 409, 155, 123, 307, 43, 391, 403, 371, 155, 437, 334, 366, 170, 234, 118, 159, 213, 46, 399, 148, 364, 444, 409, 155, 123, 53, 233, 391, 403, 371, 366, 90, 416, 114, 405, 84, 233, 219, 244, 154, 460, 127, 131, 108, 90, 416, 372, 315, 84, 233, 219, 244, 392, 460, 391, 403, 371, 155, 437, 334, 142, 148, 364, 3, 321, 155, 123, 123, 53, 150, 334, 366, 90, 457, 330, 457, 84, 233, 219, 244, 154, 460, 250, 319, 108, 184, 354, 378, 202, 3, 409, 155, 123, 53, 161, 391, 403, 371, 155, 437, 334, 142, 148, 364, 3, 321, 155, 123, 123, 53, 456, 263, 354, 88, 300, 354, 232, 94, 108, 184, 492, 362, 263, 354, 471, 300, 36, 167, 364, 3, 409, 155, 123, 430, 161, 391, 403, 371, 155, 437, 334, 366, 90, 457, 300, 36, 167, 364, 3, 263, 354, 471, 300, 36, 167, 364, 3, 409, 155, 123, 430, 161, 391, 403, 371, 155, 437, 334, 366, 90, 457, 300, 36, 167, 364, 3, 409, 155, 123, 430, 161, 391, 403, 371, 155, 437, 334, 366, 90, 457]
Tree:
None
Fitness on 5000 data:
-6.59722413848313

Fitness:
-5.797395315824209