Generation:
500

Phenotype:
p1wins = 22 * 22 + skill1;
skill1 = gm([3.5, 28.1, 11.5], [6, 6.1, 23.6], [30.5, 22.7, 11]) + 26;
skill2 = 18  * gm([22.9, 1, 27.5], [4, 14.2, 4]);
p1wins = 16 * 10;
p1wins = gm([27.8, 20, 14.8], [10, 5, 1.1]) + 8  * gm([22.9, 1, 27.5], [4, 14, 0]);
skill1 = gm([0, 0.7, 27.5], [10.6, 13.8, 3.1]) + 7;
p1wins = uniform([30, 4], 2) + 17;
skill2 = gm([9.2, 14.8, 4]) + 5;
if skill1-skill2 > 0 { 
  p1wins = 1.0;
 } else { 
   p1wins = 0.0; 
 } end if;

Genotype:
[138, 2, 436, 85, 419, 157, 239, 419, 270, 456, 174, 488, 438, 454, 174, 488, 216, 73, 111, 305, 73, 243, 220, 40, 361, 307, 243, 217, 383, 490, 411, 154, 37, 305, 378, 243, 307, 395, 383, 490, 411, 154, 454, 349, 22, 456, 362, 445, 305, 86, 243, 462, 395, 373, 279, 73, 111, 305, 73, 243, 332, 395, 290, 311, 279, 492, 76, 306, 184, 314, 45, 262, 307, 44, 97, 395, 192, 216, 494, 234, 494, 39, 109, 320, 262, 234, 255, 242, 373, 93, 421, 297, 301, 182, 115, 444, 361, 361, 14, 133, 184, 314, 320, 200, 253, 73, 373, 279, 73, 225, 305, 73, 243, 332, 395, 290, 311, 279, 492, 76, 494, 184, 314, 320, 262, 234, 124, 482, 165, 6, 115, 444, 361, 307, 370, 279, 373, 279, 159, 31, 120, 31, 324, 307, 165, 356, 307, 44, 97, 395, 468, 216, 494, 234, 38, 320, 126, 217, 383, 490, 411, 154, 154, 494, 39, 109, 320, 262, 234, 255, 242, 373, 253, 421, 129, 301, 182, 115, 40, 361, 307, 14, 133, 184, 314, 467, 200, 253, 73, 373, 279, 395, 31, 395, 6, 115, 444, 361, 307, 370, 279, 373, 279, 395, 31, 395, 31, 324, 307, 165, 356, 307, 44, 97, 395, 192, 216, 494, 234, 38, 320, 306, 217, 383, 490, 411, 154, 154, 494, 39, 109, 320, 262, 234, 255, 242, 373, 253, 421, 297, 301, 182, 115, 444, 145, 216, 306, 439, 307, 73, 394, 307, 44, 97, 395, 475, 77, 432, 31, 76, 80, 306, 363, 230, 490, 411, 154, 76, 494, 234, 314, 320, 262, 234, 255, 242, 71, 253, 464, 297, 301, 182, 115, 161, 368, 307, 44, 355, 395, 441, 163, 49, 492, 245, 258, 462, 137, 431, 315, 472, 200, 86, 49, 187, 81, 233, 49, 80, 306, 191, 383, 490, 411, 154, 76, 494, 234, 314, 320, 262, 234, 255, 242, 373, 253, 242, 71, 253, 464, 297, 301, 306, 363, 230, 490, 411, 154, 76, 494, 234, 314, 320, 262, 234, 255, 242, 71, 253, 464, 297, 301, 182, 115, 161, 368, 307, 44, 355, 395, 441, 163, 49, 492, 245, 258, 462, 137, 431, 315, 472, 200, 86, 49, 187, 81, 233, 49, 80, 306, 191, 383, 490, 411, 154, 76, 494, 234, 314, 320, 262, 234, 255, 242, 373, 253, 242, 71, 253, 464, 297, 301, 182, 80, 306, 363, 383, 490, 440, 122, 415, 309, 67, 430, 229, 358, 290, 392, 62, 368, 62, 441, 163, 49, 492, 245, 258, 462, 137, 431, 315, 472, 200, 86, 49, 187, 81, 233, 49, 487, 364, 77, 170, 397, 19, 445, 353, 58, 153, 159, 415]
Tree:
None
Fitness on 5000 data:
-5.747533400146353

Fitness:
-5.579696830600053