Generation:
500

Phenotype:
skill1 = 26; 
skill2 = gm([10, 23.2, 3.5], [14, 19.5, 1.9]); 
p1wins = bern(0.3);
skill1 = gm([6, 19.1, 3.5]) + cond;;

Genotype:
[359, 351, 416, 156, 119, 405, 309, 473, 207, 366, 134, 311, 240, 397, 485, 313, 184, 418, 28, 169, 365, 391, 463, 187, 373, 215, 150, 444, 19, 191, 3, 282, 63, 76, 289, 186, 429, 22, 304, 378, 365, 19, 63, 485, 313, 211, 405, 92, 63, 380, 289, 186, 429, 22, 304, 378, 232, 289, 186, 253, 429, 22, 313, 323, 418, 28, 169, 365, 333, 31, 187, 373, 215, 39, 444, 19, 191, 3, 92, 63, 380, 289, 186, 429, 22, 304, 378, 365, 19, 98, 3, 92, 63, 380, 58, 28, 429, 22, 465, 378, 378, 232, 380, 58, 28, 429, 22, 465, 378, 232, 344, 457, 64, 31, 94, 253, 205, 319, 358, 189, 4, 2, 215, 125, 329, 83, 0, 390, 263, 411, 432, 257, 422, 428, 413, 45, 92, 214, 111, 419, 325, 402, 176, 54, 371, 304, 337, 221, 495, 91, 107, 116, 319, 358, 189, 4, 2, 215, 125, 329, 83, 0, 390, 263, 411, 432, 257, 422, 428, 413, 45, 92, 214, 111, 419, 325, 402, 43, 54, 371, 304, 337, 221, 495, 91, 107, 116, 469, 260, 432, 457, 200, 341, 364, 101, 365, 122, 267, 436, 449, 250, 469, 244, 277, 59, 355, 442, 62, 473, 472, 340, 431, 329, 166, 187, 406, 18, 329, 347, 278, 148, 466, 326, 169, 450, 15, 37, 330]
Tree:
None
Fitness on 5000 data:
-6.402744629907645

Fitness:
-5.879385079108171