Generation:
500

Phenotype:
x = uniform([17, 12.3], 2);
mu = 1  * gm([30, 22, 3.5], [12.1, 17, 9])  - 14  * mu;
sigma = uniform([4, 6], 1)  - 6;

Genotype:
[251, 82, 206, 255, 251, 48, 195, 179, 141, 421, 105, 47, 297, 50, 450, 123, 389, 358, 435, 352, 385, 318, 123, 260, 177, 233, 158, 76, 376, 327, 260, 450, 136, 327, 260, 350, 418, 262, 228, 6, 327, 260, 350, 247, 251, 420, 44, 345, 36, 455, 316, 251, 190, 6, 327, 260, 489, 247, 488, 270, 44, 345, 116, 123, 265, 365, 327, 260, 350, 134, 354, 324, 376, 36, 39, 294, 372, 327, 260, 350, 418, 251, 228, 233, 21, 133, 376, 36, 29, 294, 372, 327, 260, 350, 418, 251, 228, 6, 327, 260, 350, 418, 251, 228, 6, 327, 260, 350, 247, 488, 270, 44, 345, 215, 24, 497, 472, 212, 466, 280]
Tree:
None
Fitness on 5000 data:
-7.684917670288042

Fitness:
-7.153600671532789