Generation:
500

Phenotype:
skill1 = gm([7, 9.4, 3]) + gm([18, 11.4, 0]); 
skill2 = 21  * uniform([3, 1], 1)  - 5; 
p1wins = bern(0.3);
skill2 = uniform([3, 1], 4) + uniform([8, 19.6], 1);
p1wins = bern(0.6);;

Genotype:
[114, 13, 399, 289, 196, 188, 441, 263, 257, 489, 318, 437, 429, 185, 222, 396, 390, 35, 290, 138, 164, 496, 275, 235, 21, 462, 34, 462, 135, 312, 314, 438, 222, 396, 390, 35, 290, 377, 164, 496, 196, 235, 21, 462, 34, 462, 198, 39, 213, 190, 256, 243, 391, 473, 340, 231, 418, 449, 62, 414, 210, 487, 365, 295, 80, 478, 414, 436, 5, 401, 13, 399, 289, 466, 188, 462, 135, 39, 135, 39, 213, 190, 256, 243, 391]
Tree:
None
Fitness on 5000 data:
-6.664852726752964

Fitness:
-6.221289299919384