Generation:
500

Phenotype:
if earthquake == 0 { 
   alarm = 0  - alarm; 
 } else { 
   earthquake = bern(0.1);
  alarm = 0;
  burglary = 0  - bern(0.1);
  johncalls = bern(0.2) + alarm; 
 } end if;

Genotype:
[158, 276, 397, 132, 361, 28, 406, 232, 362, 303, 306, 422, 215, 306, 132, 466, 362, 215, 306, 380, 397, 132, 102, 297, 306, 132, 397, 230, 102, 109, 362, 132, 232, 132, 362, 215, 306, 380, 215, 306, 132, 466, 362, 215, 397, 132, 361, 28, 406, 116, 362, 323, 306, 380, 215, 306, 132, 466, 362, 215, 306, 380, 397, 363, 361, 28, 406, 232, 362, 215, 306, 380, 215, 306, 132, 466, 362, 215, 306, 380, 397, 132, 102, 297, 132, 102, 397, 132, 102, 109, 362, 132, 232, 238, 69, 397, 477, 313, 454, 432, 238, 361, 372, 62, 161, 295, 232, 164, 236, 372, 132, 102, 109, 207, 22, 349, 312, 397, 132, 102, 299, 343, 26, 362, 215, 113, 476, 239, 187, 477, 39, 442, 187, 31, 348, 328, 478, 331, 277, 421, 49, 471, 443, 35, 472, 496, 332, 202, 43, 45, 11, 240, 401, 251, 33, 311, 60, 162, 444, 123, 64, 64, 209, 46, 440, 210, 493, 210, 172, 48, 296, 393, 465, 207, 53, 414, 248, 108, 291, 339, 137, 48, 47, 337, 6, 400, 236, 261, 264, 467, 302, 356]
Tree:
None
Fitness on 5000 data:
-inf

Fitness:
0.0