Generation:
500

Phenotype:
u = 1  * bern(0.4);
v = 5  * v  - 5;
w = 5 + 13 * 25;
w = 5 + 19;
v = 1  * uniform([5, 7], 1) + bern(0.9);
if u==1 { 
  if v > 12 { 
    w = gm([1,12.,2.]);
   } else { 
    w = gm([1,6.,2.]); 
   } end if;
 } else { 
  w = gm([1,6.,2.]); 
 } end if;

Genotype:
[169, 209, 376, 133, 114, 129, 241, 125, 319, 129, 128, 412, 129, 241, 125, 319, 129, 128, 412, 167, 482, 129, 128, 412, 167, 323, 490, 101, 332, 222, 386, 167, 323, 490, 101, 412, 167, 323, 352, 101, 332, 222, 386, 206, 391, 48, 104, 226, 454, 211, 211, 404, 422, 129, 404, 114, 88, 33, 415, 386, 206, 367, 323, 118, 202, 404, 482, 419, 161, 43, 71, 128, 114, 167, 323, 451, 206, 391, 48, 222, 326, 206, 391, 48, 104, 226, 454, 195, 128, 114, 167, 323, 384, 101, 332, 222, 326, 438, 458, 438, 276, 89, 216, 81, 176, 335, 39, 333, 179, 365, 210, 79, 324, 433, 343, 156, 159, 410, 249, 11, 117, 326, 206, 391, 48, 104, 226, 454, 194, 202, 452, 482, 251, 161, 43, 71, 100, 166, 61, 83, 130, 23, 415, 452, 482, 251, 161, 192, 89, 477, 402, 192, 254, 99, 367, 113, 410, 249, 11, 117, 40, 302, 253, 167, 323, 451]
Tree:
None
Fitness on 5000 data:
-4.8634771567246355

Fitness:
-4.635753068796001