Generation:
500

Phenotype:
u = gm([2, 28, 17], [15, 16, 1])  - 16  * bern(0.8); 
v = gm([11, 17.9, 16], [26.1, 8.1, 22]); 
w = gm([1, 20.5, 15], [21, 9, 2])  - 4;
v = gm([3.8, 25.8, 2])  - 16;;

Genotype:
[431, 227, 162, 301, 407, 180, 343, 376, 369, 428, 358, 278, 222, 170, 164, 140, 234, 63, 58, 450, 343, 349, 414, 162, 301, 407, 180, 445, 495, 265, 170, 164, 140, 234, 63, 491, 450, 343, 349, 414, 162, 301, 407, 180, 445, 495, 396, 32, 123, 82, 256, 324, 201, 178, 300, 393, 486, 257, 318, 250, 464, 486, 4, 54, 202, 471, 379, 431, 87, 173, 94, 165, 96, 43, 369, 428, 358, 278, 250, 170, 164, 140, 234, 63, 58, 450, 343, 349, 414, 162, 301, 407, 180, 445, 495, 396, 32, 123, 82, 256, 324, 446, 74, 201, 178, 300, 7, 486, 257, 376, 120, 464, 31, 4, 54, 202, 471, 379, 431, 87, 173, 68, 343, 225, 63, 369, 428, 277, 278, 250, 170, 164, 140, 234, 63, 58, 450, 343, 349, 414, 162, 301, 407, 180, 445, 495, 396, 32, 123, 82, 256, 324, 446, 74, 447, 7, 486, 118, 376, 120, 464, 486, 4, 54, 136, 421, 234, 7, 276, 264, 47, 273, 381, 196, 271, 348, 382, 61, 198]
Tree:
None
Fitness on 5000 data:
-5.890590300189439

Fitness:
-5.575460532868035