Generation:
500

Phenotype:
sigma = 4  * uniform([0, 1], 3)  - 22  * mu;
mu = gm([16.2, 20, 3]);
 x = sigma * gm([1,1,1]);
x = x + mu;

Genotype:
[421, 122, 346, 211, 160, 464, 307, 35, 35, 403, 300, 108, 326, 193, 332, 12, 426, 108, 498, 154, 192, 102, 300, 139, 190, 377, 171, 163, 304, 454, 482, 189, 160, 234, 94, 21, 35, 403, 94, 21, 189, 160, 281, 307, 335, 35, 403, 492, 164, 492, 193, 399, 12, 399, 12, 498, 418, 192, 448, 395, 102, 281, 492, 164, 392, 187, 423, 237, 119, 468, 329, 223, 57, 244, 281, 492, 164, 392, 284, 212, 237, 43, 468, 204, 223, 208, 251, 395, 18, 281, 492, 164, 392, 187, 212, 237, 43, 468, 329, 223, 208, 251, 469, 108, 270, 59, 160, 39, 300, 448, 395, 18, 281, 492, 164, 392, 187, 21, 35, 164, 392, 164, 278, 448, 395, 18, 281, 492, 164, 392, 187, 177, 237, 43, 24, 329, 223, 208, 251, 358, 347, 411, 87, 50, 89, 57, 4, 371, 154, 165, 95, 231, 14, 7, 497, 135, 69, 6, 327, 281]
Tree:
None
Fitness on 5000 data:
-6.0389499033176275

Fitness:
-5.73966009870571