Generation:
500

Phenotype:
skill1 = uniform([2, 24.1], 1) + 4; 
skill2 = uniform([8, 22.8], 1)  - 26  * p1wins; 
p1wins = 17  - bern(0.8);
p1wins = 0 + bern(0.1);;

Genotype:
[196, 439, 15, 394, 219, 185, 365, 378, 496, 161, 8, 159, 8, 294, 218, 70, 147, 301, 133, 272, 268, 398, 348, 466, 134, 416, 206, 48, 405, 135, 205, 54, 182, 357, 246, 28, 458, 230, 155, 252, 143, 225, 264, 466, 404, 416, 293, 237, 23, 135, 109, 54, 442, 53, 246, 28, 458, 230, 155, 135, 179, 462, 182, 357, 322, 137, 22, 73, 471, 402, 442, 53, 51, 224, 153, 392, 74, 21, 334, 213, 258, 145, 393, 95, 463, 122, 118, 125, 11, 76, 221, 380, 96, 168, 282, 109, 100, 36, 58, 302, 282, 66, 94, 364, 148, 314, 117, 196, 34, 485, 181, 128, 467, 355, 482, 461, 388, 186, 114, 480, 314, 87, 154, 486, 62, 123, 346, 203, 61, 22, 351, 472, 461, 286, 301, 101, 337, 210, 221, 147, 301, 133, 272, 268, 398, 245, 129, 60, 272, 268, 322, 137, 22, 73, 471, 402, 442, 53, 51, 224, 153, 392, 74, 21, 334, 213, 258, 145, 393, 268, 322, 137, 22, 73, 471, 402, 442, 53, 51, 224, 153, 392, 74, 21, 334, 213, 258, 145, 393, 95]
Tree:
None
Fitness on 5000 data:
-6.599785890085237

Fitness:
-6.251653781818172