Generation:
500

Phenotype:
burglary=alarm  - earthquake; 
 earthquake=earthquake; 
 alarm=0  - 0; 
 johncalls=0  - 0; 
 burglary = johncalls  - johncalls;

Genotype:
[349, 371, 432, 270, 210, 140, 398, 121, 210, 140, 398, 149, 353, 105, 66, 465, 66, 251, 351, 292, 403, 26, 132, 94, 312, 28, 137, 210, 140, 11, 140, 132, 147, 381, 465, 221, 140, 398, 132, 94, 11, 260, 495, 432, 352, 342, 323, 427, 351, 292, 403, 26, 268, 111, 28, 137, 472, 240, 404, 98, 87, 446, 36, 462, 317, 32, 243, 374, 360, 265, 465, 260, 142, 252, 214, 468, 308, 188, 454, 279, 240, 364, 446, 173, 89, 410, 147, 148, 312, 401, 448, 318, 326, 320, 487, 34, 59, 409, 96, 93, 396, 400, 306, 299, 210, 209, 21, 235, 416, 261, 256, 484, 201, 110, 86, 436, 393, 111, 494, 132, 297, 365, 246, 199, 182, 112, 212, 111, 433, 216, 441, 221, 174, 213, 488, 232, 128, 382, 488, 51, 175, 400, 153, 42, 307, 367, 432, 352, 152, 492, 304, 350, 380, 175, 438, 382, 85, 235, 416, 261, 256, 298, 260, 164, 286, 84, 180, 96, 376, 40, 89, 316, 140, 398, 305, 353, 86, 66, 465, 221, 342, 235, 427, 351, 292, 447, 432, 352, 342, 323, 427, 351, 292, 403, 351, 292, 403, 26, 268, 111, 28, 137, 472, 240, 404, 98, 87, 446, 36, 462, 317, 32, 243, 374, 360, 265, 465, 260, 142, 252, 214, 468, 308, 188, 454, 279, 240, 364, 446, 173, 89, 410, 147, 148, 312, 401, 448, 318, 326, 320, 487, 34, 59, 409, 96, 93, 396, 400, 306, 299, 210, 209, 21, 235, 416, 261, 256, 484, 201, 110, 86, 436, 393, 111, 494, 132, 297, 365, 246, 199, 182, 112, 212, 111, 433, 216, 441, 221, 174, 213, 488, 232, 128, 382, 488, 51, 175, 400, 153, 42, 307, 367, 432, 352, 152, 492, 304, 350, 380, 175, 438, 382, 85, 235, 416, 261, 256, 298, 260, 164, 286, 84, 180, 96, 376, 40, 89, 316, 450, 481, 177, 360, 265, 465, 260, 142, 252, 187, 468, 32, 369, 389, 113, 223, 269, 213, 65, 471, 322, 92, 83, 110, 404, 480, 495, 216, 407, 362, 320, 472, 263, 351, 181, 492, 283, 151, 314, 160, 474, 429, 378, 75, 125, 421, 252, 125, 197, 35, 360, 14, 261, 479, 74, 489, 378, 494, 336, 447, 211, 228, 389, 478, 490, 101, 241]
Tree:
None
Fitness on 5000 data:
-inf

Fitness:
0.0