Generation:
500

Phenotype:
u = 10  * bern(0.1) + bern(0.3); 
v = uniform([8, 7], 2); 
if uniform([7, 17.9], 4) >= 6 { 
  if 2 * gm([2, 28.2, 1.3]) + uniform([3, 1.9], 1) + bern(0.5) <= 0 { 
    w = 29  * gm([13, 28, 6.6]) + 22;
   } else { 
     w =  uniform([28, 11.6], 1)  - uniform([27, 4], 3); 
   } end if;
 } else { 
   w =  1; 
 } end if;

Genotype:
[224, 40, 100, 41, 195, 270, 441, 375, 398, 18, 486, 210, 8, 316, 474, 497, 361, 136, 494, 270, 441, 375, 265, 242, 435, 210, 99, 441, 111, 317, 126, 237, 62, 34, 126, 373, 121, 82, 493, 218, 479, 437, 42, 230, 34, 139, 404, 224, 100, 258, 324, 379, 355, 53, 403, 481, 397, 339, 429, 316, 386, 137, 366, 90, 21, 316, 23, 485, 144, 115, 311, 471, 78, 28, 231, 290, 302, 452, 81, 362, 275, 392, 399, 138, 90, 497, 166, 435, 210, 8, 316, 287, 449, 361, 136, 494, 81, 494, 275, 392, 167, 85, 90, 497, 90, 497, 449, 175, 399, 413, 53, 100, 76, 185, 269, 81, 362, 275, 392, 399, 138, 90, 497, 166, 190, 99, 374, 111, 239, 185, 5, 81, 362, 275, 392, 287, 344, 175, 135, 355, 53, 211, 456, 311, 275, 392, 482, 362, 275, 109, 399, 53, 224, 481, 348, 339, 87, 444, 231, 76, 185, 269, 81, 397, 409, 81, 362, 275, 165, 8, 316, 272, 348, 18, 435, 210, 8, 316, 287, 449, 175, 399, 355, 53, 211, 1, 311, 399, 67, 444, 144, 76, 185, 269, 81, 362, 275, 392, 399, 138, 90, 497, 166, 190, 99, 374, 111, 317, 148, 237, 475, 355, 53, 224, 481, 348, 339, 183, 366, 437, 42, 230, 34, 118, 404, 276, 100, 258, 324, 475, 355, 53, 315, 481, 348, 339, 66, 316, 386, 137, 1, 311, 471, 1, 311, 471, 196, 28, 231, 100, 237, 324, 157, 355, 53, 224, 481, 257, 339, 87, 316, 386, 137, 61, 90, 408, 316, 386, 137, 366, 1, 311, 355, 53, 211, 1, 80, 399, 67, 444, 231, 76, 185, 269, 81, 362, 275, 109, 399, 53, 224, 481, 348, 339, 441, 375, 197, 18, 8, 316, 8, 316, 230, 34, 139, 404, 486, 100, 148, 1, 311, 81, 362, 275, 392, 482, 138, 90, 497, 166, 190, 99, 178, 111, 317, 148, 237, 62, 34, 126, 373, 121, 82, 493, 218, 366, 437, 42, 230, 34, 139, 404, 276, 100, 258, 324, 475, 355, 53, 315, 481, 348, 339, 87, 316, 386, 137, 366, 90, 408, 316, 386, 137, 366, 1, 311, 471, 78, 28, 231, 76, 397, 269, 384, 82, 295, 222, 361, 287, 8, 454, 27, 315, 304, 386, 137, 366, 1, 272, 471, 78, 28, 231, 76, 397, 269, 81, 137, 275, 392, 357, 90, 103, 478, 321, 116, 20, 109, 407, 421, 380, 373, 330, 141, 68, 398, 363, 10, 250, 78, 140, 202, 162, 436, 389, 380, 102, 161, 89, 382, 288, 354, 400, 34, 165, 22, 77, 260, 81, 369, 20, 416, 275, 233, 120, 310, 339, 237, 163, 357, 437, 448, 287, 394, 274, 188, 351]
Tree:
None
Fitness on 5000 data:
29.20862660531939

Fitness:
29.333397032593712