Generation:
500

Phenotype:
damage = gm([0.4, 0, 0], [0.6, 1, 0]) + 0;
preplevel = gm([0.5, 0, 0], [0.9, 1, 0], [0.6, 2, 0]) + 2;
preplevel = gm([0.5, 0, 0], [0.1, 1, 0], [0.2, 2, 0]);

Genotype:
[490, 88, 22, 238, 55, 319, 100, 242, 74, 282, 23, 499, 130, 4, 38, 492, 146, 157, 130, 331, 489, 490, 269, 149, 109, 187, 369, 452, 126, 228, 160, 76, 209, 227, 148, 162, 163, 2, 6, 246, 387, 353, 432, 100, 246, 387, 50, 155, 475, 100, 463, 345, 99, 485, 391, 234, 175, 179, 342, 395]
Tree:
None
Fitness on 5000 data:
-1.6815744432009325

Fitness:
-1.573602540489205