Generation:
500

Phenotype:
u = bern(0.4); 
v = 2  * gm([19, 7.1, 4])  - 1  * uniform([3, 1.6], 1); 
if uniform([30, 9], 4) + gm([10, 5.7, 1]) >= 18 { 
  if w != 15 { 
    w = gm([16, 5.7, 2]);
   } else { 
     w =  u + 8 * 17; 
   } end if;
 } else { 
   w =  21  * v  - 17; 
 } end if;

Genotype:
[154, 219, 78, 479, 219, 380, 376, 250, 373, 270, 164, 298, 235, 348, 144, 380, 376, 265, 373, 122, 220, 269, 218, 185, 160, 219, 345, 14, 38, 278, 282, 8, 255, 10, 228, 413, 144, 446, 258, 137, 67, 492, 354, 125, 178, 204, 278, 182, 173, 387, 447, 12, 329, 380, 354, 171, 379, 67, 492, 354, 374, 178, 270, 164, 78, 479, 219, 380, 265, 164, 298, 114, 348, 103, 380, 376, 265, 373, 122, 93, 269, 218, 185, 160, 219, 345, 14, 38, 278, 282, 190, 255, 10, 228, 173, 144, 446, 258, 137, 67, 492, 354, 374, 178, 171, 282, 8, 338, 10, 228, 173, 144, 446, 258, 137, 67, 492, 354, 125, 404, 218, 185, 150, 219, 151, 14, 38, 278, 496, 8, 255, 10, 228, 173, 144, 446, 258, 137, 252, 492, 354, 374, 376, 3, 218, 185, 160, 219, 151, 14, 38, 278, 282, 8, 255, 10, 228, 173, 144, 446, 258, 137, 252, 492, 354, 374, 214, 204, 198, 270, 164, 298, 114, 348, 103, 380, 376, 265, 373, 122, 93, 269, 218, 185, 160, 219, 345, 14, 38, 278, 282, 8, 255, 10, 228, 173, 144, 446, 258, 137, 67, 492, 354, 374, 178, 171, 270, 380, 376, 69, 189, 374, 235, 47, 278, 387, 336, 223, 38, 371, 329, 380, 354, 171, 441, 219, 137, 252, 492, 354, 374, 30, 204, 278, 182, 173, 387, 38, 278, 282, 8, 211, 10, 228, 173, 144, 446, 258, 137, 252, 492, 354, 374, 265, 373, 171, 137, 252, 72, 219, 78, 479, 219, 380, 376, 250, 373, 270, 441, 298, 422, 348, 103, 380, 376, 265, 373, 122, 93, 259, 218, 185, 160, 219, 345, 14, 38, 345, 14, 38, 278, 278, 237, 173, 223, 38, 371, 182, 173, 358, 461, 12, 402, 374, 259, 80, 173, 387, 31, 405, 219, 219, 380, 376, 265, 373, 122, 164, 298, 235, 252, 196, 416, 411, 252, 252, 196, 139, 111, 137, 486, 282, 173, 39, 39, 192, 137, 298, 259, 282, 46, 374, 427, 111, 137, 252, 196, 354, 219, 373, 72, 164, 298, 259, 41, 491, 12, 46, 374, 427, 137, 137, 252, 196, 354, 219, 441, 8, 255, 410, 122, 329, 304, 213, 272, 373, 72, 196, 252, 219, 441, 100, 94, 410, 32, 329, 219, 441, 100, 114, 129, 76, 197, 46, 374, 39, 192, 289, 129, 376, 62, 252, 196, 354, 219, 373, 72, 164, 298, 259, 282, 173, 39, 410, 153, 41, 376, 12, 46, 374, 427, 111, 137, 178, 196, 354, 173, 255, 380, 465, 420, 376, 12, 46, 374, 427, 111, 137, 252, 196, 354, 219, 441, 8, 344, 164, 298, 235, 47, 278, 282, 173, 100, 446, 129, 76, 197, 46, 374, 39, 192, 298, 259, 282, 173, 39, 39, 192, 137, 298, 259, 282, 173, 39, 0, 192, 137, 164, 178, 259, 243, 173, 39, 410, 153, 420, 14, 361, 354, 32, 329, 254, 331, 183, 238, 201, 256, 229, 164, 456, 300, 192, 289, 129, 46, 374, 39, 192, 326, 252, 196, 310, 461, 225, 8, 94, 354, 32, 329, 254, 376, 272, 373, 4, 38, 408, 362, 353, 216, 485, 96, 472, 356, 116, 100, 226, 292, 46, 374, 166, 294, 326, 49, 196, 167, 315, 256, 229, 164, 456, 300, 322, 284, 395, 243, 371, 319, 258, 137, 166, 192, 326, 252, 196, 167, 315, 256, 229, 164, 456, 300, 322, 284, 395, 243, 371, 319, 258, 137, 211, 312, 62, 73, 159, 144, 293, 459, 41, 43, 334, 399, 476, 45, 486, 158, 117, 383, 168, 218, 156, 11, 203, 213, 74, 487, 403, 27, 357, 198, 453, 289, 334, 336, 58, 293, 22, 11, 84, 289, 132, 443, 270, 40, 420, 322, 299, 443, 220, 98, 123, 250, 278]
Tree:
None
Fitness on 5000 data:
28.331641697667056

Fitness:
28.415581834699296