Generation:
500

Phenotype:
u = 26; 
v = uniform([1, 17.2], 1); 
w = gm([30, 5.9, 2]);
u = uniform([7, 1.1], 4);
u = bern(0.2);;

Genotype:
[92, 444, 20, 76, 336, 48, 174, 414, 1, 451, 48, 271, 456, 174, 414, 41, 98, 472, 278, 441, 129, 467, 452, 312, 419, 298, 429, 132, 360, 129, 314, 441, 129, 373, 234, 139, 132, 360, 299, 132, 396, 216, 227, 451, 48, 98, 154, 48, 174, 414, 215, 451, 48, 129, 373, 497, 369, 270, 207, 283, 488, 19, 228, 244, 312, 216, 15, 394]
Tree:
None
Fitness on 5000 data:
-5.43048746526068

Fitness:
-5.224978177322914