Generation:
500

Phenotype:
w = gm([10.4, 14, 11], [22, 6, 1.7]);
v = uniform([6, 8.1], 1) + 15  * u;
u = bern(0.3);;

Genotype:
[157, 380, 28, 98, 200, 135, 264, 121, 473, 117, 258, 156, 340, 479, 70, 73, 454, 104, 115, 74, 223, 337, 156, 393, 479, 70, 218, 454, 277, 105, 454, 223, 3, 194, 216, 156, 46, 77, 336, 117, 318, 60, 417, 402, 318, 60, 171, 254, 245, 162, 119, 132, 4, 395, 11, 318, 60, 171, 90, 318, 60, 171, 254, 245, 162, 119, 132, 4, 395, 11, 168, 425, 109, 140, 261, 339, 318, 394, 426, 219, 318, 60, 171, 254, 171, 402, 318, 60, 171, 254, 245, 162, 119, 132, 4, 395, 413, 223, 345, 246, 128, 364, 158, 12, 278, 344, 48, 200, 454, 368, 3, 90, 258, 156, 393, 479, 70, 218, 454, 104, 105, 454, 223, 3, 194, 258, 156, 46, 473, 336, 117, 318, 60, 171, 90, 318, 60, 171, 380, 245, 162, 119, 132, 4, 395, 11, 168, 425, 109, 140, 261, 339, 358, 419, 273, 409, 307, 112, 229, 327, 32, 187, 193, 357, 346, 342, 468, 172, 395, 320, 463, 175, 337]
Tree:
None
Fitness on 5000 data:
-5.27942852590251

Fitness:
-5.005885029930872