Generation:
500

Phenotype:
skill1 = uniform([3, 30.3], 1)  - 0; 
skill2 = uniform([3, 30.3], 1);
cond = 5  * gm([4, 14, 14])  - gm([28, 25, 2]); 
if 30 * bern(0.4) + cond + gm([25, 20, 0], [5, 28.3, 16.4], [21, 14.2, 15.4]) + bern(0.6) + gm([28, 25, 2]) <= 25 { 
  p1wins = 1;
 } else { 
   p1wins = 0; 
 } end if;

Genotype:
[52, 245, 270, 98, 65, 183, 92, 56, 264, 299, 232, 248, 207, 270, 98, 65, 183, 92, 83, 264, 237, 232, 248, 207, 455, 169, 253, 485, 46, 408, 159, 252, 107, 374, 262, 234, 237, 80, 486, 183, 92, 56, 60, 374, 117, 335, 135, 92, 83, 264, 237, 232, 248, 207, 455, 98, 65, 183, 92, 56, 264, 299, 232, 248, 207, 270, 98, 65, 183, 92, 83, 264, 237, 232, 248, 207, 455, 169, 253, 485, 46, 408, 159, 252, 107, 374, 262, 192, 237, 80, 486, 183, 92, 56, 60, 374, 117, 335, 237, 80, 453, 385, 401, 169, 253, 477, 248, 207, 455, 169, 209, 118, 264, 237, 289, 264, 245, 270, 98, 65, 183, 92, 183, 92, 83, 264, 237, 232, 248, 207, 455, 169, 253, 485, 46, 205, 423, 262, 270, 98, 65, 183, 460, 56, 264, 67, 485, 46, 408, 159, 374, 117, 192, 237, 80, 486, 161, 401, 168, 466, 268, 134, 205, 423, 262, 83, 472, 36, 374, 117, 335, 237, 80, 453, 385, 401, 169, 253, 477, 248, 207, 455, 169, 183, 92, 83, 248, 207, 270, 453, 385, 401, 169, 253, 477, 248, 207, 455, 169, 209, 395, 264, 237, 289, 264, 245, 270, 98, 65, 183, 92, 183, 92, 83, 264, 237, 232, 248, 207, 455, 169, 253, 485, 46, 205, 423, 262, 270, 237, 80, 486, 161, 401, 168, 466, 268, 134, 205, 423, 262, 83, 472, 36, 410, 53, 93, 391, 122, 123, 340, 230, 105, 457, 499, 343, 8, 438, 278, 141, 167, 64, 205, 423, 262, 83, 472, 426, 336, 194, 445, 466, 205, 205, 42, 141, 238, 136, 336, 111, 378, 60, 199, 23, 83, 262, 421, 160, 422, 5, 409, 378, 362, 62, 275, 446, 472, 426, 336, 194, 445, 466, 205, 205, 42, 141, 238, 136]
Tree:
None
Fitness on 5000 data:
-6.896560169980846

Fitness:
-6.6268595286784935