Generation:
500

Phenotype:
a = gm([26.7, 1, 2]) + 0  * gm([2, 6, 25]); 
if a < 0 { 
  b = 3 * a + gm([1,0.,1.]); 
 } else { 
  b = gm([1,8.,1.]); 
 } end if;

Genotype:
[160, 318, 354, 387, 392, 484, 336, 166, 68, 83, 274, 159, 68, 280, 0, 250, 280, 0, 250, 240, 188, 250, 168, 409, 0, 149, 10, 315, 68, 459, 10, 159, 68, 250, 149, 351, 114, 271, 106, 280, 176, 476, 448, 458, 166, 164, 31, 192, 164, 365, 329, 438, 224, 297, 326, 497, 466, 165, 192, 312, 494, 240, 499, 195, 17, 265, 378, 170, 30, 499, 107, 431, 159, 263, 402, 331, 50, 234, 447, 473, 171, 134, 88, 191, 443, 321, 437, 244, 390]
Tree:
None
Fitness on 5000 data:
-3.6881356617049783

Fitness:
-3.3450415245602407