Generation:
500

Phenotype:
u = bern(0.2);
w = u  - uniform([12, 3], 3);
v = 7  * uniform([1, 1], 1);
if u==1 { 
  if v > 12 { 
    w = gm([1,12.,2.]);
   } else { 
    w = gm([1,6.,2.]); 
   } end if;
 } else { 
  w = gm([1,6.,2.]); 
 } end if;

Genotype:
[478, 334, 438, 27, 18, 432, 123, 27, 100, 284, 386, 446, 233, 288, 104, 81, 336, 450, 105, 444, 101, 82, 24, 72, 335, 466, 408, 97, 162, 82, 466, 134, 288, 104, 229, 336, 450, 105, 334, 424, 82, 24, 72, 335, 466, 408, 97, 162, 82, 466, 388, 351, 11, 82, 149, 317, 478, 497, 440, 147, 45, 332, 435, 481, 497, 134, 13, 344, 352, 352, 354, 452, 62, 170, 64, 67, 215, 116, 344, 352, 352, 498, 204, 424, 473, 475, 353, 426, 12, 1, 389, 311, 127, 396, 104, 227, 376, 135, 181, 450, 273, 21, 390, 29, 228, 434]
Tree:
None
Fitness on 5000 data:
-4.804718682437268

Fitness:
-4.577085519428446