Generation:
500

Phenotype:
w = 2  * bern(0.8) + gm([2, 10, 2.5], [15.6, 4.4, 2]);
u = bern(0.3);
v = 27  * uniform([12, 1.1], 4);
v = bern(0.1) + uniform([6, 9], 1);;

Genotype:
[214, 230, 252, 181, 479, 124, 274, 219, 203, 286, 12, 481, 499, 300, 188, 492, 196, 107, 405, 391, 252, 481, 201, 32, 75, 66, 453, 12, 250, 286, 300, 289, 480, 234, 75, 107, 452, 48, 413, 499, 351, 445, 244, 234, 384, 343, 63, 234, 375, 327, 148, 32, 481, 499, 300, 391, 153, 426, 162, 6, 300, 188, 492, 234, 160, 327, 148, 28, 481, 499, 300, 391, 337, 426, 162, 404, 35, 43, 479, 124, 274, 75, 375, 452, 12, 481, 499, 300, 289, 480, 234, 75, 375, 452, 48, 481, 499, 274, 75, 375, 452, 12, 481, 499, 300, 289, 480, 234, 75, 375, 452, 48, 481, 499, 300, 289, 480, 375, 452, 12, 481, 499, 300, 289, 480, 234, 148, 148, 228, 57, 386, 139, 300, 452, 12, 357, 291, 79, 192, 56, 402, 433, 291, 404, 35, 274, 75, 375, 452, 12, 481, 499, 300, 289, 480, 234, 156, 343, 259, 234, 42, 327, 148, 348, 463, 482, 478, 343, 259, 234, 160, 327, 148, 222, 289, 480, 234, 148, 343, 259, 234, 42, 327, 82, 348, 75, 264, 259, 100, 334, 168, 269, 35, 128, 82, 449, 399, 201, 249, 263, 167, 73]
Tree:
None
Fitness on 5000 data:
-5.0205086898829805

Fitness:
-4.967397882613471