Generation:
500

Phenotype:
x = gm([7, 22.1, 4], [0, 28.4, 19.2]);
mu = x + gm([13, 0, 3.1]);
sigma = uniform([0, 4], 1);

Genotype:
[345, 43, 276, 188, 263, 117, 60, 232, 337, 384, 69, 361, 84, 162, 360, 190, 286, 432, 279, 43, 276, 435, 263, 360, 190, 286, 432, 279, 43, 276, 435, 263, 117, 58, 232, 456, 199, 368, 279, 363, 158, 315, 315, 108, 333, 286, 315, 315, 368, 372, 384, 372, 384, 444, 232, 456, 139, 368, 279, 363, 158, 315, 315, 368, 279, 286, 315, 315, 368, 372, 384, 444, 361, 274, 170, 360, 103, 286, 432, 279, 43, 276, 435, 263, 117, 361, 84, 170, 360, 103, 286, 319, 279, 43, 276, 435, 242, 117, 58, 232, 456, 297, 130, 241, 363, 129, 158, 315, 383, 279, 286, 365, 462, 361, 354, 456, 254, 447, 112, 73, 345, 29, 361, 43, 387, 380, 43, 462, 361, 43, 315, 286, 365, 462, 361, 43, 456, 380, 447, 112, 160, 268, 29, 361, 43, 195, 410, 43, 112, 354, 268, 29, 393, 143, 306, 143, 465, 126, 113, 221, 446, 467, 306, 219, 269, 164, 382, 323, 328, 321, 194, 261, 221, 372, 414, 360, 384, 444, 120, 269, 415, 382, 323, 402, 465, 237, 113, 221, 430, 414, 430, 315, 32, 362, 142, 218, 246, 345, 130, 393, 402, 240, 393, 302, 250, 66, 200, 222, 252, 229, 381, 177, 307, 168, 253, 81, 285, 429, 479, 363, 411, 496, 412, 37, 411]
Tree:
None
Fitness on 5000 data:
-6.757203742346483

Fitness:
-6.677966373966259