Generation:
500

Phenotype:
a = 23  - uniform([19, 6], 1); 
if b != 9 { 
  b = gm([23.5, 5.8, 4.3]) + a; 
 } else { 
  b = 4  * b  - uniform([5, 11.6], 1); 
 } end if;

Genotype:
[427, 368, 143, 378, 178, 258, 383, 267, 258, 347, 244, 384, 59, 5, 40, 193, 360, 445, 110, 129, 395, 184, 475, 284, 241, 317, 190, 407, 288, 123, 432, 449, 190, 407, 288, 123, 432, 449, 284, 241, 445, 347, 244, 384, 59, 5, 40, 297, 360, 445, 110, 221, 253, 184, 475, 284, 241, 317, 190, 407, 465, 123, 432, 449, 136, 465, 123, 432, 449, 136, 284, 241, 317, 190, 407, 465, 123, 432, 152, 136, 5, 77, 198, 439, 267, 258, 347, 244, 384, 59, 5, 40, 193, 360, 445, 110, 129, 253, 184, 475, 284, 241, 317, 190, 407, 465, 123, 432, 449, 136, 209, 465, 123, 432, 449, 136, 172, 449, 432, 383, 123, 432, 449, 136, 172, 472, 412, 383, 485, 262, 195, 73, 55, 121, 5, 40, 141, 271, 189, 110, 129, 136, 172, 449, 432, 383, 123, 432, 449, 136, 172, 472, 412, 383, 485, 262, 195, 73, 55, 121, 5, 40, 141, 271, 189, 110, 129, 429, 184, 129, 395, 184, 330, 143, 314, 442, 258, 383, 485, 36, 439, 73, 179, 121, 241, 317, 190, 140, 253, 257, 172, 473, 432, 449, 444, 384, 121, 5, 40, 360, 360, 445, 110, 129, 395, 184, 324, 6, 241, 317, 190, 140, 253, 6, 172, 18, 497, 473, 432, 449, 136, 497, 414, 138, 255, 317, 190, 140, 450, 6, 172, 473, 432, 449, 136, 497, 317, 190, 200, 143, 378, 178, 258, 383, 485, 262, 439, 432, 449, 136, 338, 395, 184, 324, 6, 180, 317, 190, 307, 445, 445, 180, 317, 190, 477, 194, 226, 179, 445, 110, 384, 121, 5, 40, 141, 360, 445, 110, 36, 164, 349, 174, 304, 253, 133, 188, 473, 371, 253, 57, 95, 465, 154, 498, 34, 126, 463, 140, 241, 220, 414, 287, 328, 89, 203, 423, 431, 13]
Tree:
None
Fitness on 5000 data:
-5.3542773099313035

Fitness:
-4.610631050868332