Generation:
500

Phenotype:
sigma = gm([29, 22.1, 29], [5, 25, 16]);
sigma = gm([26, 2, 1]);
mu = uniform([16, 10.7], 1);
 x = sigma * gm([1,1,1]);
x = x + mu;

Genotype:
[300, 163, 264, 387, 481, 51, 51, 358, 217, 432, 432, 151, 487, 261, 432, 432, 6, 420, 36, 150, 273, 8, 264, 264, 4, 481, 51, 6, 334, 36, 358, 212, 432, 126, 432, 497, 465, 326, 74, 36, 486, 468, 8, 264, 261, 10, 177, 8, 317, 151, 487, 261, 432, 432, 6, 420, 36, 150, 134, 420, 40, 126, 432, 497, 465, 326, 74, 36, 486, 468, 300, 432, 497, 465, 326, 356, 36, 487, 317, 77, 40, 241, 432, 6, 420, 36, 114, 134, 263, 80, 200, 307, 480, 37, 455, 282, 261, 432, 126, 74, 334, 330, 80, 254, 307, 480, 37, 125, 282, 261, 6, 420, 36, 480, 264, 261, 10, 177, 307, 229, 37, 420, 36, 150, 134, 263, 80, 200, 307, 480, 37, 432, 126, 74, 8, 282, 261, 432, 126, 74, 441, 237, 441, 8, 264, 261, 10, 177, 8, 317, 151, 487, 261, 432, 432, 6, 420, 36, 150, 134, 263, 80, 200, 307, 480, 37, 125, 336, 176]
Tree:
None
Fitness on 5000 data:
-5.991404965290212

Fitness:
-5.875850055896803