Generation:
500

Phenotype:
u = u  - gm([15.8, 12.9, 18.4], [12.1, 5, 5]);
w = 1  * gm([26, 5, 6]);
if gm([18, 10, 4.3]) <= 10 { 
   v = v;
  v = uniform([8, 2.4], 3); 
 } else { 
   v = gm([9.6, 5.1, 13]); 
 } end if;;

Genotype:
[138, 223, 472, 239, 171, 470, 303, 460, 45, 171, 421, 303, 227, 294, 277, 195, 446, 224, 325, 235, 489, 40, 31, 105, 360, 118, 253, 138, 36, 478, 148, 227, 339, 106, 404, 209, 72, 206, 119, 10, 67, 390, 316, 339, 31, 105, 360, 118, 253, 436, 36, 390, 368, 227, 71, 97, 200, 209, 72, 206, 346, 10, 151, 390, 75, 40, 31, 105, 274, 255, 253, 138, 36, 390, 194, 123, 2, 390, 194, 123, 2, 58, 472, 222, 303, 161, 40, 405, 195, 446, 353, 67, 171, 368, 385, 31, 364, 360, 381, 40, 167, 195, 446, 353, 171, 390, 368, 40, 31, 105, 360, 118, 253, 138, 239, 390, 368, 227, 71, 243, 468, 309, 72, 486, 237, 156, 5, 206, 150, 472, 425, 499, 194, 123, 2, 441, 277, 313, 150, 435, 178, 55, 334, 172, 185, 353, 236, 135, 285, 178, 93, 365, 313, 460, 106, 90, 427, 199, 161, 248, 227, 85, 401, 81, 215, 189, 475, 217, 416, 245, 474, 251, 174, 184, 248, 495, 460, 292, 192, 89, 370]
Tree:
None
Fitness on 5000 data:
-9.393816290483347

Fitness:
-8.849776396920486