Generation:
500

Phenotype:
sigma = gm([27, 1.7, 1])  - 8  * sigma;
mu = 2  * gm([20, 6, 28], [11, 17.9, 28]);
x = gm([26.1, 30, 5], [0, 19, 26.6], [1.5, 28, 3])  - 9;
mu = uniform([15, 11.6], 1);

Genotype:
[271, 464, 278, 336, 43, 323, 468, 226, 434, 222, 120, 411, 1, 420, 26, 342, 451, 380, 198, 391, 191, 154, 423, 231, 342, 361, 188, 67, 187, 128, 144, 496, 99, 230, 59, 198, 162, 290, 59, 203, 278, 336, 245, 323, 198, 431, 107, 59, 186, 433, 483, 361, 491, 387, 382, 371, 300, 160, 249, 326, 465, 136, 391, 409, 367, 95, 156, 173, 497, 436, 186, 121, 466, 406, 350, 230, 164, 24, 104, 16, 294, 204, 87, 191, 232, 107, 197, 338, 336, 43, 323, 329, 326, 274, 136, 391, 411, 306, 476, 469, 400, 464, 63, 169, 112, 206, 56, 234, 186, 10, 150, 300, 160, 329, 326, 274, 136, 391, 411, 420, 489, 95, 323, 384, 10, 249, 408, 141, 16, 204, 175, 116, 19, 122, 420, 468, 24, 464, 388, 108, 211, 350, 230, 128, 24, 338, 404, 254]
Tree:
None
Fitness on 5000 data:
-6.9580599893245205

Fitness:
-6.714406284429426