Generation:
500

Phenotype:
skill1 = uniform([16, 12.2], 1)  - 3; 
skill2 = 4  * uniform([1, 7], 1); 
p1wins = 29  * cond + bern(0.1);
cond = 6 * 13  - 3;;

Genotype:
[413, 350, 387, 170, 419, 251, 291, 316, 228, 251, 94, 282, 54, 13, 407, 334, 435, 88, 177, 144, 445, 22, 215, 412, 151, 390, 339, 306, 150, 478, 421, 275, 419, 251, 291, 316, 13, 251, 94, 282, 54, 13, 217, 343, 100, 415, 412, 88, 260, 419, 334, 412, 151, 390, 339, 306, 150, 478, 421, 275, 260, 478, 421, 390, 388, 96, 108, 257, 96, 108, 257, 94, 257, 91, 334, 435, 257, 94, 339, 306, 108, 20, 421, 275, 260, 119, 162, 94, 390, 339, 306, 108, 20, 421, 275, 306, 108, 20, 421, 275, 260, 119, 257, 94, 117, 104, 402, 245, 355, 293, 326, 12, 34, 175, 412, 448, 390, 388, 96, 108, 257, 94, 49, 54, 13, 407, 334, 124, 124, 52, 144, 343, 22, 20, 421, 275, 114, 463, 497, 117, 86, 363, 402, 260, 119, 257, 94, 329, 119, 306, 104, 182, 260, 53, 257, 94, 23, 54, 13, 407, 334, 124, 124, 52, 144, 343, 0, 463, 420, 117, 104, 402, 245, 355, 293, 326, 12, 34, 175, 412, 448, 390, 388, 96, 108]
Tree:
None
Fitness on 5000 data:
-6.455761490211814

Fitness:
-6.090239873861208