Generation:
500

Phenotype:
contentDifficulty = uniform([16, 23.6], 1);
questionsAfterLectureLength = gm([5.8, 18.5, 10], [14.2, 9.7, 2.8]);;

Genotype:
[82, 326, 358, 369, 192, 243, 165, 66, 388, 345, 457, 176, 464, 45, 192, 350, 355, 189, 105, 381, 57, 17, 470, 34, 353, 266, 355, 354, 475, 452, 381, 45, 388, 495, 381, 285, 243, 374, 268, 397, 266, 249, 354, 322, 452, 470, 91, 319, 45, 192, 381, 81, 243, 249, 81, 45, 388, 87, 381, 285, 243, 249, 471, 397, 266, 249, 354, 412, 452, 470, 451, 319, 45, 192, 381, 81, 470, 451, 212, 199, 344, 470, 350, 355, 189, 157, 353, 180, 213, 294, 388, 345, 457, 176, 89, 441, 401, 176, 284, 249, 81, 353, 266, 55, 354, 322, 452, 470, 451, 319, 432, 192, 180, 213, 194, 388, 345, 457, 149, 89, 45, 192, 322, 452, 192, 180, 470, 361, 163, 196, 355, 354, 322, 342, 46, 170, 167, 18, 342, 170, 96, 262, 467, 380, 187, 45, 372, 293, 99, 481, 100]
Tree:
None
Fitness on 5000 data:
-6.132662074293229

Fitness:
-6.088064865118805