Generation:
500

Phenotype:
questionsAfterLectureLength = gm([28.6, 10, 7])  - questionsAfterLectureLength;
contentDifficulty = 10  * questionsAfterLectureLength;
contentDifficulty = contentDifficulty;
contentDifficulty = uniform([24, 14.2], 1)  - bern(0.8);;

Genotype:
[76, 464, 452, 114, 419, 470, 114, 289, 196, 285, 493, 473, 114, 289, 44, 348, 63, 24, 493, 473, 200, 289, 470, 114, 289, 196, 160, 493, 473, 114, 289, 44, 348, 63, 148, 406, 66, 190, 345, 280, 341, 402, 146, 24, 315, 76, 82, 244, 453, 419, 70, 114, 289, 196, 360, 196, 348, 63, 24, 406, 66, 190, 345, 280, 341, 402, 146, 203, 315, 327, 463, 244, 453, 244, 453, 419, 70, 114, 289, 196, 360, 196, 419, 318, 452, 132, 82, 419, 470, 114, 289, 196, 360, 196, 63, 24, 406, 66, 190, 269, 280, 374, 300, 146, 24, 24, 406, 315, 327, 463, 244, 54, 147, 278, 66, 190, 345, 280, 101, 66, 190, 345, 280, 101, 66, 190, 24, 315, 327, 204, 244, 54, 147, 66, 146, 24, 195, 327, 204, 360, 114, 24, 406, 66, 190, 345, 280, 101, 300, 146, 24, 315, 327, 204, 244, 54, 147, 66, 270, 14, 289, 360, 114, 419, 360, 452, 132, 14, 372, 24, 77, 86, 192, 270, 453, 227, 280, 397, 300, 161, 24, 48, 86, 300, 270, 14, 289, 360, 114, 419, 360, 452, 132, 14, 372, 430, 298, 445, 22, 44, 263, 295, 286, 321, 60, 195, 2, 91, 314, 404, 314, 162, 308]
Tree:
None
Fitness on 5000 data:
-6.55456809929995

Fitness:
-6.239283338930793