Generation:
500

Phenotype:
w = 21 + 0;
v = 23  * uniform([17, 4], 4)  - 15  * u;
u = 29  * uniform([1, 7], 3)  - 25 * 17;
u = bern(0.2);
v = gm([16.7, 14, 3])  - gm([13, 3, 1]);
w = 25 + 8  * bern(0.5);
w = 22 * 8 + 27  * bern(0.7);
w = gm([16.7, 10, 3])  - gm([13, 3, 0]);;

Genotype:
[89, 226, 446, 416, 296, 316, 356, 96, 393, 158, 236, 31, 134, 451, 22, 476, 55, 364, 418, 296, 0, 210, 355, 370, 480, 316, 39, 200, 462, 35, 354, 35, 490, 308, 118, 249, 274, 168, 118, 44, 35, 490, 296, 73, 134, 412, 162, 369, 375, 171, 127, 478, 139, 316, 386, 96, 393, 476, 161, 326, 276, 364, 262, 316, 313, 96, 393, 200, 236, 230, 134, 313, 170, 156, 55, 494, 395, 86, 118, 317, 42, 25, 118, 8, 495, 490, 308, 73, 134, 490, 425, 389, 177, 318, 448, 58, 219, 447, 51, 450, 8, 53, 41, 261, 33, 476, 161, 326, 276, 364, 72, 316, 313, 96, 393, 200, 236, 230, 134, 313, 170, 186, 55, 494, 395, 86, 118, 317, 42, 25, 118, 8, 495, 490, 308, 73, 134, 490, 425, 389, 177, 318, 448, 58, 219, 447, 51, 450, 8, 53, 41, 261, 33, 350, 282, 388, 200, 80, 252, 35, 73, 282, 294, 33, 393, 375, 39, 127, 416, 468, 392, 365, 96, 393, 214, 3, 86, 180, 137, 296, 490, 308, 73, 134, 388, 41, 389, 416, 318, 448, 58, 219, 33, 393, 450, 125, 53, 318, 448, 58, 219, 33, 393, 450, 125, 53, 41, 204, 33, 393, 282, 39, 200, 138, 252, 40, 296, 0, 356, 96, 393, 200, 6, 275, 134, 451, 170, 476, 55, 494, 57, 86, 393, 450, 125, 53, 41, 204, 33, 393, 282, 39, 200, 138, 252, 40, 296, 0, 356, 96, 393, 200, 6, 275, 134, 451, 170, 476, 55, 494, 57, 86, 118, 500, 462, 462, 118, 44, 35, 490, 308, 73, 134, 53, 41, 389, 463, 318, 448, 58, 40, 33, 393, 450, 112, 53, 41, 176, 172, 127, 416, 322, 316, 425, 396, 393, 200, 236, 275, 134, 430, 170, 476, 55, 494, 57, 86, 347, 244, 316, 216, 472, 65, 143, 451, 325, 386, 69, 112, 473, 75]
Tree:
None
Fitness on 5000 data:
-5.314840802097354

Fitness:
-5.109207932776537