Generation:
500

Phenotype:
v = 4  * gm([4.1, 1.3, 2]);
u = 2  * gm([5, 30.8, 30], [24.1, 24, 21.6], [22.1, 17, 8], [17.1, 16, 30.8])  - gm([0, 1.5, 20], [6.6, 26.6, 23]);
w = 13;
w = gm([18, 4.1, 4.2]);
u = bern(0.3)  - bern(0.1);;

Genotype:
[492, 175, 52, 428, 73, 225, 346, 190, 189, 64, 489, 345, 207, 87, 249, 173, 332, 498, 108, 234, 225, 362, 490, 405, 265, 83, 226, 470, 221, 216, 52, 428, 123, 225, 255, 334, 189, 84, 489, 261, 207, 293, 49, 173, 332, 189, 108, 234, 414, 442, 490, 405, 265, 486, 226, 171, 221, 216, 142, 90, 65, 307, 106, 341, 117, 342, 364, 294, 144, 448, 347, 68, 104, 309, 119, 410, 280, 178, 319, 36, 278, 416, 324, 278, 224, 75, 4, 411, 104, 216, 87, 461, 362, 304, 235, 3, 128, 225, 247, 35, 397, 186, 304, 23, 231, 128, 225, 247, 227, 207, 359, 234, 414, 362, 490, 202, 265, 83, 226, 380, 221, 216, 142, 90, 65, 307, 106, 341, 117, 342, 249, 294]
Tree:
None
Fitness on 5000 data:
-6.559692138035196

Fitness:
-6.2577417820928645