Generation:
500

Phenotype:
skill1 = uniform([23, 1], 1)  - gm([20, 3.2, 4]);
skill2 = 10;
skill2 = 6  * bern(0.2) + gm([10, 18.8, 2]);
 cond = 1.3*skill2; 
cond = skill1 - cond; 
if cond > 0 { 
  p1wins = 1.0;
 } else { 
   p1wins = 0.0; 
 } end if;

Genotype:
[203, 349, 328, 346, 228, 53, 216, 94, 116, 486, 459, 44, 168, 149, 58, 324, 423, 171, 499, 19, 140, 500, 202, 444, 385, 168, 8, 230, 10, 168, 8, 81, 281, 133, 325, 409, 223, 325, 309, 97, 200, 8, 444, 261, 421, 88, 94, 498, 499, 147, 488, 500, 202, 444, 142, 168, 8, 230, 142, 168, 8, 79, 8, 444, 142, 168, 8, 443, 254, 168, 149, 58, 324, 423, 53, 216, 94, 116, 486, 57, 44, 168, 149, 58, 440, 423, 171, 142, 147, 366, 320, 202, 486, 492, 162, 337, 184, 328, 58, 324, 384, 444, 228, 362, 216, 94, 116, 486, 57, 44, 304, 19, 58, 324, 354, 443, 142, 147, 366, 320, 290, 477, 199, 259, 191, 19, 354, 480, 327, 324, 354, 443, 142, 305, 50, 496, 444, 44, 168, 149, 58, 324, 423, 171, 142, 147, 366, 247, 202, 444, 142, 168, 8, 444, 142, 168, 8, 411, 281, 133, 362, 32, 102, 172, 487, 184, 78, 84, 183, 236, 212, 173, 153, 478, 392, 148, 495, 164, 218, 378, 87, 231, 346, 70, 339, 237, 71]
Tree:
None
Fitness on 5000 data:
-6.207218843525934

Fitness:
-5.533506257789179