Generation:
500

Phenotype:
if u == 6 { 
   u = 4; 
 } else { 
   u = bern(0.5);
  v = 13  * gm([16, 7.6, 9.6]); 
 } end if;
v = uniform([7, 7], 1)  - bern(0.6);
if bern(0.1) <= 27 { 
   w = gm([2, 6, 2]); 
 } else { 
   v = 13 * 6; 
 } end if;;

Genotype:
[86, 355, 53, 126, 444, 356, 316, 186, 78, 481, 126, 444, 440, 350, 438, 245, 308, 104, 51, 48, 57, 379, 211, 324, 434, 479, 76, 330, 262, 354, 225, 422, 352, 295, 59, 472, 212, 421, 9, 347, 422, 330, 262, 44, 225, 474, 472, 212, 123, 316, 345, 399, 284, 348, 187, 165, 54, 126, 447, 252, 485, 27, 78, 460, 181, 233, 54, 126, 233, 78, 26, 33, 444, 440, 350, 498, 48, 128, 416, 262, 78, 26, 33, 416, 440, 350, 498, 48, 128, 416, 262, 354, 225, 26, 421, 9, 438, 245, 308, 104, 51, 48, 57, 379, 316, 324, 316, 345, 399, 408, 348, 187, 335, 54, 126, 447, 252, 485, 27, 78, 460, 181, 233, 54, 126, 233, 78, 26, 126, 444, 440, 350, 438, 53, 126, 444, 356, 316, 90, 376, 485, 27, 78, 460, 181, 51, 48, 57, 379, 316, 324, 434, 479, 76, 262, 44, 225, 474, 472, 212, 123, 316, 345, 399, 408, 348, 187, 335, 54, 126, 447, 252, 485, 27, 78, 460, 181, 233, 54, 126, 233, 78, 26, 126, 444, 440, 350, 438, 245, 308, 227, 51, 48, 57, 379, 84, 324, 434, 491, 106, 330, 262, 354, 225, 26, 352, 120, 59, 472, 212, 421, 9, 280, 422, 330, 262, 44, 330, 262, 345, 399, 408, 348, 187, 335, 54, 126, 447, 252, 485, 27, 78, 460, 181, 233, 44, 225, 474, 472, 212, 123, 316, 225, 449, 352, 384, 59, 472, 279, 9, 22, 399, 182, 254, 259, 68, 181, 80, 126, 444, 236, 350, 438, 245, 308, 227, 51, 96, 57, 379, 84, 179, 358, 479, 422, 330, 262, 354, 225, 26, 352, 384, 59, 472, 212, 421, 9, 280, 422, 363, 262, 355, 474, 472, 212, 123, 316, 345, 399, 408, 477, 187, 335, 54, 126, 447, 252, 485, 27, 78, 460, 181, 233, 54, 126, 233, 134, 202, 212, 129, 195, 22, 399, 408, 396, 9, 22, 399, 182, 254, 259, 68, 181, 80, 108, 201, 498, 48, 128, 416, 99, 192, 438, 270, 308, 227, 51, 48, 57, 379, 84, 234, 434, 479, 422, 330, 262, 354, 225, 26, 352, 384, 59, 472, 212, 421, 68, 181, 80, 108, 201, 498, 48, 128, 416, 99, 192, 15, 478, 223, 204, 172, 194, 99, 372, 468, 92, 222, 264, 384, 208, 22, 330, 262, 355, 225, 488, 159, 181, 233, 480, 27, 116, 430, 234, 434, 479, 422, 330]
Tree:
None
Fitness on 5000 data:
-5.067135722332489

Fitness:
-4.855432970133209