Generation:
500

Phenotype:
a = gm([25, 2, 2.2]); 
if b == 17 { 
  b = 10  * uniform([16, 20.1], 1)  - 25; 
 } else { 
  b = gm([25.1, 7.8, 1.4], [19, 10, 13.3]); 
 } end if;

Genotype:
[421, 225, 84, 49, 478, 112, 56, 460, 64, 253, 281, 460, 64, 75, 430, 296, 329, 466, 382, 197, 264, 443, 51, 117, 364, 353, 334, 335, 72, 327, 472, 353, 341, 335, 162, 443, 472, 52, 75, 32, 75, 430, 296, 329, 466, 382, 131, 478, 443, 51, 396, 51, 117, 364, 353, 334, 335, 72, 327, 472, 353, 341, 162, 443, 472, 381, 75, 32, 31, 105, 346, 250, 141, 489, 387, 55, 249, 225, 377, 475, 172, 14, 489, 347, 105, 301, 362, 334, 335, 162, 327, 472, 472, 460, 64, 75, 256, 390, 292, 335, 162, 172, 219, 489, 347, 219, 489, 347, 408, 301, 362, 334, 335, 162, 327, 472, 353, 341, 335, 162, 443, 472, 381, 75, 163, 352, 336, 55, 249, 225, 377, 385, 397, 378, 282, 377, 183, 266, 34, 62, 340, 373, 421, 359, 454, 24, 329, 302, 291, 365, 254, 220, 29, 384, 293, 494, 408, 88, 71, 465, 201, 457, 488, 480, 167, 484, 86, 52, 163, 464, 341, 445, 418, 398, 252, 31, 488, 480, 489, 484, 86, 52, 239, 235, 121, 282, 373, 241, 345, 49, 329, 183, 135, 415, 53, 287, 405, 395, 431, 166, 236, 423, 288, 149, 285, 448, 125, 217, 422, 389, 4, 470, 308, 280, 302, 59, 14, 95, 308, 114, 434, 295, 256, 383, 248, 294, 420, 175, 97, 112, 295, 12, 158, 13, 58, 107, 66, 187, 91, 290, 368, 231, 273, 8, 388, 173, 209, 131, 186, 272, 50, 415, 399, 164, 69, 320, 463]
Tree:
None
Fitness on 5000 data:
-4.804201903395247

Fitness:
-4.442708201493157