Generation:
500

Phenotype:
skill2 = 11  * skill1 + uniform([10, 19.7], 1);
skill1 = bern(0.3) + 11  * bern(0.4);
skill1 = bern(0.1) + uniform([9, 19.6], 1);
p1wins = bern(0.4);;

Genotype:
[178, 97, 60, 247, 88, 400, 10, 104, 492, 57, 135, 26, 351, 81, 422, 159, 272, 262, 119, 81, 37, 348, 283, 335, 337, 414, 19, 129, 263, 44, 322, 18, 253, 69, 135, 99, 288, 262, 40, 69, 422, 212, 264, 336, 104, 69, 140, 258, 372, 135, 210, 203, 81, 491, 224, 487, 336, 352, 353, 276, 35, 338, 401, 480, 354, 39, 259, 35, 481, 232, 387, 430, 314, 230, 489, 402, 129, 199, 422, 352, 353, 276, 35, 338, 357, 480, 354, 198, 259, 35, 481, 232, 387, 19, 495, 217, 216, 125, 24, 257, 143, 234, 20, 6, 500, 77, 401, 406]
Tree:
None
Fitness on 5000 data:
-6.54580500140808

Fitness:
-6.364957209299019