Generation:
500

Phenotype:
mu = gm([0, 21, 13.7], [26, 26.9, 2], [0, 9, 2.9])  - 1  * uniform([4, 6], 1); 
sigma = 17  * gm([30, 0.2, 26]) + 10 * 15; 
x = 3  * uniform([6, 4], 2);
sigma = uniform([0, 4], 1);;

Genotype:
[0, 263, 183, 232, 335, 434, 372, 10, 176, 405, 354, 492, 59, 28, 150, 459, 460, 188, 476, 498, 192, 6, 310, 226, 164, 385, 312, 260, 460, 311, 476, 97, 322, 257, 52, 31, 373, 296, 454, 164, 254, 309, 471, 124, 28, 150, 305, 479, 31, 196, 480, 6, 172, 189, 164, 254, 420, 471, 309, 441, 424, 59, 28, 150, 459, 263, 31, 196, 480, 56, 479, 31, 196, 480, 6, 172, 189, 164, 254, 420, 471, 124, 441, 430, 59, 28, 150, 459, 263, 31, 196, 480, 56, 172, 189, 164, 254, 420, 471, 124, 441, 430, 59, 31, 196, 480, 6, 172, 189, 164, 254, 420, 471, 124, 441, 430, 59, 28, 70, 130, 375, 430, 275, 22, 335, 329, 372, 407, 176, 2, 354, 497, 31, 196, 296, 6, 172, 189, 164, 254, 126, 471, 124, 312, 465, 361, 359, 144, 116, 304, 31, 196, 480, 6, 172, 189, 70, 130, 375, 430, 275, 22, 335, 329, 372, 407, 299, 312, 465, 361, 359, 144, 116, 304, 31, 196, 480, 6, 172, 189, 70, 130, 375, 430, 275, 22, 335, 329, 372, 407, 299, 2, 354, 70, 28, 70, 130, 375, 220, 360, 22, 278, 282, 372, 231, 350, 75, 493, 421, 144, 302, 56, 102, 305, 350, 89, 388, 297, 158, 348, 468, 117, 92, 112, 453, 378, 141, 360, 22, 278, 282, 372, 231, 350, 221, 493, 421, 144, 302, 56, 102, 305, 350, 89, 388, 297, 158, 348, 468, 117, 92, 112, 453, 378, 141, 39, 55, 273, 412, 491, 440, 220, 225, 74, 217, 325, 355, 235, 86, 407, 211, 273, 340, 74, 217, 325, 355, 397, 86, 182, 211, 273, 273, 257, 235, 21, 215, 490, 475, 236, 34, 207, 414, 402, 246, 351, 43, 290, 314, 491, 74, 1, 278, 442, 26, 457, 97, 273, 419, 293, 14, 29, 351, 389, 360, 92, 147, 424, 362, 128, 28, 311, 202, 185, 27, 147, 225, 222, 177, 88, 370, 125, 307, 269, 358, 461, 395, 38, 35, 440, 108, 357, 441, 148, 220, 85, 134, 168, 188, 187, 454, 55, 328, 219, 383, 331, 90, 471, 415, 485, 146, 73, 402, 285, 144, 224, 217, 446, 36, 316, 113, 222, 251, 248, 34]
Tree:
None
Fitness on 5000 data:
-6.712049817467172

Fitness:
-6.540105090880414