Generation:
500

Phenotype:
b = uniform([4, 22.4], 3);
b = 5  * uniform([19, 23.1], 3)  - 30;
b = uniform([4, 22.7], 2);
a = 4 * 13  - 30;
b = uniform([4, 22.4], 2);
a = uniform([23, 6], 1)  - uniform([23, 4], 1);
b = b  - 14;;

Genotype:
[24, 29, 6, 314, 395, 6, 255, 395, 252, 331, 270, 210, 170, 470, 472, 420, 137, 395, 118, 5, 164, 50, 11, 395, 252, 354, 404, 120, 340, 203, 202, 298, 369, 6, 255, 395, 252, 331, 270, 420, 137, 395, 118, 5, 164, 50, 11, 395, 252, 354, 404, 120, 340, 203, 202, 298, 369, 6, 255, 395, 252, 331, 270, 210, 357, 170, 470, 4, 22, 305, 420, 314, 395, 118, 5, 164, 0, 491, 395, 252, 354, 404, 120, 340, 203, 27, 53, 309, 297, 141, 170, 470, 262, 122, 305, 6, 314, 395, 252, 408, 164, 0, 11, 395, 252, 234, 403, 30, 27, 53, 309, 297, 141, 170, 470, 262, 122, 305, 6, 314, 395, 252, 408, 164, 0, 11, 395, 252, 234, 403, 30, 120, 192, 27, 164, 330, 78, 111, 480, 332, 111, 191, 30, 253, 395, 252, 234, 403, 30, 120, 192, 27, 164, 330, 78, 111, 480, 332, 111, 191, 30, 253, 416, 108, 173, 105, 415, 434, 339, 357, 174, 109, 260]
Tree:
None
Fitness on 5000 data:
-5.107310878032854

Fitness:
-5.016913183325083