Generation:
500

Phenotype:
b = b + gm([6, 8, 1], [8, 8, 20]);
a = gm([7.8, 1, 1.8], [0.2, 12, 16]);;

Genotype:
[167, 35, 214, 397, 347, 478, 465, 396, 27, 162, 295, 41, 280, 37, 198, 101, 310, 280, 386, 198, 101, 310, 39, 96, 268, 81, 268, 81, 478, 465, 294, 244, 99, 383, 162, 295, 386, 280, 95, 280, 214, 198, 101, 310, 280, 386, 198, 162, 295, 293, 280, 386, 198, 101, 310, 280, 386, 198, 24, 310, 39, 96, 268, 81, 478, 35, 480, 397, 465, 396, 439, 162, 295, 293, 465, 396, 27, 162, 295, 209, 280, 386, 294, 246, 99, 388, 69, 214, 8, 167, 478, 162, 310, 280, 386, 198, 101, 310, 39, 96, 268, 81, 268, 295, 386, 496, 95, 369, 388, 109, 294]
Tree:
None
Fitness on 5000 data:
-5.0993540180662595

Fitness:
-4.565007311633395