Generation:
500

Phenotype:
skill1 = gm([17.9, 13, 29.1], [20, 10.2, 16], [29.1, 20.8, 3.1]);
skill2 = 29  - 7  * bern(0.4);
skill2 = uniform([13, 4], 2) + gm([18, 13, 11.1], [21, 12.3, 15.3]);
p1wins = bern(0.1);;

Genotype:
[15, 341, 170, 188, 168, 297, 375, 261, 109, 181, 203, 170, 188, 168, 297, 432, 261, 109, 42, 268, 331, 258, 19, 172, 140, 38, 297, 432, 261, 109, 144, 133, 331, 499, 333, 172, 140, 38, 361, 311, 131, 376, 277, 163, 255, 407, 309, 42, 163, 235, 88, 309, 198, 106, 154, 21, 325, 291, 389, 13, 46, 483, 186, 416, 339, 104, 135, 106, 154, 21, 325, 291, 389, 13, 77, 488, 222, 216, 469, 287, 186, 432, 339, 477, 277, 298, 101, 51, 241, 115, 84, 27, 456, 488, 222, 216, 469, 287, 186, 432, 271, 276, 454, 298, 101, 452, 285, 191, 229, 46, 483, 433, 332, 316, 171, 217, 157, 446, 255, 145, 365, 374, 48, 435, 131, 465, 141, 166, 221, 324, 374, 456, 0, 488, 498, 158, 498, 92, 266, 295, 126, 401, 139, 36, 153, 36, 488, 235, 157, 446, 255, 145, 365, 374, 48, 435, 131, 465, 141, 166, 221, 324, 374, 456, 0, 488, 498, 158, 498, 92, 266, 295, 126, 401, 139, 36, 153, 36, 488, 235, 384, 15, 357, 462, 42, 235, 158, 98, 376, 204, 45, 48, 31, 400, 69, 423, 200, 6, 245]
Tree:
None
Fitness on 5000 data:
-7.612755914515358

Fitness:
-7.257983266239373