Generation:
500

Phenotype:
contentDifficulty = contentDifficulty + 7  * uniform([1, 5.6], 1);
questionsAfterLectureLength = gm([23, 10, 2.1], [9.9, 10, 2.9], [9, 23.9, 8.6], [9.8, 10.2, 4.1]);;

Genotype:
[41, 68, 40, 313, 350, 142, 162, 288, 58, 127, 348, 362, 156, 293, 98, 320, 464, 195, 326, 17, 107, 126, 129, 385, 279, 226, 302, 320, 134, 107, 126, 495, 385, 341, 226, 359, 320, 134, 107, 126, 404, 385, 20, 226, 365, 240, 134, 313, 70, 68, 134, 313, 350, 142, 139, 320, 280, 263, 407, 63, 156, 293, 98, 320, 240, 195, 326, 17, 107, 126, 495, 385, 20, 226, 359, 320, 134, 313, 444, 496, 103]
Tree:
None
Fitness on 5000 data:
-6.580941876614866

Fitness:
-6.389333469079269