Generation:
500

Phenotype:
mu = uniform([16, 9], 1); 
sigma = 14  * uniform([16, 9.3], 2)  - uniform([1, 9], 4); 
x = gm([20, 22.4, 3.4], [0.8, 3.7, 2.3]);
sigma = uniform([19, 1], 3)  - uniform([16, 3], 4);;

Genotype:
[235, 15, 99, 47, 450, 418, 224, 460, 38, 268, 200, 398, 357, 459, 71, 398, 357, 459, 71, 218, 152, 224, 459, 357, 459, 226, 27, 348, 423, 379, 332, 246, 459, 3, 435, 152, 283, 279, 268, 99, 406, 114, 377, 126, 290, 459, 286, 459, 121, 107, 102, 467, 205, 418, 63, 462, 366, 134, 450, 418, 290, 459, 459, 3, 248, 152, 283, 279, 309, 99, 406, 114, 83, 450, 159, 92, 418, 93, 156, 459, 3, 60, 48, 283, 279, 10, 453, 152, 443, 36, 441, 60, 147, 164, 315, 278, 196, 228, 164, 40, 420, 285, 332, 309, 155, 350, 216, 23, 76, 185, 149, 232, 230, 178, 250, 477, 42, 104, 159, 253, 89, 450, 175, 88, 484, 116, 64, 83, 4, 74, 107]
Tree:
None
Fitness on 5000 data:
-6.78814870658783

Fitness:
-6.389721465267705