Generation:
500

Phenotype:
mu = uniform([11, 13.2], 2); 
sigma = uniform([6, 4.1], 1); 
x = 6;
x = 2  * uniform([7, 8], 1);
sigma = sigma  - 3 * 2;;

Genotype:
[202, 144, 117, 416, 11, 103, 416, 172, 449, 123, 414, 17, 409, 17, 159, 405, 416, 414, 227, 282, 223, 413, 180, 20, 8, 225, 205, 126, 41, 69, 172, 16, 224, 312, 66, 349, 409, 17, 159, 405, 370, 194, 17, 282, 126, 41, 121, 172, 460, 41, 205, 126, 21, 69, 172, 394, 136, 282, 405, 382, 180, 460, 225, 205, 126, 394, 69, 172, 394, 136, 312, 66, 349, 460, 294, 282, 405, 382, 180, 460, 225, 205, 126, 19, 180, 460, 225, 205, 126, 19, 69, 188, 394, 17, 282, 405, 382, 180, 180, 460, 225, 205, 126, 41, 138, 227, 69, 254, 457, 123, 414, 17, 282, 416, 295, 231, 180, 240, 225, 205, 174, 227, 69, 254, 457, 123, 414, 17, 282, 405, 382, 75, 143, 13, 371, 425, 83, 170, 24, 69, 447, 418, 209, 89, 420, 439, 145, 119, 217, 410, 272, 26, 286, 45, 324, 66, 349, 429, 373, 182, 458, 325, 300, 39, 123, 249, 318, 438, 193, 174, 149, 225, 205, 126, 41, 183, 96, 254, 457, 123, 414, 17, 282, 405, 382, 75, 143, 13, 371, 425, 83, 170, 24, 69, 447, 418, 209, 89, 420, 439, 145, 119, 217, 410, 272, 26, 286, 45, 324, 66, 349, 429, 373, 182, 66, 349, 460, 17, 282, 405, 382, 180, 254, 225, 205, 345, 19, 69, 188, 394, 365, 349, 330, 225, 205, 83, 41, 69, 188, 41, 69, 312, 117, 251, 11, 159, 309, 412, 353, 117, 474, 150, 191, 334, 480, 14, 303, 401, 284, 318, 172, 193, 174, 165, 371, 51, 18, 162, 419, 278, 428, 370, 233, 30, 154, 254, 354, 75, 143, 13, 371, 480, 14, 303, 401, 69, 188, 394, 17, 282, 405, 382, 180, 180, 460, 225, 205, 126, 41, 69, 227, 69, 254, 457, 123, 414, 17, 282, 416, 295, 231, 180, 240, 225, 205, 174, 227, 69, 254, 457, 123, 414, 17, 282, 405, 382, 75, 143, 13, 371, 425, 83, 170, 24, 69, 447, 418, 209, 89, 420, 439, 145, 119, 217, 410, 272, 26, 286, 45, 324, 66, 349, 429, 373, 182, 458, 325, 300, 39, 123, 249, 318, 438, 193, 174, 149, 225, 205, 126, 41, 183, 96, 191, 334, 480, 14, 303, 401, 330, 318, 429, 193, 174, 165, 302, 51, 205, 126, 41, 102, 139, 332, 188, 394, 365, 273, 136, 312, 66, 334, 205, 126, 180, 460, 225, 205, 161, 19, 69, 188, 394, 365, 349, 330, 41, 69, 172, 475, 288, 312, 66, 349, 460, 17, 282, 405, 382, 180, 254, 225, 205, 345, 19, 69, 188, 394, 365, 349, 330, 225, 205, 83, 41, 69, 188, 41, 69, 312, 117, 251, 11, 159, 309, 412, 353, 117, 474, 150, 191, 334, 480, 14, 303, 401, 284, 318, 172, 193, 174, 165, 371, 51, 18, 162, 419, 278, 428, 370, 233, 30, 154, 254, 354, 75, 143, 13, 371, 425, 83, 170, 24, 69, 447, 418, 209, 89, 420, 439, 145, 119, 217, 410, 272, 26, 286, 45, 324, 66, 349, 429, 373, 182, 458, 325, 300, 39, 123, 249, 318, 438, 193, 174, 149, 225, 205, 126, 41, 183, 96, 191, 334, 480, 14, 303, 401, 330, 318, 429, 193, 174, 165, 302, 51, 205, 126, 41, 102, 139, 332, 188, 394, 365, 273, 136, 312, 66, 334, 205, 126, 429, 119, 350, 191, 191, 412, 117, 450, 154, 254, 354, 75, 143, 13, 371, 425, 83, 170, 24, 435, 447, 418, 209, 89, 420, 439, 145, 119, 217, 410, 272, 349, 429, 373, 182, 458, 325, 300, 39, 123, 249, 318, 438, 193, 174, 149, 225, 205, 126, 41, 69, 96, 191, 334, 480, 14, 303, 401, 330, 318, 429, 193, 174, 165, 302, 51, 205, 126, 41, 102, 139, 332, 188, 394, 365, 273, 136, 312, 66, 334, 205, 126, 429, 119, 350, 191, 191, 412, 117, 450, 368, 150, 82, 284, 49, 266, 448, 353, 117, 474, 150, 191, 334, 480, 14, 303, 401, 284, 318, 172, 193, 174, 165, 371, 51, 18, 162, 419, 278, 428, 370, 233, 30, 154, 254, 354, 75, 143, 13, 371, 425, 83, 170, 24, 69, 447, 418, 209, 89, 420, 439, 145, 119, 217, 410, 272, 26, 286, 45, 324]
Tree:
None
Fitness on 5000 data:
-7.160801886683978

Fitness:
-6.776739529182738