Generation:
500

Phenotype:
v = gm([30, 10, 2.1]) + 1;
u = bern(0.4);
w = gm([27.4, 5.4, 2.8]);;

Genotype:
[423, 148, 18, 430, 70, 115, 249, 465, 144, 410, 247, 166, 165, 471, 64, 207, 83, 486, 280, 408, 197, 162, 75, 444, 7, 336, 132, 480, 174, 17, 489, 72, 345, 422, 197, 430, 3, 489, 160, 480, 93, 64, 25, 207, 83, 106, 137, 313, 75, 183, 215, 150, 480, 374, 244, 406, 465, 491, 27, 129, 257, 325, 410, 162, 75, 444, 7, 150, 132, 480, 174, 17, 489, 72, 305, 296, 197, 465, 192, 489, 412, 70, 115, 249, 91, 144, 410, 46, 166, 313, 75, 183, 255, 80, 80, 83, 76, 305, 408, 197, 162, 75, 259, 75, 183, 7, 150, 480, 174, 244, 249, 465, 491, 410, 497, 166, 313, 93, 64, 132, 480, 174, 17, 4, 300, 489, 312, 320, 80, 83, 76, 305, 408, 197, 162, 100, 371, 320, 80, 83, 76, 305, 408, 183, 255, 80, 80, 83, 76, 305, 408, 197, 162, 75, 183, 255, 146, 332, 93, 320, 80, 480, 132, 480, 174, 17, 196, 300, 72, 164, 465, 144, 410, 46, 421, 90, 321, 298, 183, 255, 398, 300, 489, 465, 144, 410, 46, 430, 329, 115, 320, 57, 83, 76, 305, 408, 197, 162, 75, 183, 255, 150, 132, 480, 174, 17, 196, 300, 489, 459, 68, 84, 321, 321, 70, 262, 70, 115, 164, 111, 115, 164, 465, 144, 410, 46]
Tree:
None
Fitness on 5000 data:
-5.091141945551809

Fitness:
-4.914270034982479