Generation:
500

Phenotype:
u = bern(0.4)  - w; 
v = uniform([7, 6.5], 1); 
w = 17  * uniform([23, 4], 2)  - 4 * 10;
if uniform([13, 6.6], 1) + 11 * v < 4 { 
   v = 27 * 21  - 0;
  u = u  - 11 * 7; 
 } else { 
   w = v; 
 } end if;
w = gm([16, 6, 5]);;

Genotype:
[384, 53, 228, 159, 273, 216, 288, 272, 498, 474, 390, 348, 25, 440, 211, 368, 500, 484, 389, 90, 23, 122, 291, 417, 68, 47, 314, 351, 395, 155, 269, 431, 474, 390, 168, 25, 440, 302, 368, 500, 211, 383, 440, 211, 368, 500, 290, 384, 232, 211, 383, 440, 211, 368, 393, 290, 384, 403, 33, 122, 184, 282, 500, 117, 384, 90, 44, 47, 42, 317, 216, 108, 235, 248, 216, 108, 12, 475, 87, 230, 57, 422, 276, 159, 225, 162, 80, 140, 220, 130, 392, 470, 117, 184, 211, 303, 90, 393, 488, 339, 62, 192, 154, 310, 229, 212, 471, 383, 323, 281, 40, 462, 417, 413, 440, 219, 325, 191, 455, 448, 474, 320, 173, 216, 153, 1, 113, 177, 84, 30, 495, 103, 366, 42, 318, 382, 195, 232, 408, 338, 433, 341, 450, 181, 345]
Tree:
None
Fitness on 5000 data:
11.958057493193607

Fitness:
12.475881931775021