Generation:
500

Phenotype:
a = 19  * a  - gm([0.9, 9.3, 3.7], [1, 3.7, 5]); 
b = uniform([15, 7], 4)  - uniform([9, 13.1], 2); 
a = uniform([13, 7], 4)  - uniform([15, 0.7], 2);;

Genotype:
[413, 323, 124, 81, 108, 338, 213, 85, 449, 377, 186, 116, 299, 195, 353, 13, 468, 411, 48, 372, 311, 263, 375, 465, 260, 191, 260, 192, 305, 201, 154, 177, 467, 474, 239, 195, 45, 13, 468, 285, 24, 230, 304, 260, 239, 195, 353, 13, 468, 285, 67, 24, 311, 263, 375, 465, 213, 85, 449, 374, 191, 14, 468, 285, 63, 178, 239, 195, 45, 370, 468, 142, 24, 278, 304, 260, 311, 263, 227, 465, 213, 85, 76, 374, 186, 488, 299, 305, 201, 132, 157, 467, 474, 239, 119, 488, 124, 482, 367, 156, 320, 156, 320, 424, 449, 374, 186, 488, 299, 305, 201, 132, 157, 467, 474, 239, 119, 488, 124, 482, 367, 156, 320, 424, 443, 190, 487, 5, 51, 487, 197, 142, 191, 253, 378, 39, 33, 382, 213, 322, 178, 335, 433, 454, 168, 150, 203, 474, 75]
Tree:
None
Fitness on 5000 data:
-5.552948556203462

Fitness:
-4.90222022028912