Generation:
500

Phenotype:
u = bern(0.2) + 0; 
 v = bern(0.9); 
 w = bern(0.2) + 0; 
  if u + bern(0.2) + bern(0.6) + u + u <= 1 { 
       if bern(0.6) + w > 0{ 
             x = v + 0; 
       } else { 
             x = bern(0.8); 
       } end if; 
 } else { 
       if x != 1{ 
             x = bern(0.9)  - bern(0.9); 
       } else { 
             x = 1  - 0; 
       } end if; 
 } end if;

Genotype:
[159, 70, 182, 445, 109, 431, 212, 90, 302, 445, 170, 178, 228, 69, 154, 73, 274, 223, 377, 116, 412, 325, 171, 424, 373, 139, 383, 207, 246, 436, 206, 452, 436, 57, 95, 447, 411, 261, 149, 422, 132, 382, 143, 200, 499, 256, 46, 109, 431, 98, 90, 210, 77, 115, 362, 219, 257, 61, 206, 274, 223, 377, 116, 207, 377, 116, 207, 325, 171, 424, 373, 139, 383, 207, 18, 436, 206, 452, 436, 57, 95, 447, 411, 261, 225, 422, 132, 382, 143, 447, 389, 341, 61, 466, 411, 264, 23, 388, 448, 395, 396, 69, 154, 73, 274, 257, 389, 341, 61, 466, 411, 264, 23, 388, 448, 395, 396, 69, 154, 73, 274, 257, 364, 466, 445, 447, 389, 426, 61, 466, 229, 423, 210, 445, 119, 389, 341, 134, 92, 228, 239, 486, 186, 134, 50, 437, 391, 17, 445, 419, 431, 98, 0, 210, 285, 4, 389, 185, 61, 123, 111, 149, 455, 5, 90, 210, 445, 447, 389, 341, 61, 466, 487, 109, 431, 323, 69, 329, 445, 100, 428, 454, 227, 365, 416, 274, 229, 325, 485, 191, 75, 437, 391, 254, 448, 299, 396, 407, 419, 30, 363, 48, 403, 139, 407, 419, 30, 202, 445, 447, 389, 139, 61, 466, 111, 283, 293, 69, 148, 210, 445, 447, 389, 68, 61, 466, 35, 154, 73, 274, 229, 325, 485, 191, 75, 228, 480, 183, 421, 314, 99, 50, 33, 391, 254, 131, 463, 396, 407, 419, 30, 363, 48, 403, 394, 69, 431, 444, 283, 455, 69, 134, 50, 437, 391, 254, 448, 299, 228, 239, 486, 30, 57, 95, 447, 411, 261, 149, 422, 132, 382, 143, 200, 240, 165, 277, 407, 83, 144, 449, 299, 353, 264, 320, 92, 228, 239, 486, 437, 359, 316, 66, 163, 445, 70, 436, 182, 50, 426, 33, 428, 454, 227, 365, 416, 274, 229, 325, 485, 191, 75, 228, 480, 183, 421, 314, 99, 377, 116, 207, 325, 171, 424, 373, 139, 383, 207, 18, 436, 206, 265, 30, 57, 95, 447, 411, 261, 149, 422, 132, 382, 143, 200, 231, 256, 46, 26, 205, 250, 320, 444, 115, 35, 127, 55, 98, 261, 149, 422, 132, 382, 143, 155, 240, 437, 143, 237, 176, 79, 285, 373, 436, 238, 265, 30, 204, 95, 447, 411, 304, 435, 412]
Tree:
None
Fitness on 5000 data:
-1.915119984717199

Fitness:
-1.5022036444617874