Generation:
500

Phenotype:
mu = gm([14, 19.6, 3.4], [30, 22, 2.4]); 
sigma = 1  * uniform([0, 4], 1);
x = 14 * 25 + 8;
x = uniform([15, 13.6], 1);

Genotype:
[211, 390, 408, 289, 401, 414, 107, 7, 422, 482, 7, 251, 129, 422, 306, 433, 202, 425, 83, 281, 408, 183, 493, 94, 14, 434, 412, 354, 4, 463, 374, 357, 45, 490, 440, 184, 318, 258, 210, 185, 263, 37, 478, 239, 120, 44, 491, 208, 458, 298, 317, 81, 482, 366, 251, 157, 263, 37, 478, 239, 120, 204, 491, 208, 458, 133, 317, 81, 482, 366, 251, 375, 77, 401, 448, 65, 51, 45, 261, 185, 470, 37, 478, 239, 120, 44, 491, 208, 458, 298, 317, 251, 375, 391, 7, 422, 482, 7, 251, 375, 422, 306, 433, 202, 425, 404, 281, 126, 477, 463, 374, 478, 239, 120, 44, 491, 208, 458, 298, 317, 81, 482, 440, 254, 318, 258, 60, 185, 263, 37, 478, 239, 120, 44, 491, 208, 458, 298, 317, 81, 482, 366, 251, 375, 77, 401, 448, 65, 51, 45, 261, 185, 470, 312, 81, 482, 7, 251, 375, 422, 306, 433, 190, 354, 276, 442, 378, 44, 491, 179, 305, 336, 432, 458, 354, 324, 135, 361, 415, 180, 287, 482, 300, 385, 253, 391, 7, 422, 482, 7, 251, 375, 422, 306, 433, 202, 425, 404, 290, 330, 477, 493, 94, 217, 208, 458, 298, 317, 88, 487, 157, 322, 34, 82, 495, 466, 190, 425, 431, 275, 482, 300, 385, 146, 162, 304, 36, 332, 80, 198, 415, 295, 484, 339, 406, 16, 494, 447, 416, 417, 468, 189, 141, 265, 163, 51, 405, 381, 184, 172, 397, 60, 385, 334, 493, 314, 493, 436, 211, 426, 108, 49, 33, 260, 361, 168, 171, 402, 386, 252, 304, 199, 310, 18, 415, 432, 103, 145, 358, 61, 288, 251, 424, 317, 376, 260, 424, 410, 35, 78, 287, 389, 223, 152, 110, 480, 447, 6, 322, 34, 427, 495, 466, 190, 147, 74, 202, 287, 115, 98, 366, 294, 172, 492, 212, 241, 187, 435, 183, 358, 120, 276, 186, 374, 452, 280, 362, 303, 171, 402, 386, 252, 304, 199, 310, 18, 415, 432, 132, 456, 443, 366, 490, 447, 269, 95, 321, 24, 314, 197, 362, 415, 114, 463, 433, 485, 213, 89, 437, 344, 370, 200, 207, 450]
Tree:
None
Fitness on 5000 data:
-6.9216967304071275

Fitness:
-6.467759104476115