Generation:
500

Phenotype:
a = gm([5.5, 2.5, 2.5]); 
if b < 12 { 
  b = gm([22.6, 19, 10], [22, 28.4, 1.5])  - 21; 
 } else { 
  b = 5  * uniform([30, 7], 2)  - uniform([3, 5], 2); 
 } end if;

Genotype:
[81, 57, 54, 250, 22, 335, 67, 346, 221, 250, 22, 221, 250, 22, 31, 162, 320, 360, 195, 472, 291, 476, 93, 136, 139, 233, 115, 221, 422, 50, 296, 320, 360, 114, 115, 485, 152, 363, 353, 280, 463, 80, 128, 52, 335, 67, 346, 461, 340, 278, 195, 361, 291, 476, 127, 136, 139, 233, 115, 221, 422, 50, 296, 320, 360, 114, 115, 485, 152, 363, 353, 335, 67, 346, 221, 250, 22, 221, 250, 22, 31, 162, 463, 80, 128, 52, 22, 335, 188, 278, 296, 95, 162, 241, 221, 50, 245, 278, 361, 291, 476, 93, 136, 205, 144, 195, 327, 85, 304, 67, 346, 406, 374, 26, 18, 239, 236, 250, 22, 162, 436, 135, 360, 57, 54, 250, 280, 139, 414, 216, 221, 422, 295, 198, 223, 8, 313, 317, 126, 233, 32, 240, 352, 455, 54, 250, 22, 335, 162, 445, 360, 245, 265, 296, 95, 162, 241, 221, 422, 245, 278, 361, 291, 476, 93, 136, 205, 144, 195, 327, 85, 304, 67, 346, 406, 374, 26, 18, 67, 346, 406, 374, 26, 18, 239, 439, 37, 94, 49, 234, 198, 121, 427, 11, 422, 81, 363, 245, 334, 369, 109, 202, 167, 215, 371, 432]
Tree:
None
Fitness on 5000 data:
-5.177705505825737

Fitness:
-4.627750472743859