Generation:
500

Phenotype:
skill1 = gm([18.3, 18, 4.4]); 
skill2 = 29 + bern(0.7);
skill2 = gm([3, 20, 3.5]); 
if 20 * gm([1.1, 23.3, 29]) + gm([27, 17.4, 24.4], [11, 2.7, 1.4], [28.7, 13.5, 3.5], [12.9, 0.9, 23], [2, 29, 6.5], [27, 17.7, 30.7], [14.7, 6, 3.6], [21.8, 6, 3.5]) + gm([29, 6.9, 18.7], [9, 18, 18.8]) + cond + 27 * gm([3, 20, 13.3]) + skill2 + 10 * uniform([11, 2.7], 1) <= 30 { 
  p1wins = 1;
 } else { 
   p1wins = 0; 
 } end if;

Genotype:
[434, 276, 261, 437, 292, 175, 297, 236, 24, 297, 357, 438, 12, 133, 458, 390, 339, 390, 259, 213, 498, 168, 299, 373, 93, 213, 169, 276, 6, 437, 292, 175, 261, 437, 292, 175, 297, 291, 485, 249, 0, 377, 280, 333, 5, 302, 281, 122, 153, 357, 6, 297, 247, 24, 213, 297, 327, 12, 133, 458, 390, 339, 390, 259, 213, 498, 168, 299, 373, 93, 213, 169, 276, 6, 437, 292, 175, 261, 437, 292, 175, 297, 291, 485, 249, 0, 377, 280, 333, 5, 302, 281, 122, 153, 357, 6, 247, 443, 24, 213, 415, 327, 24, 297, 247, 24, 93, 213, 169, 276, 190, 471, 261, 437, 383, 356, 383, 362, 70, 52, 471, 261, 437, 292, 175, 84, 297, 247, 110, 153, 357, 6, 242, 133, 297, 357, 438, 12, 133, 458, 390, 339, 390, 259, 159, 498, 168, 299, 373, 93, 213, 169, 276, 6, 437, 292, 175, 261, 168, 299, 373, 228, 280, 333, 122, 45, 258, 390, 259, 213, 498, 168, 280, 333, 247, 28, 259, 255, 348, 435, 258, 28, 259, 213, 498, 168, 428, 376, 448, 114, 190, 471, 261, 437, 383, 356, 383, 362, 70, 52, 471, 261, 437, 292, 175, 480, 297, 247, 110, 153, 357, 6, 242, 133, 458, 390, 397, 458, 251, 94, 291, 385, 20, 242, 133, 458, 390, 259, 270, 16, 213, 498, 168, 299, 435, 138, 463, 175, 297, 247, 24, 297, 357, 6, 12, 133, 87, 390, 259, 390, 259, 213, 498, 297, 357, 458, 251, 94, 291, 385, 20, 471, 261, 437, 261, 437, 259, 198, 93, 168, 299, 373, 228, 280, 333, 122, 45, 258, 390, 259, 213, 498, 168, 428, 376, 448, 114, 190, 471, 261, 437, 383, 356, 383, 362, 70, 52, 471, 261, 437, 292, 175, 480, 490, 256, 282, 297, 357, 6, 203, 47, 397, 458, 251, 94, 291, 385, 20, 471, 261, 437, 292, 175, 480, 490, 256, 282, 297, 358, 489, 399, 102, 356, 383, 362, 70, 366, 20, 334, 302, 244, 122, 45, 258, 390, 259, 213, 498, 168, 249, 276, 228, 280, 333, 247, 284, 28, 165, 255, 348, 435, 373, 121, 371, 230, 249, 276, 228, 280, 333, 247, 284, 28, 5, 59, 428, 441, 436, 232, 405, 431, 393, 357]
Tree:
None
Fitness on 5000 data:
-6.148300677158459

Fitness:
-5.696718184773307