Generation:
500

Phenotype:
questionsAfterLectureLength = uniform([5, 16.8], 1);
contentDifficulty = gm([26, 30.6, 5]);;

Genotype:
[148, 32, 422, 243, 269, 402, 120, 258, 98, 437, 357, 268, 468, 192, 388, 432, 434, 441, 105, 325, 268, 66, 243, 269, 402, 401, 258, 98, 5, 357, 258, 98, 224, 5, 192, 445, 208, 63, 434, 441, 120, 258, 98, 5, 357, 164, 390, 432, 6, 441, 105, 325, 6, 430, 364, 432, 390, 11, 388, 456, 198, 192, 224, 489, 99, 412, 11, 67, 274, 338, 345, 142]
Tree:
None
Fitness on 5000 data:
-6.5725804983250775

Fitness:
-6.227339941976248