Generation:
500

Phenotype:
earthquake = johncalls;
alarm = burglary  - alarm;
alarm = 1;
alarm = burglary;

Genotype:
[237, 241, 338, 395, 477, 375, 280, 206, 55, 262, 498, 482, 422, 428, 316, 446, 488, 266, 16, 298, 400, 395, 90, 18, 255, 491, 288, 498, 425, 422, 129, 186, 266, 16, 168, 22, 395, 36, 327, 240, 262, 480, 274, 104, 488, 63, 377, 196, 444, 383, 437, 251, 428, 306, 446, 488, 85, 274, 380, 94, 18, 10, 377, 271, 326, 36, 327, 240, 472, 350, 467, 100, 167, 455, 412, 2, 125, 217, 381, 196, 444, 383, 114, 16, 298, 400, 395, 90, 18, 255, 491, 288, 498, 482, 422, 428, 306, 446, 488, 85, 314, 380, 94, 18, 10, 377, 271, 326, 36, 327, 240, 262, 480, 274, 104, 488, 63, 377, 196, 444, 383, 437, 251, 428, 50, 446, 488, 85, 274, 380, 94, 18, 10, 377, 271, 326, 36, 327, 240, 472, 350, 467, 472, 167, 455, 412, 2, 125, 217, 381]
Tree:
None
Fitness on 5000 data:
-inf

Fitness:
0.0