Generation:
500

Phenotype:
contentDifficulty = bern(0.8) + uniform([18, 19.3], 1);
questionsAfterLectureLength = gm([4, 25.5, 6], [19, 11, 3.3])  - 8  * questionsAfterLectureLength;;

Genotype:
[326, 326, 32, 362, 288, 37, 309, 51, 142, 192, 34, 235, 347, 143, 452, 284, 66, 94, 150, 185, 272, 192, 57, 187, 328, 283, 193, 25, 31, 32, 130, 450, 452, 174, 66, 42, 35, 34, 497, 277, 163, 336, 483, 272, 77, 489, 180, 432, 281, 428, 437, 364, 148, 126, 430, 36, 342, 50, 43, 76, 408, 180, 458, 69, 460, 18, 192, 34, 155, 185, 246, 471, 284, 66, 195, 264, 163, 336, 473, 272, 77, 489, 392]
Tree:
None
Fitness on 5000 data:
-6.205432837111999

Fitness:
-6.039230437829217