Generation:
500

Phenotype:
skill2 = gm([1, 12, 7]) + 8;
if bern(0.3) >= 14 { 
   skill2 = uniform([15, 18.4], 1) + bern(0.4);
  skill1 = 9  * uniform([8, 1.5], 3)  - p1wins;
  p1wins = uniform([2, 2.4], 2);
  p1wins = 24  - uniform([21, 28.7], 4);
  skill2 = 7  * bern(0.7)  - uniform([28, 8.4], 1);
  skill1 = 25;
  skill2 = skill2; 
 } else { 
   skill1 = uniform([16, 9], 1) + p1wins; 
 } end if;
if skill1-skill2 > 0 { 
  p1wins = 1.0;
 } else { 
   p1wins = 0.0; 
 } end if;

Genotype:
[93, 104, 136, 152, 373, 499, 204, 381, 168, 160, 435, 272, 291, 220, 255, 221, 102, 8, 498, 489, 393, 318, 300, 227, 20, 438, 231, 109, 328, 174, 142, 250, 267, 78, 170, 303, 421, 318, 300, 180, 403, 255, 10, 318, 300, 320, 109, 474, 326, 194, 165, 373, 499, 62, 381, 168, 497, 160, 170, 272, 65, 360, 255, 326, 188, 167, 498, 489, 393, 318, 300, 227, 101, 167, 498, 489, 393, 318, 300, 227, 183, 438, 231, 109, 328, 326, 142, 5, 475, 441, 187, 267, 78, 170, 276, 309, 318, 300, 180, 220, 255, 279, 177, 383, 320, 242, 474, 326, 319, 226, 276, 309, 16, 358, 78, 170, 272, 24, 220, 255, 10, 264, 414, 26, 272, 291, 220, 116, 10, 246, 414, 26, 204, 381, 168, 497, 421, 108, 135, 14, 412, 370]
Tree:
None
Fitness on 5000 data:
-6.378641774199799

Fitness:
-5.86030325929905