Generation:
500

Phenotype:
a = 2  * uniform([10, 3], 4)  - uniform([19, 5], 4); 
if a < 0 { 
  b = 3 * a + gm([1,0.,1.]); 
 } else { 
  b = gm([1,8.,1.]); 
 } end if;

Genotype:
[468, 357, 88, 174, 240, 53, 268, 374, 77, 289, 128, 128, 347, 12, 185, 298, 396, 139, 431, 239, 48, 482, 393, 247, 473, 460, 86, 83, 64, 348, 202, 442, 180, 353, 447, 74, 166, 464, 297, 346, 127, 77, 127, 447, 74, 83, 172, 297, 209, 111, 423, 477, 393, 430, 454, 285, 164, 231, 223, 93, 275, 495, 4, 356, 53, 30, 264, 472, 408, 40, 104, 405, 209, 407, 308, 367, 284, 87, 142, 321, 89, 120, 479, 124, 140, 26, 48, 485, 234, 197, 82, 148, 123, 437]
Tree:
None
Fitness on 5000 data:
-3.612559305160903

Fitness:
-3.397563649300395