Generation:
500

Phenotype:
u = gm([11, 3.2, 23])  - bern(0.6); 
v = uniform([4, 12.2], 1)  - 1  * bern(0.1); 
w = 13 * 0 + uniform([2, 6.5], 1);
u = bern(0.1);;

Genotype:
[450, 218, 168, 1, 428, 340, 104, 467, 313, 352, 188, 85, 141, 379, 122, 164, 201, 166, 97, 263, 260, 136, 396, 436, 342, 475, 270, 67, 215, 131, 416, 186, 78, 286, 188, 293, 130, 175, 384, 12, 280, 438, 9, 15, 114, 375, 333, 43, 66, 239, 180, 164, 201, 166, 469, 255, 330, 234, 303, 87, 353, 122, 137, 342, 81, 136, 396, 436, 342, 475, 28, 181, 215, 131, 330, 16, 332, 237, 499, 271, 217, 436, 342, 475, 28, 181, 215, 131, 330, 16, 332, 237, 499, 271, 217, 354, 438, 464, 239, 180, 96, 416, 186, 78, 286, 188, 293, 130, 208, 384, 12, 280, 438, 453, 29, 114, 28, 181, 215, 131, 330, 349, 332, 237, 28, 271, 217, 49, 451, 353, 183, 1, 197, 242, 92, 138, 3, 319, 44, 293, 220, 168, 464, 327, 114, 39, 130, 113, 433, 196]
Tree:
None
Fitness on 5000 data:
-5.536627464504803

Fitness:
-5.015969530942217