Generation:
500

Phenotype:
contentDifficulty = 30 * 15;
contentDifficulty = uniform([22, 17.6], 1) + 0;
questionsAfterLectureLength = contentDifficulty  - uniform([7, 18.4], 1);;

Genotype:
[477, 202, 238, 303, 416, 198, 497, 269, 464, 263, 254, 192, 92, 157, 378, 418, 394, 1, 358, 212, 320, 74, 214, 155, 303, 24, 348, 99, 173, 303, 24, 348, 39, 274, 348, 99, 204, 12, 348, 39, 274, 348, 99, 204, 240, 192, 92, 394, 249, 358, 238, 42, 198, 189, 269, 238, 312, 312, 378, 418, 131, 325, 105, 164, 440, 33, 100, 151, 391]
Tree:
None
Fitness on 5000 data:
-6.272415304862853

Fitness:
-6.067068215111883