Generation:
500

Phenotype:
sigma = uniform([0, 4.4], 2) + mu;
mu = gm([9.3, 17.9, 3]) + sigma;
 x = sigma * gm([1,1,1]);
x = x + mu;

Genotype:
[251, 380, 234, 337, 409, 412, 72, 200, 0, 49, 283, 354, 213, 231, 99, 498, 126, 28, 231, 408, 208, 486, 439, 248, 473, 226, 200, 351, 389, 161, 440, 251, 492, 57, 400, 174, 28, 484, 126, 1, 121, 200, 0, 492, 57, 498, 126, 28, 231, 3, 480, 474, 57, 498, 421, 427, 338, 402, 63, 199, 480, 474, 253, 432, 57, 126, 373, 120, 379, 199, 480, 362, 422]
Tree:
None
Fitness on 5000 data:
-6.258405045024456

Fitness:
-5.8948023774023826