Generation:
500

Phenotype:
a = gm([13, 25.5, 4])  - 23; 
b = 9  * uniform([27, 9.6], 3) + a; 
b = a;
a = gm([2, 1, 2]);
b = 18;
b = gm([24, 0, 4], [12, 9, 1.1], [25.8, 7, 1]);;

Genotype:
[269, 140, 318, 46, 194, 334, 292, 117, 180, 175, 38, 407, 236, 444, 147, 61, 298, 164, 374, 58, 435, 164, 374, 394, 435, 69, 24, 395, 402, 359, 257, 351, 69, 96, 180, 175, 38, 407, 236, 444, 147, 61, 298, 164, 374, 58, 435, 164, 374, 342, 435, 69, 159, 395, 402, 359, 342, 496, 19, 307, 189, 336, 469, 359, 292, 117, 180, 403, 38, 407, 359, 180, 105, 38, 164, 133, 342, 351, 114, 189, 180, 403, 244, 38, 80, 342, 164, 133, 342, 351, 114, 117, 180, 403, 244, 38, 80, 342, 291, 114, 244, 38, 359, 342, 291, 114, 384, 261, 236, 180, 244, 298, 164, 359, 342, 382, 69, 24, 62, 402, 496, 419, 307, 161, 336, 478, 359, 180, 244, 62, 201, 496, 419, 307, 189, 336, 478, 402, 38, 359, 342, 291, 114, 384, 261, 402, 98, 496, 419, 307, 189, 336, 478, 359, 292, 117, 180, 403, 38, 407, 359, 336, 478, 182, 485, 413, 415, 90, 188, 428, 380, 418, 134, 19, 359, 185, 70, 403, 188, 305, 300, 472, 126, 380, 243, 174, 195, 342, 351, 498, 463, 167, 424, 256, 440, 343, 453, 473, 426, 432, 165]
Tree:
None
Fitness on 5000 data:
-4.738905675189978

Fitness:
-4.455943274659792