Generation:
500

Phenotype:
skill1 = bern(0.4);
if skill2 != 14 { 
   skill1 = gm([19, 21, 5.5])  - bern(0.9); 
 } else { 
   skill1 = 17  * gm([0.7, 29.4, 16.5], [10.4, 1, 25], [0.4, 29.3, 3.9]);
  p1wins = 28 + bern(0.8);
  skill1 = 1  * uniform([9, 6], 2)  - 30  * p1wins; 
 } end if;
skill2 = gm([4.2, 28.8, 22.5], [15.1, 13.7, 5]) + 4;
p1wins = 1  * bern(0.3);;

Genotype:
[175, 148, 256, 154, 357, 342, 423, 119, 354, 303, 438, 265, 269, 138, 267, 128, 346, 120, 275, 132, 229, 144, 106, 484, 158, 269, 235, 253, 301, 366, 151, 143, 67, 138, 259, 138, 342, 250, 420, 49, 235, 413, 403, 105, 151, 370, 246, 231, 47, 76, 295, 199, 444, 210, 258, 342, 204, 242, 190, 135, 93, 372, 387, 122, 2, 389, 499, 161, 0, 481, 419, 40, 248, 62, 183, 237, 327, 277, 444, 176, 395, 144, 284, 481, 125, 174, 71, 478, 23, 157, 217, 154, 208, 356, 122, 124, 389, 499, 265, 498, 193, 301, 43, 128, 298, 123, 90, 331, 193, 84, 265, 226, 277, 418, 423, 119, 354, 303, 438, 408, 269, 308, 159, 381, 190, 131, 377, 6, 301, 342, 423, 119, 354, 303, 189, 265, 269, 138, 267, 224, 423, 120, 148, 132, 229, 144, 106, 71, 158, 242, 235, 351, 301, 174, 151, 143, 67, 138, 483, 138, 342, 250, 420, 49, 235, 351, 149, 174, 499, 265, 162, 193, 301, 43, 384, 385, 123, 90, 440, 193, 84, 265, 226, 107, 6, 423, 119, 354, 303, 438, 265, 77, 262, 481, 303, 234, 215, 459, 290, 6, 76, 369, 171, 309, 205, 326, 277, 173]
Tree:
None
Fitness on 5000 data:
-6.6293227573012805

Fitness:
-6.316771863140474