Generation:
500

Phenotype:
b = gm([21, 4.1, 4]);
a = 19  * gm([22, 19, 2]);
a = uniform([21, 5], 3)  - gm([4, 22, 2]);;

Genotype:
[407, 25, 32, 428, 233, 393, 303, 472, 180, 240, 424, 283, 97, 279, 312, 252, 258, 180, 240, 165, 283, 298, 118, 378, 450, 84, 180, 298, 472, 467, 318, 58, 494, 298, 107, 303, 395, 486, 492, 76, 170, 84, 145, 156, 430, 4, 94, 84, 180, 126, 430, 326, 182, 230, 170, 84, 180, 126, 430, 0, 151, 302, 229, 364, 260, 264, 70, 174, 402, 471, 279, 377, 192, 164, 489, 318, 437, 244, 390]
Tree:
None
Fitness on 5000 data:
-5.211889877367386

Fitness:
-5.074520563965558