Generation:
500

Phenotype:
a = gm([17, 0.8, 3]) + 12  * b; 
b = 1 * 20  - 14 * 19; 
b = gm([20, 6.2, 6]);;

Genotype:
[140, 133, 249, 490, 252, 158, 296, 247, 93, 106, 78, 189, 124, 167, 3, 137, 404, 179, 333, 249, 299, 86, 51, 324, 422, 171, 200, 60, 57, 486, 279, 292, 294, 58, 361, 19, 161, 163, 316, 285, 493, 491, 471, 259, 424, 190, 378, 247, 265, 407, 106, 78, 435, 124, 54, 3, 352, 404, 179, 203, 115, 288, 348, 115, 368, 128, 367, 329, 205, 348, 36, 16, 500, 321, 311, 167, 229, 330, 380, 52, 448, 113, 51, 126, 102, 3, 86, 51, 319, 422, 171, 200, 60, 57, 486, 279, 106, 62, 58, 249, 465, 86, 51, 324, 422, 171, 200, 378, 247, 361, 407, 55, 46, 193, 144, 304, 404, 179, 203, 115, 288, 262, 115, 368, 128, 367, 329, 205, 348, 422, 171, 200, 60, 57, 486, 279, 106, 62, 391, 16, 120, 321, 305, 167, 229, 330, 380, 52, 91, 448, 113, 51, 126, 102, 317, 433, 424, 190, 378, 247, 265, 407, 55, 46, 193, 144, 304, 404, 179, 102, 317, 433, 424, 190, 378, 247, 265, 407, 348, 354, 321, 329, 205, 348, 36, 454, 391, 16, 120, 321, 305, 167, 229, 330, 380, 52, 368, 184, 49, 388, 432, 57, 318, 414, 176, 272, 317, 148, 333, 249, 465, 86, 51, 324, 422, 171, 200, 60, 57, 486, 279, 106, 62, 58, 113, 482, 436, 470, 316, 285, 493, 491, 471, 259, 424, 190, 378, 247, 265, 407, 237, 30, 374, 427, 449, 381, 235, 482, 126, 316, 153, 229, 204, 139, 109, 27, 238, 250, 130, 317, 148, 333, 249, 465, 86, 51, 324, 422, 171, 200, 60, 57, 486, 279, 106, 62, 58, 113, 482, 436, 470, 316, 285, 493, 491, 471, 259, 424, 190, 378, 247, 265, 407, 237, 30, 374, 427, 449, 381, 235, 482, 126, 316, 153, 229, 204, 139, 109, 27, 238, 250, 130, 268, 195, 479, 128, 200, 479, 321, 492, 474, 278, 371, 467, 455, 146, 432, 21, 114, 473, 440, 5, 216, 50, 32, 340, 5, 295, 114, 450, 173, 120, 482, 279, 487, 464, 128, 400, 399, 314, 385, 34, 408, 26, 472, 60, 463, 63, 245, 6, 379, 35, 28, 28, 262, 499, 177, 30, 415, 382, 20, 342, 154, 274, 455, 7, 30, 357, 126, 412, 402, 426, 317, 188, 102, 6, 379, 35, 28, 130, 268, 333, 20, 251, 341, 317, 188, 213, 47, 350, 422, 432, 21, 114, 473, 440, 343, 216, 50, 32, 340, 5, 295, 114, 450, 173, 120, 482, 279, 487, 464, 128, 400, 399, 314, 385, 34, 408, 26, 472, 60, 463, 63, 245, 267, 352, 100, 339, 432, 441, 241, 333, 373, 45, 23, 106, 279, 403, 473, 273, 148, 198, 226, 373, 47, 196, 420, 113, 207, 104, 342, 232]
Tree:
None
Fitness on 5000 data:
-5.515537784051345

Fitness:
-5.225778681670773