Generation:
500

Phenotype:
b = gm([29, 10, 2], [1.6, 2, 3.8], [29, 10, 0], [15, 8, 11.2], [0, 1, 1.2], [1, 8, 27], [27.2, 8.1, 1], [25, 5, 15.1])  - uniform([0, 3], 2);
a = a + gm([26.2, 2, 1.4], [5.5, 0.6, 1]);;

Genotype:
[189, 461, 478, 312, 383, 353, 495, 439, 475, 102, 494, 202, 382, 428, 2, 493, 439, 404, 5, 494, 312, 353, 34, 439, 135, 450, 494, 202, 382, 428, 465, 493, 342, 480, 342, 411, 311, 414, 280, 159, 8, 341, 492, 311, 311, 311, 280, 355, 8, 342, 228, 8, 342, 492, 311, 311, 244, 280, 159, 8, 342, 228, 311, 244, 280, 428, 480, 470, 493, 170, 342, 54, 311, 124, 280, 110, 245, 342, 228, 311, 160, 190, 444, 480, 116, 372, 271, 145, 405, 429, 406, 372, 250, 193, 125, 453, 278, 441, 377, 409, 247, 62, 14, 416, 280, 428, 480, 470, 493, 170, 342, 54, 311, 124, 280, 159, 8, 342, 228, 311, 160, 190, 444, 480, 116, 372, 271, 145, 405, 429, 406, 372, 250, 83, 125, 453, 278, 441, 166, 409, 247, 62, 14, 205, 179, 291, 147, 371, 300, 191, 277, 104, 496, 128, 327, 358, 366, 403, 458, 104, 119, 241, 188]
Tree:
None
Fitness on 5000 data:
-4.986625727670923

Fitness:
-4.514348500290528