Generation:
500

Phenotype:
earthquake = 0; 
  burglary = alarm; 
    if bern(0.6) + bern(0.4) + bern(0.7) > 1 { 
        if alarm != 1 { 
              alarm = 0 + johncalls; 
        } else { 
              alarm = alarm  - 0; 
        } end if; 
  } else { 
        if johncalls > 1 { 
              alarm = bern(0.4)  - earthquake; 
        } else { 
              alarm = 0; 
        } end if; 
  } end if; 
    if alarm + bern(0.5) + alarm + bern(0.3) <= 0 { 
        johncalls = 0; 
  } else { 
        johncalls = 1  - 1; 
  } end if;

Genotype:
[255, 207, 251, 246, 159, 360, 200, 458, 235, 1, 5, 14, 143, 489, 246, 498, 441, 276, 347, 485, 46, 410, 383, 87, 319, 237, 294, 6, 238, 263, 353, 270, 46, 410, 383, 246, 159, 360, 200, 207, 471, 1, 5, 14, 143, 489, 246, 498, 441, 276, 347, 276, 347, 229, 46, 410, 383, 87, 319, 237, 294, 6, 238, 263, 353, 485, 136, 273, 469, 182, 410, 383, 87, 319, 237, 294, 246, 362, 81, 355, 71, 383, 87, 319, 237, 294, 6, 238, 263, 353, 485, 46, 410, 383, 87, 379, 430, 294, 6, 238, 263, 136, 167, 469, 294, 6, 238, 263, 11, 167, 439, 1, 5, 200, 207, 471, 217, 5, 246, 5, 246, 485, 46, 410, 383, 87, 319, 237, 294, 246, 362, 81, 355, 71, 434, 238, 263, 353, 485, 46, 410, 383, 87, 379, 237, 294, 6, 238, 263, 136, 167, 469, 182, 181, 233, 441, 276, 39, 394, 46, 410, 383, 261, 485, 485, 46, 410, 383, 87, 379, 237, 294, 6, 434, 435, 189, 471, 114, 299, 54, 434, 429, 336, 222, 8, 326, 94, 202, 41, 100, 24, 365, 97, 72, 362, 81, 33, 71, 434, 435, 189, 471, 217, 299, 54, 434, 429, 383, 87, 379, 237, 294, 6, 238, 263, 136, 273, 469, 182, 181, 233, 146, 218, 198, 432, 155, 100, 24, 365, 97, 72, 362, 81, 355, 71, 434, 435, 189, 471, 217, 299, 54, 434, 429, 336, 182, 8, 326, 94, 202, 41, 498, 66, 112, 299, 124, 497, 338, 328, 415, 334, 222, 8, 326, 94, 202, 41, 498, 66, 112, 299, 124, 497, 338, 328, 415, 334, 349, 128, 64, 271, 403, 351, 263, 219, 310, 27, 312, 61, 265, 64, 9]
Tree:
None
Fitness on 5000 data:
-inf

Fitness:
2.2204460492503128e-16