Generation:
500

Phenotype:
skill1 = 11 * 1 + gm([13, 8.5, 4.7]); 
skill2 = gm([23.2, 22, 4])  - bern(0.7); 
p1wins = 26  * uniform([2, 0.7], 1) + 5 * 11;
p1wins = bern(0.1);;

Genotype:
[231, 22, 8, 95, 259, 497, 219, 81, 376, 202, 416, 133, 194, 301, 271, 128, 276, 110, 357, 489, 380, 213, 23, 415, 184, 332, 40, 345, 480, 103, 150, 235, 163, 119, 390, 95, 289, 465, 492, 148, 134, 261, 284, 352, 9, 184, 230, 450, 345, 345, 103, 396, 81, 195, 251, 444, 18, 208, 266, 229, 430, 481, 376, 478, 56, 296, 93, 168, 37, 137, 153, 91, 42, 258, 235, 266, 297, 450, 474, 376, 497, 219, 81, 195, 133, 27, 18, 483, 2, 219, 81, 395, 87, 489, 380, 213, 23, 415, 184, 332, 450, 345, 480, 103, 150, 235, 163, 119, 390, 175, 492, 259, 134, 261, 349, 352, 9, 184, 332, 450, 345, 480, 52, 103, 150, 235, 163, 119, 390, 175, 289, 81, 195, 251, 444, 18, 208, 266, 229, 430, 481, 376, 478, 56, 296, 93, 168, 37, 137, 153, 91, 42, 258, 235, 163, 384, 390, 175, 327, 322, 388]
Tree:
None
Fitness on 5000 data:
-6.258102546885296

Fitness:
-5.696565424198036