Generation:
500

Phenotype:
x = bern(0.1) + bern(0.1);
w = w + u;
v = bern(0.7)  - u;
u = 0  - v;
u = 0 + bern(0.1);
w = bern(0.3);

Genotype:
[138, 328, 316, 107, 85, 444, 125, 378, 30, 301, 18, 124, 110, 10, 394, 264, 466, 350, 216, 450, 328, 187, 92, 353, 9, 53, 430, 137, 474, 12, 108, 296, 320, 358, 84, 356, 249, 350, 492, 420, 469, 454, 247, 60, 61, 357, 300, 88, 271, 234, 208, 444, 125, 286, 480, 94, 85, 263, 170, 132, 267, 308, 92, 353, 13, 53, 430, 25, 118, 12, 108, 247, 369, 61, 357, 300, 88, 271, 140, 208, 354, 429, 59, 146, 370, 381, 9, 36, 111, 225, 282, 28, 296, 61, 208, 490, 277, 236, 34, 111, 480, 427, 171, 33, 294, 329, 364, 481, 320, 30, 206, 184, 474, 386, 56, 301, 384, 454, 62, 287, 4, 310, 401, 452, 487, 396, 278, 206, 184, 465, 457, 287, 117, 249, 260, 456, 377, 212, 403, 481, 61, 311, 175, 332, 223, 192, 185, 62, 206, 160, 332, 8, 372, 453, 419, 102, 4, 247, 33, 272, 329, 364, 481, 61, 231, 145, 470, 89, 227, 246, 172, 117, 392, 317, 300, 483, 210, 44, 438, 271, 285, 160, 6, 372, 65, 82, 277, 321, 44, 126, 172, 470, 89, 227, 246, 172, 368, 471, 252]
Tree:
None
Fitness on 5000 data:
-2.7285180870195074

Fitness:
-2.479441434233778