Generation:
500

Phenotype:
w = 16 * 26;
w = uniform([16, 3], 2);
u = bern(0.4);
if u == 27 { 
   v = bern(0.9)  - 17  * uniform([24, 7], 3); 
 } else { 
   w = 14  - gm([12, 7.4, 3.2]); 
 } end if;
v = gm([27, 22, 2.4])  - 12;;

Genotype:
[330, 355, 406, 126, 467, 252, 359, 27, 78, 26, 62, 444, 440, 78, 120, 126, 450, 440, 137, 469, 344, 308, 227, 375, 99, 57, 379, 489, 434, 479, 422, 129, 262, 182, 225, 488, 159, 460, 233, 108, 27, 116, 79, 234, 434, 303, 154, 465, 26, 126, 430, 234, 434, 479, 422, 330, 262, 405, 225, 26, 352, 384, 85, 472, 183, 123, 127, 1, 399, 408, 299, 445, 26, 354, 229, 318, 22, 399, 408, 22, 309, 467, 30, 68, 336, 105, 254, 254, 254, 57, 157, 412, 372, 482, 445, 251, 255, 51, 350, 264, 73, 385, 157, 387, 153, 128, 498, 257, 49, 400, 431, 157, 110, 422, 381, 431, 255, 333, 434, 153, 100, 355, 338, 100, 48, 181, 263, 200, 406, 16, 43, 71, 106, 264, 317, 296, 359, 135, 350, 119, 334, 318, 417, 60, 89, 336, 234, 196, 131, 106, 388, 254, 361, 218, 394, 428, 444, 348, 164, 361, 240, 387, 336, 254, 181, 257, 106, 325, 444, 298, 97, 364, 264, 55, 245, 222, 498, 48, 128, 416, 62, 192, 15, 478, 223, 204, 172, 194, 99, 372, 468, 92, 222, 264, 384, 208, 22, 308, 127, 390, 14, 275, 96, 25, 46, 49, 38, 236, 66, 366, 184, 258, 385, 157, 387, 153]
Tree:
None
Fitness on 5000 data:
-5.087760867699411

Fitness:
-5.069206129254229