Generation:
500

Phenotype:
burglary=0 + johncalls; 
 earthquake=burglary + burglary; 
 alarm=0 + 0; 
 johncalls=0  - burglary; 
 alarm = johncalls + 0;

Genotype:
[455, 10, 327, 278, 404, 372, 275, 277, 180, 222, 184, 268, 178, 40, 307, 471, 60, 165, 362, 479, 389, 268, 220, 478, 448, 272, 450, 488, 470, 490, 448, 260, 135, 27, 492, 198, 223, 358, 267, 86, 367, 0, 345, 408, 177, 127, 489, 87, 467, 400, 472, 267, 472, 451, 487, 62, 470, 0, 343, 65, 211, 115, 16, 217, 436, 380, 341, 313, 153, 6, 194, 272, 433, 312, 131, 313, 201, 139, 7, 98, 115, 292, 316, 324, 14, 204, 297, 477, 438, 434, 242, 151, 377, 297, 151, 226, 107, 216, 473, 164, 487, 275, 220, 246, 414, 279, 130, 192, 175, 40, 55, 420, 188, 104, 336, 261, 100, 148, 419, 206, 62, 103, 294, 85, 498, 41, 200, 425, 220]
Tree:
None
Fitness on 5000 data:
-inf

Fitness:
0.0