Generation:
500

Phenotype:
u = gm([6, 18, 2.1])  - 18;
w = 5  * gm([23.1, 18, 2.1]) + 18;
w = 16  * gm([10.3, 25.5, 1.6])  - gm([0.1, 24, 11.7], [26.6, 10, 5], [22, 14.1, 23.1], [28, 25, 22], [26.6, 10, 2], [10.6, 8, 2.4]);
v = 22  * gm([4.1, 21.7, 21.6], [30, 13.1, 19]) + 16 * 18;
w = gm([1, 18, 2.1])  - 11;
v = bern(0.6) + gm([0.1, 24, 11.7], [26.6, 10, 2], [10.6, 8, 2.1]);;

Genotype:
[381, 83, 78, 333, 114, 293, 396, 473, 10, 52, 99, 290, 235, 473, 95, 243, 14, 200, 204, 8, 450, 18, 431, 4, 19, 408, 221, 450, 473, 85, 99, 290, 235, 473, 95, 243, 14, 200, 204, 293, 18, 405, 323, 326, 13, 419, 221, 12, 321, 72, 164, 67, 211, 373, 177, 435, 293, 396, 473, 271, 441, 155, 396, 276, 334, 211, 352, 177, 43, 69, 398, 473, 346, 72, 276, 67, 211, 226, 177, 435, 293, 396, 473, 271, 441, 155, 396, 276, 334, 211, 352, 177, 43, 69, 398, 473, 346, 444, 170, 188, 326, 107, 134, 221, 450, 473, 349, 374, 408, 221, 450, 473, 85, 277, 85, 363, 177, 43, 337, 314, 342, 45, 52, 159, 263, 114, 293, 32, 336, 402, 19, 168, 90, 154, 329, 29, 437, 450, 18, 473, 4, 286, 47, 200, 114, 293, 256, 306, 342, 326, 204, 29, 33, 450, 473, 12, 321, 72, 164, 67, 211, 373, 177, 435, 293, 396, 473, 271, 441, 155, 396, 276, 334, 211, 352, 177, 43, 69, 398, 473, 346, 444, 170, 188, 326, 107, 134, 221, 450, 473, 85, 374, 153, 177, 43, 337, 396, 473, 271, 52, 177, 43, 337, 396, 473, 45, 52, 47, 263, 114, 293, 32, 206, 402, 19, 168, 90, 450, 473, 473, 38, 52, 47, 200, 114, 293, 450, 29, 221, 450, 473, 85, 281, 39, 276, 67, 211, 352, 177, 43, 337, 396, 473, 271, 52, 47, 263, 114, 293, 32, 206, 402, 19, 29, 437, 450, 473, 473, 4, 263, 114, 293, 32, 206, 402, 19, 29, 90, 450, 212, 473, 38, 52, 47, 200, 114, 293, 256, 170, 500, 326, 19, 29, 221, 450, 473, 12, 321, 39, 276, 67, 211, 352, 208, 358, 330, 240, 332, 321]
Tree:
None
Fitness on 5000 data:
-6.189221123095819

Fitness:
-6.040960264110759