Generation:
500

Phenotype:
u = gm([21.6, 10.5, 17], [30.4, 26, 17.9]); 
v = uniform([1, 13.3], 1); 
w = gm([5, 0.6, 11.8], [20.6, 6, 2], [3, 25, 27.4], [4.8, 10, 5])  - w;
v = v + bern(0.9);
u = bern(0.2);;

Genotype:
[132, 42, 96, 281, 465, 31, 207, 365, 269, 444, 22, 376, 482, 472, 171, 92, 21, 14, 26, 231, 203, 188, 252, 477, 86, 125, 493, 385, 362, 32, 305, 336, 105, 281, 346, 191, 215, 31, 167, 305, 321, 304, 311, 307, 361, 167, 242, 378, 96, 281, 465, 314, 313, 430, 242, 483, 58, 372, 202, 271, 500, 241, 270, 258, 298, 377, 96, 140, 62, 446, 338, 407, 226, 490, 237, 84, 121, 78, 111, 332, 15, 410, 118, 111, 312, 495, 399, 199, 32, 187, 367, 249, 276, 141, 400, 419, 89, 56, 351, 314, 401, 164, 467, 432, 219, 311, 138, 81, 356, 291, 67, 360, 29, 498, 299, 351, 371, 423, 256, 1, 416, 287, 239, 128, 378, 150, 30, 279, 174, 103, 143, 401, 16, 84, 318, 150, 111, 326, 15, 52, 0, 111, 312, 246, 399, 199, 32, 187, 367, 249, 276, 141, 400, 419, 89, 56, 351, 314, 401, 164, 467, 432, 219, 311, 138, 81, 356, 291, 67, 161, 283, 141, 247, 133, 393, 27, 201, 471, 483, 390, 118, 481, 343, 411, 251, 73, 247, 398, 244, 490, 417, 40, 36, 195, 467, 246, 469, 111, 184, 461, 403, 484, 150, 204, 190, 66, 269, 321, 33, 377, 499, 326, 183, 246, 176, 398, 105, 277]
Tree:
None
Fitness on 5000 data:
-5.625026799339354

Fitness:
-5.2779644761222535