Generation:
500

Phenotype:
mu = uniform([15, 9], 1);
sigma = x + 16  * mu;
sigma = uniform([15, 5], 3)  - 15;
 x = sigma * gm([1,1,1]);
x = x + mu;

Genotype:
[189, 145, 328, 296, 120, 363, 306, 122, 294, 486, 242, 260, 294, 490, 361, 478, 81, 486, 191, 208, 78, 294, 486, 90, 208, 150, 454, 107, 147, 482, 294, 486, 499, 486, 479, 208, 294, 258, 54, 208, 150, 454, 107, 147, 482, 294, 486, 499, 486, 479, 208, 78, 454, 107, 147, 284, 84, 140, 500, 70, 11, 352, 8, 248, 435, 387, 76, 230, 494, 7, 175, 274, 398, 122, 294, 486, 54, 208, 78, 166, 214, 363, 306, 398, 413, 375, 109, 242, 122, 294, 486, 54, 208, 78, 454, 107, 254, 55, 84, 318, 253, 22, 70, 11, 472, 8, 248, 435, 252, 93, 330, 411, 381, 174, 415, 371, 192, 339, 95, 472, 305, 399, 384, 421, 253, 497, 108, 80, 445, 347, 135, 292, 212, 426, 403, 333, 32, 304, 493, 18, 59, 198, 270, 78, 498, 452, 143, 192, 62, 265, 78]
Tree:
None
Fitness on 5000 data:
-6.380699065578486

Fitness:
-5.9204897535437215