Generation:
500

Phenotype:
a = 1  * gm([22.8, 1, 2.1], [1, 10.5, 20.1]); 
if 13 * uniform([28, 7], 4) < 27 { 
  b = 30 + b; 
 } else { 
  b = 12  - gm([16, 3, 2], [30.4, 3, 2.3], [0.4, 20, 18.6], [19.4, 14.3, 3.1]); 
 } end if;

Genotype:
[362, 480, 466, 32, 397, 157, 107, 84, 430, 480, 466, 299, 498, 72, 84, 150, 32, 397, 103, 31, 81, 299, 9, 233, 56, 43, 323, 440, 493, 322, 69, 107, 84, 430, 448, 266, 130, 216, 243, 267, 421, 170, 188, 486, 167, 444, 409, 255, 154, 109, 348, 96, 322, 157, 1, 255, 154, 363, 230, 96, 55, 157, 488, 93, 167, 279, 255, 94, 82, 127, 18, 293, 336, 409, 422, 327, 97, 169, 488, 21, 3, 468, 441, 321, 277, 393, 65, 194, 69, 219, 166, 457, 171, 305, 401, 49, 385, 88, 143, 427, 108, 163, 73, 399, 348, 298, 486, 485, 150, 480, 73, 66, 432, 109, 395, 104, 315, 358, 475, 189, 388, 206, 127, 18, 465, 130, 409, 422, 359, 486, 485, 150, 480, 73, 66, 432, 109, 395, 104, 315, 358, 475, 189, 388, 206, 127, 18, 465, 130, 409, 422, 359, 97, 169, 48, 21, 3, 357, 351, 206, 277, 393, 65, 194, 69, 219, 166, 457, 171, 305, 401, 49, 385, 88, 143, 427, 108, 163, 73, 399, 348]
Tree:
None
Fitness on 5000 data:
-4.93895831353631

Fitness:
-4.691731822685033