Generation:
500

Phenotype:
mu = gm([7, 18.5, 3])  - 11 * 0;
if x == 3 { 
   mu = 19; 
 } else { 
   sigma = 1  * mu  - sigma;
  x = gm([17, 20, 3], [6.5, 23, 14], [8, 20.1, 9.2], [19, 18, 5], [10, 26, 17.1], [6.6, 16, 12], [6.6, 30, 14], [7, 20.1, 9.8], [1.6, 20.5, 17.6]); 
 } end if;
sigma = 8  - gm([0, 17, 28], [21.7, 6.1, 1.4]);

Genotype:
[201, 43, 472, 94, 417, 233, 162, 391, 434, 390, 286, 387, 173, 157, 352, 251, 50, 165, 414, 310, 31, 128, 152, 242, 468, 189, 410, 69, 432, 213, 179, 286, 174, 224, 360, 286, 106, 386, 19, 94, 483, 486, 180, 51, 58, 165, 8, 398, 104, 48, 468, 397, 397, 192, 482, 418, 392, 48, 468, 397, 397, 192, 355, 418, 116, 258, 417, 427, 162, 473, 435, 361, 468, 189, 71, 172, 387, 386, 19, 94, 483, 486, 129, 51, 58, 165, 8, 398, 47, 48, 468, 397, 245, 192, 482, 418, 47, 48, 291, 397, 397, 192, 482, 414, 30, 258, 417, 427, 162, 224, 323, 361, 468, 189, 71, 223, 366, 213, 187, 86, 207, 485, 409, 125, 234, 176, 261, 466, 406, 94, 17, 452, 254, 101, 252, 94, 17, 452, 186, 174, 358, 22, 90, 236, 305, 300, 249, 53, 254, 162, 473, 435, 408, 468, 189, 71, 172, 432, 213, 187, 190, 207, 485, 409, 293, 173, 176, 261, 466, 406, 94, 17, 452, 84, 131, 252, 22, 90, 236, 305, 390, 286, 387, 254, 19, 352, 483, 50, 39, 220, 178, 286, 387, 8, 19, 352, 483, 50, 39, 220, 32, 31, 128, 152, 48, 468, 189, 322, 69, 432, 213, 179, 286, 246, 266, 178, 286, 387, 386, 19, 94, 483, 486, 180, 51, 223, 165, 8, 73, 47, 4, 228, 22, 397, 192, 159, 334, 30, 94, 417, 233, 162, 410, 51, 223, 468, 226, 81, 69, 432, 213, 107, 286, 246, 266, 178, 327, 387, 8, 224, 352, 483, 486, 180, 51, 33, 165, 8, 73, 47, 470, 274, 22, 397, 192, 159, 334, 359, 483, 377, 203, 239, 1, 137, 497, 297, 111, 132, 182, 55, 314, 107, 278, 238, 472, 59, 295, 39, 132, 462, 75, 78, 347, 207, 298, 426, 293, 430, 238, 261, 466, 406, 94, 17, 389, 84, 387, 252, 22, 90, 213, 97, 183, 132, 462, 75, 78, 188, 207, 298, 409, 293, 430, 20, 261, 466, 406, 94, 17, 389, 84, 359, 483, 377, 203, 239, 1, 137, 497, 297, 111, 421, 182, 55, 314, 107, 278, 238, 472, 59, 295, 39, 8, 355, 297, 111, 94, 182, 159, 314, 107, 278, 238, 472, 59, 50, 39, 220, 32, 31, 128, 397, 182, 159, 334, 359, 483, 449, 203, 239, 1, 137, 497, 12, 131, 97, 312, 242, 90, 15, 273, 416, 312, 242, 90, 132, 462, 75, 420, 247, 73, 47, 384, 369, 324, 334, 132, 96, 324, 385, 45, 293, 477, 250, 217, 339, 345, 359, 162, 117, 128, 486, 463, 372, 217, 17, 34, 479, 264, 217, 67, 31, 324, 205, 31, 97, 34]
Tree:
None
Fitness on 5000 data:
-7.138329066088777

Fitness:
-7.071083019324331