Generation:
500

Phenotype:
u = uniform([4, 18.7], 4); 
v = uniform([6, 8], 1) + 3  * w; 
w = 6  * uniform([6, 1], 1)  - 2 * 17;
u = bern(0.2);;

Genotype:
[351, 477, 405, 158, 4, 269, 390, 429, 159, 109, 309, 382, 161, 94, 124, 40, 457, 375, 292, 470, 386, 349, 161, 94, 161, 144, 477, 28, 422, 389, 405, 389, 60, 320, 187, 297, 105, 384, 159, 109, 309, 382, 161, 94, 124, 40, 406, 375, 292, 50, 386, 349, 161, 94, 386, 94, 161, 144, 477, 28, 292, 470, 386, 465, 352, 422, 389, 405, 158, 4, 483, 470, 324, 365, 37, 386, 293, 161, 94, 161, 144, 406, 28, 292, 470, 386, 465, 352, 422, 389, 405, 158, 4, 483, 470, 324, 365, 347, 158, 170, 161, 144, 406, 375, 375, 161, 405, 158, 4, 483, 470, 324, 365, 37, 386, 293, 161, 94, 161, 144, 406, 28, 292, 470, 386, 465, 352, 422, 389, 405, 158, 4, 483, 470, 324, 365, 347, 158, 170, 161, 144, 406, 375, 375, 161, 94, 161, 144, 406, 62, 320, 470, 386, 349, 161, 422, 215, 405, 158, 13, 120, 470, 324, 365, 347, 425, 281, 14, 88, 414, 127, 196, 161, 231, 437, 425, 281, 14, 281, 14, 88, 414, 204, 193, 427, 156, 361, 173, 112, 482, 185, 170, 386, 465, 352, 422, 215, 405, 158, 13, 120, 470, 324, 365, 347, 425, 281, 14, 88, 414, 204, 193, 427, 131, 361, 173, 292, 470, 386, 465, 352, 422, 250, 405, 146, 393, 267, 177, 128, 338, 180, 261, 83, 276, 68, 157, 355, 395, 105, 205, 131, 206, 481, 457, 406, 375, 292, 470, 35, 349, 127, 196, 161, 231, 51, 144, 318, 174, 406, 375, 292, 470, 386, 440, 352, 422, 290, 138, 340, 368, 125, 116, 156, 495, 352, 442, 258, 145, 122, 445, 189, 302, 282, 94, 257, 433, 320, 308, 200, 106, 211, 486, 51, 282, 386, 263, 441, 477, 107, 146, 182, 346, 491, 285, 363, 396, 417, 432, 204, 192, 344, 424, 340]
Tree:
None
Fitness on 5000 data:
-5.607872965713621

Fitness:
-4.84799970847917