Generation:
500

Phenotype:
skill1 = uniform([12, 15.2], 1)  - cond; 
skill2 = gm([1, 21.9, 6]); 
p1wins = bern(0.1);
cond = 19  - gm([15, 9.4, 26]);;

Genotype:
[18, 2, 105, 470, 446, 323, 170, 19, 480, 354, 304, 119, 75, 81, 481, 314, 470, 497, 361, 300, 134, 230, 285, 300, 183, 95, 360, 105, 10, 319, 319, 95, 41, 432, 391, 105, 469, 356, 480, 170, 19, 319, 354, 304, 119, 75, 81, 481, 440, 470, 497, 361, 300, 134, 230, 99, 300, 183, 95, 360, 105, 300, 23, 470, 75, 95, 170, 217, 254, 319, 95, 432, 481, 314, 470, 497, 399, 300, 134, 319, 95, 399, 300, 420, 436, 99, 481, 314, 470, 349, 183, 480, 354, 95, 170, 286, 480, 230, 99, 300, 105, 470, 319, 95, 170, 217, 254, 319, 95, 99, 300, 183, 95, 498, 75, 483, 34, 319, 230, 99, 300, 183, 95, 498, 300, 196, 230, 99, 220, 399, 300, 134, 230, 99, 300, 183, 480, 75, 75, 483, 34, 319, 95, 399, 300, 420, 436, 99, 481, 314, 470, 319, 95, 172, 300, 134, 325, 99, 300, 183, 480, 183, 304, 365, 183, 480, 354, 304, 119, 75, 483, 481, 314, 470, 319, 95, 399, 300, 134, 230, 99, 186, 105, 470, 319, 354, 304, 251, 75, 483, 304, 0, 306, 58, 254, 319, 95, 120, 251, 90, 120, 140, 186, 408, 470, 319, 132, 365, 183, 480, 354, 304, 382, 75, 483, 481, 314, 470, 319, 95, 379, 142, 459, 306, 227, 287, 43, 322, 314, 167, 176, 444, 466, 64, 442, 210, 210, 466, 62, 108, 243, 195, 196, 346, 27, 223, 32, 221, 119, 183, 480, 354, 207, 449, 41, 215, 469, 141, 286, 460, 281, 264, 8]
Tree:
None
Fitness on 5000 data:
-6.667412545300661

Fitness:
-5.89368169111115