Generation:
500

Phenotype:
a = 5  - 6  * uniform([10, 3], 1);
b = 18  * uniform([20, 8], 4)  - uniform([4, 27.4], 1);
a = 21  - uniform([4, 21.3], 3);
b = a  - uniform([3, 5], 4);
a = uniform([17, 3], 1)  - uniform([15, 6], 1);;

Genotype:
[334, 25, 480, 204, 458, 299, 458, 232, 315, 373, 316, 299, 41, 466, 155, 480, 204, 387, 373, 458, 232, 204, 458, 299, 320, 466, 155, 237, 302, 252, 101, 275, 480, 452, 37, 242, 302, 134, 101, 275, 480, 21, 27, 356, 438, 483, 176, 344, 386, 120, 361, 229, 389, 249, 450, 326, 474, 242, 158, 166, 175, 147, 411, 412, 204, 458, 299, 27, 356, 451, 268, 389, 480, 138, 389, 480, 450, 446, 228, 242, 158, 451, 268, 389, 480, 138, 446, 474, 242, 158, 380, 211, 81, 405, 98, 15, 315, 338, 362, 468, 267, 189, 352, 429, 352, 429, 120, 288, 331, 440, 25, 235, 174, 171, 480, 490, 123, 314, 463, 207, 242, 399, 292, 287, 73, 476, 247, 269, 389, 481, 121, 72, 54, 447, 139, 177, 336, 90, 309, 446, 152, 80, 68, 315, 466, 76, 326, 409, 81, 421]
Tree:
None
Fitness on 5000 data:
-5.23804180285244

Fitness:
-5.080890310543831