Generation:
500

Phenotype:
u = 0 + 6  * gm([2.7, 14.3, 29.6]); 
v = gm([2.8, 19, 13], [25, 4.3, 2.4]) + 5; 
w = gm([21, 6.3, 2.4]);
w = bern(0.7) + w;
u = bern(0.3);;

Genotype:
[285, 376, 254, 96, 372, 340, 68, 117, 16, 287, 219, 69, 293, 231, 38, 293, 308, 455, 424, 252, 377, 489, 229, 374, 331, 68, 453, 348, 385, 358, 364, 56, 245, 376, 254, 301, 281, 489, 71, 164, 315, 36, 348, 385, 358, 364, 486, 245, 37, 254, 315, 281, 489, 71, 494, 315, 380, 229, 285, 307, 267, 492, 36, 20, 342, 142, 427, 372, 12, 411, 307, 317, 336, 281, 489, 71, 164, 315, 372, 12, 411, 307, 317, 336, 281, 489, 71, 164, 315, 380, 126, 200, 149, 487, 232, 83, 261, 79, 208, 452, 497, 182, 150, 352, 210, 99, 293, 231, 443, 287, 294, 38, 170, 308, 317, 424, 252, 377, 69, 229, 59, 340, 68, 92, 349, 432, 358, 364, 56, 245, 37, 283, 315, 36, 422, 342, 436, 427, 51, 65, 22, 319, 177, 199, 187, 191, 434, 361, 290, 279, 266, 8, 463, 108, 309, 391, 269, 39, 363, 487, 346, 190, 173, 77, 293, 354, 257, 290, 394, 490, 411, 397, 342, 330, 427, 287, 219, 38, 293, 307, 270, 336, 281, 489, 71, 164, 315, 380, 229, 200, 443, 287, 219, 69, 229, 36, 50, 342, 145, 99, 345, 252, 377, 69, 229, 313, 340, 68, 117, 348, 385, 358, 364, 56, 245, 37, 267, 417, 36, 422, 342, 436, 427, 372, 12, 411, 307, 317, 336, 281, 489, 71, 164, 315, 380, 126, 200, 149, 487, 232, 83, 261, 79, 208, 452, 497, 182, 150, 352, 210, 99, 293, 231, 443, 287, 294, 38, 170, 308, 317, 424, 252, 377, 69, 229, 59, 340, 68, 92, 349, 432, 358, 364, 56, 245, 37, 283, 315, 36, 422, 342, 436, 427, 51, 65, 22, 319, 177, 199, 187, 191, 434, 361, 290, 279, 266, 8, 463, 108, 309, 391, 269, 39, 363, 487, 346, 190, 173, 77, 293, 354, 257, 290, 417, 252, 27, 340, 107, 288, 167, 312, 107, 231, 484, 419, 372, 395, 81]
Tree:
None
Fitness on 5000 data:
-5.25812913438477

Fitness:
-4.941541004439471