Generation:
500

Phenotype:
b = 23  * a + gm([1, 13, 2]);
b = 2 + gm([29, 2, 5]);
a = 2  - gm([5.5, 2, 3.3], [27.8, 0, 1.6]);;

Genotype:
[361, 374, 132, 496, 59, 373, 253, 23, 168, 374, 42, 322, 264, 6, 280, 76, 168, 176, 188, 176, 302, 374, 373, 253, 23, 168, 374, 252, 322, 188, 176, 153, 290, 374, 178, 5, 186, 76, 189, 176, 188, 176, 98, 374, 132, 496, 205, 7, 253, 247, 462, 374, 207, 3, 380, 246, 23, 151, 331, 38, 186, 433, 311, 176, 76, 168, 176, 188, 176, 98, 374, 132, 496, 205, 7, 253, 247, 462, 374, 207, 3, 380, 246, 23, 168, 331, 38, 186, 433, 311, 176, 188, 176, 98, 38, 186, 142, 168, 74, 240, 373, 253, 23, 168, 374, 252, 322, 264, 253, 23, 168, 374, 252, 322, 264, 264, 153, 290, 374, 178, 38, 186, 76, 168, 374, 207, 3, 139, 48, 176, 188, 240, 51, 205, 36, 66, 493, 426, 400]
Tree:
None
Fitness on 5000 data:
-5.709260278204755

Fitness:
-5.038736517689547