Generation:
500

Phenotype:
u = 0 + gm([20.4, 0, 1]); 
v = uniform([3, 1], 3) + gm([0, 17, 18.1], [28, 6.2, 3]); 
if w < 24 { 
  if uniform([8, 3.4], 2) + w >= 5 { 
    w = gm([0, 17, 9.7], [28, 6.2, 3]);
   } else { 
     w =  28 * 11  - w; 
   } end if;
 } else { 
   w =  2 * 21  - 5  * uniform([20, 6], 2); 
 } end if;

Genotype:
[189, 19, 158, 152, 62, 426, 69, 208, 187, 485, 480, 482, 465, 208, 32, 361, 480, 482, 65, 322, 315, 138, 129, 121, 201, 382, 0, 116, 110, 85, 49, 324, 422, 274, 152, 223, 37, 190, 52, 34, 307, 52, 34, 68, 134, 396, 24, 115, 269, 328, 314, 256, 129, 375, 201, 349, 364, 116, 424, 239, 322, 315, 339, 129, 77, 293, 382, 0, 116, 110, 85, 164, 195, 172, 426, 152, 383, 37, 307, 52, 34, 68, 167, 469, 28, 321, 264, 328, 308, 110, 344, 301, 498, 52, 274, 315, 18, 361, 478, 77, 201, 382, 0, 116, 110, 52, 281, 262, 134, 329, 348, 30, 321, 20, 85, 47, 377, 208, 345, 329, 28, 321, 324, 52, 274, 351, 125, 37, 475, 52, 393, 68, 37, 307, 52, 34, 68, 134, 77, 201, 382, 0, 116, 110, 79, 154, 183, 405, 48, 480, 361, 480, 482, 65, 322, 315, 18, 361, 478, 77, 201, 382, 0, 116, 110, 52, 281, 68, 134, 329, 348, 30, 321, 20, 85, 47, 377, 208, 345, 59, 469, 28, 321, 269, 328, 314, 18, 129, 77, 201, 426, 0, 116, 325, 239, 292, 31, 8, 401, 219, 156, 195, 250, 183, 405, 361, 480, 482, 37, 307, 52, 160, 492, 45, 162, 23, 88, 240, 282, 321, 261, 420, 92, 215, 192, 453, 139, 474, 138, 180, 22, 170, 3, 381, 95, 130, 27, 482, 185, 108, 347, 481, 154, 283, 281, 459, 271, 404, 215, 352, 278, 44, 35, 384, 257, 288, 321, 311, 412, 129, 222, 203, 295, 433, 303, 9, 224, 469, 249, 152, 321, 483, 67, 424, 381, 91, 26, 75, 159, 212, 332, 495, 151, 315, 28, 451, 9, 361, 350, 265, 53, 64, 178, 58, 239, 339, 75, 222, 327, 376, 325, 271, 343, 103, 385, 127, 5, 433, 299, 249, 382, 480, 0, 345, 269, 234, 139, 313, 370, 222, 495, 313, 72, 457, 181, 203, 1, 5, 323, 192, 334, 331, 114, 115, 249, 295, 414, 181, 250, 483, 239, 244, 181, 87, 487, 465, 287, 475, 101, 261, 436, 25, 454, 353, 30, 438, 219, 18, 423, 103, 388, 263, 406, 315, 352, 350, 65, 55, 132, 490, 43, 360, 284, 229, 311, 50, 364, 127, 324, 278, 41, 491, 151, 380, 30, 83, 196, 446, 500, 132, 361, 249, 147, 139, 289, 304]
Tree:
None
Fitness on 5000 data:
-5.467633175410413

Fitness:
-5.471059083704287