Generation:
500

Phenotype:
sigma = mu  - 19  * gm([24, 19.3, 30], [10, 6, 6], [28, 27.8, 12.4]);
mu = 30  - uniform([1, 3], 1);
sigma = 30  - mu;
mu = 29  - uniform([0, 15.4], 1);
x = gm([0.2, 0, 11], [27.7, 23.2, 5]);

Genotype:
[93, 145, 476, 20, 268, 236, 324, 51, 132, 340, 236, 445, 95, 428, 272, 487, 50, 119, 324, 402, 229, 24, 444, 178, 37, 360, 254, 348, 254, 338, 119, 244, 475, 363, 353, 444, 178, 37, 390, 254, 44, 304, 61, 9, 11, 63, 480, 164, 428, 208, 428, 29, 349, 50, 260, 324, 340, 363, 24, 444, 78, 37, 360, 479, 44, 254, 370, 9, 398, 155, 63, 480, 102, 220, 204, 66, 292, 329, 312, 63, 403, 9, 11, 0, 487, 50, 155, 492, 11, 380, 485, 399, 105, 299, 178, 37, 360, 377, 254, 44, 254, 370, 9, 11, 63, 303, 224, 236, 208, 128, 479, 138, 362, 154, 109, 442, 318, 364, 282, 429, 155, 102, 205, 499, 340, 102, 299, 204, 484, 360, 70, 224, 315, 396, 118, 20, 241, 496, 363, 127, 444, 178, 37, 274, 349, 431, 207, 380, 318, 231, 68, 384, 349, 271, 302, 341, 328, 19, 248, 200, 426, 169, 199, 69, 488, 96, 103, 148, 254, 380, 215, 432, 298, 33, 76, 26, 406, 36, 479, 138, 362, 154, 109, 36, 318, 364, 282, 429, 155, 102, 205, 499, 468, 270, 477]
Tree:
None
Fitness on 5000 data:
-7.177895704266987

Fitness:
-7.036665042704122