Generation:
500

Phenotype:
earthquake = alarm  - 0;
burglary = 0;
burglary = burglary;
burglary = bern(0.2) + johncalls;
burglary = 0;
earthquake = burglary  - 0;

Genotype:
[263, 201, 230, 194, 157, 44, 20, 230, 194, 157, 44, 361, 230, 376, 256, 369, 157, 44, 419, 444, 134, 256, 369, 434, 412, 204, 12, 435, 124, 388, 294, 345, 388, 294, 126, 347, 286, 354, 388, 126, 279, 68, 444, 134, 256, 369, 434, 412, 204, 12, 435, 124, 388, 294, 345, 347, 223, 354, 388, 422, 290, 97, 225, 435, 124, 388, 294, 126, 279, 68, 282, 465, 147, 401, 2, 112, 40, 492, 232, 416, 237, 1, 109, 358]
Tree:
None
Fitness on 5000 data:
-inf

Fitness:
0.0