Generation:
500

Phenotype:
w = uniform([4, 6.9], 1);
v = 10  * gm([13, 9, 19.7]);
u = 10  * gm([13, 9, 0.2]);
u = 20 * 0  - gm([13.8, 0, 1]);
v = uniform([6, 8], 1)  - u;;

Genotype:
[260, 254, 352, 3, 329, 396, 264, 70, 221, 349, 347, 422, 132, 59, 130, 142, 472, 210, 31, 444, 213, 262, 242, 137, 24, 102, 347, 422, 132, 59, 130, 142, 474, 210, 31, 444, 213, 262, 242, 137, 24, 102, 31, 248, 55, 218, 390, 460, 390, 197, 272, 87, 51, 248, 444, 213, 262, 413, 137, 340, 102, 31, 64, 435, 480, 132, 179, 19, 440, 264, 70, 37, 130, 142, 348, 87, 472, 261, 221, 13, 221, 7, 472, 248, 372, 218, 274, 59, 390, 142, 272, 87, 260, 482, 444, 213, 262, 465, 475, 244, 102, 31, 248, 132, 218, 390, 248, 132, 218, 390, 59, 390, 142, 272, 87, 51, 248, 444, 197, 262, 465, 475, 319, 102, 31, 248, 304, 218, 390, 59, 264, 472, 248, 372, 218, 274, 59, 390, 142, 272, 87, 260, 482, 444, 213, 262, 272, 475, 244, 102, 31, 248, 132, 218, 390, 59, 390, 142, 272, 87, 51, 248, 444, 213, 262, 465, 475, 340, 102, 31, 64, 435, 480, 132, 222, 112, 396, 264, 70, 221, 309, 254, 248, 132, 218, 390, 59, 390, 142, 272, 87, 51, 248, 444, 197, 262, 465, 475, 319, 102, 31, 248, 304, 218, 390, 59, 264, 70, 221, 331, 472, 213, 262, 465, 475, 340, 102, 31, 64, 3, 23, 221, 309, 472, 329, 389, 102, 464, 252, 352, 59, 390, 142, 456, 102, 89, 472, 344, 132, 244, 102, 31, 248, 480, 284, 476, 36, 189, 98, 56, 47, 214, 128, 136, 69, 480, 132, 222, 112, 464, 12, 212, 44, 36, 189, 98, 56, 314, 214, 130, 136, 69, 463, 410, 472, 215, 433, 251, 87, 463, 319, 472, 21, 462, 432, 23, 141, 392, 393, 118, 329, 354, 41, 210, 329, 389, 0, 418, 252, 480, 311, 222, 222, 300, 316, 315, 348, 289, 293, 50, 53, 228, 142, 14, 404, 259, 305, 427, 1]
Tree:
None
Fitness on 5000 data:
-5.707241610775572

Fitness:
-5.530600078678872