Generation:
500

Phenotype:
b = gm([4.4, 5, 6]);
a = 5 * 28;
a = gm([20, 1, 1.8]);;

Genotype:
[370, 139, 396, 324, 107, 84, 138, 391, 324, 169, 97, 219, 132, 253, 300, 285, 126, 446, 228, 438, 149, 9, 67, 338, 219, 34, 292, 462, 456, 246, 121, 52, 262, 144, 84, 342, 357, 249, 169, 177, 324, 132, 253, 300, 285, 149, 309, 67, 338, 219, 34, 100, 132, 253, 372, 285, 300, 446, 228, 34, 292, 462, 456, 246, 121, 334, 262, 144, 84, 342, 357, 249, 169, 177, 324, 479, 253, 300, 285, 300, 446, 228, 438, 149, 21, 196, 461, 312, 462, 456, 246, 61, 456, 438, 84, 84, 300, 446, 228, 438, 316, 423, 479, 300, 116, 438, 167, 8, 0, 132, 438, 167, 467, 0, 34, 312, 462, 456, 246, 61, 456, 246, 136, 334, 166, 91, 415, 399, 136, 196, 262, 130, 80, 130, 325, 127, 46, 48, 304, 414, 261]
Tree:
None
Fitness on 5000 data:
-5.280932378899885

Fitness:
-4.940307899714319