Generation:
500

Phenotype:
a = 13  * a  - 19  * uniform([8, 4], 1);
a = gm([4.7, 2, 3]);
b = gm([22, 2, 3]) + 2  * a;;

Genotype:
[353, 44, 350, 132, 336, 188, 373, 44, 402, 326, 436, 205, 344, 132, 336, 174, 344, 167, 350, 132, 356, 162, 114, 241, 188, 373, 469, 402, 326, 436, 160, 344, 36, 376, 179, 3, 301, 135, 259, 264, 114, 22, 336, 436, 160, 344, 436, 64, 429, 344, 436, 64, 429, 406, 423, 259, 467, 336, 436, 160, 344, 436, 418, 2, 160, 344, 436, 418, 2, 402, 326, 3, 160, 344, 36, 376, 57, 318, 179, 3, 301, 160, 314, 436, 64, 429, 406, 291, 259, 467, 114, 288, 336, 436, 429, 36, 241, 490, 423, 332, 170, 326, 436, 160, 344, 36, 376, 416, 3, 301, 135, 259, 282, 114, 22, 336, 150, 429, 36, 423, 259, 288, 490, 100, 332, 57, 8, 436, 160, 344, 36, 376, 75, 3, 223]
Tree:
None
Fitness on 5000 data:
-5.035178248327588

Fitness:
-4.796044591686237