Generation:
500

Phenotype:
skill1 = bern(0.1) + uniform([9, 19.2], 1);
skill2 = gm([11, 15, 3]) + uniform([3, 4], 2);
p1wins = bern(0.4);;

Genotype:
[391, 448, 266, 46, 51, 412, 372, 127, 189, 366, 34, 164, 29, 50, 343, 428, 170, 95, 412, 46, 51, 481, 484, 46, 166, 410, 108, 372, 127, 189, 366, 34, 382, 300, 409, 435, 48, 410, 95, 432, 105, 127, 453, 366, 34, 164, 367, 121, 435, 428, 410, 95, 374, 366, 33, 236, 339, 359, 222, 252, 435, 174, 158, 308, 99, 393, 33, 150, 308, 244, 216, 1, 150, 352, 44, 1, 430, 308, 244, 393, 1, 150, 352, 44, 466, 48, 51, 294, 51, 433, 448, 266, 465, 240, 26, 60, 38, 462, 176, 366, 237, 302, 38, 352, 385, 348, 319, 347, 460, 466, 309, 114, 381, 200, 385, 178, 377, 366, 118, 123, 208, 487, 442, 352, 244, 174, 46, 80, 378, 5, 77, 401, 76]
Tree:
None
Fitness on 5000 data:
-6.591569854537113

Fitness:
-6.1973752825412225