Generation:
500

Phenotype:
a = gm([4.7, 1, 1.9]);
b = gm([9.1, 5.5, 8.7], [26, 8, 1]);;

Genotype:
[457, 56, 438, 476, 336, 243, 468, 349, 418, 385, 159, 240, 128, 218, 35, 218, 35, 468, 124, 492, 123, 387, 360, 7, 219, 317, 164, 423, 7, 439, 391, 75, 287, 438, 158, 336, 429, 468, 349, 418, 280, 159, 214, 128, 218, 84, 468, 130, 147, 455, 84, 468, 196, 132, 212, 280, 246, 141, 219, 5, 431, 178, 209, 358, 5, 481, 243, 415, 280, 481, 34, 415, 280, 214, 147, 455, 84, 468, 124, 204, 280, 481, 243, 264, 9, 147, 455, 72, 124, 204, 123, 24, 481, 243, 415, 280, 198, 117, 415, 280, 280, 159, 357, 147, 239, 238, 406, 180, 264, 137, 445, 455, 84, 468, 124, 204, 123, 168, 481, 243, 415, 280, 124, 204, 123, 24, 481, 243, 415, 280, 383, 243, 415, 280, 339, 155, 219, 5, 75, 386, 258, 220, 421, 72, 157, 166, 185, 372, 489, 316, 283, 24, 416, 131, 401, 334, 496, 474, 434, 292, 253]
Tree:
None
Fitness on 5000 data:
-4.779430637988978

Fitness:
-4.237616685519237