Generation:
500

Phenotype:
u = bern(0.2) + w; 
 v = bern(0.9) + 0; 
 w = 1  - bern(0.8); 
  if x + w + bern(0.7) + bern(0.8) < 1 { 
       if bern(0.8) + v + bern(0.7) + bern(0.1) > 0{ 
             x = x  - 0; 
       } else { 
             x = 1 + 0; 
       } end if; 
 } else { 
       if bern(0.3) + u + bern(0.7) > 1{ 
             x = x + 0; 
       } else { 
             x = 1  - 0; 
       } end if; 
 } end if;

Genotype:
[140, 100, 52, 379, 226, 182, 466, 490, 382, 346, 27, 17, 35, 420, 38, 199, 349, 488, 241, 313, 447, 429, 484, 107, 459, 382, 346, 27, 17, 420, 38, 199, 349, 488, 241, 313, 447, 429, 484, 349, 488, 241, 313, 447, 429, 484, 229, 459, 291, 182, 35, 420, 38, 199, 349, 488, 241, 313, 447, 429, 182, 443, 459, 341, 182, 443, 212, 244, 182, 25, 87, 87, 447, 379, 382, 346, 27, 17, 420, 38, 289, 47, 121, 392, 182, 240, 212, 54, 490, 490, 382, 346, 27, 113, 35, 420, 38, 199, 291, 182, 240, 212, 291, 182, 429, 87, 447, 241, 313, 447, 429, 484, 229, 459, 291, 182, 240, 212, 291, 182, 25, 87, 447, 411, 47, 121, 392, 182, 240, 212, 182, 490, 490, 382, 346, 27, 113, 35, 420, 38, 199, 291, 182, 240, 212, 291, 182, 429, 87, 447, 422, 59, 456, 226, 182, 240, 212, 420, 25, 87, 447, 422, 59, 456, 226, 182, 490, 490, 382, 346, 27, 113, 35, 420, 38, 199, 447, 422, 59, 71, 406, 157, 456, 387, 214, 4, 47, 61, 44, 291, 440, 261, 77, 485, 25, 72, 8, 52, 379, 226, 182, 490, 490, 382, 346, 27, 113, 35, 420, 38, 199, 346, 27, 113, 35, 420, 38, 408, 349, 174, 81, 121, 289, 35, 135, 153, 421, 284, 47, 68, 156, 457, 291, 182, 25, 87, 447, 422, 59, 456, 387, 214, 411, 47, 121, 392, 335, 326, 293, 84, 175, 228, 291, 440, 261, 77, 485, 25, 72, 8, 453, 142, 497, 241, 121, 173, 444, 409, 66, 125, 308, 113, 414, 420, 38, 497, 241, 121, 173, 444, 409, 66, 125, 308, 113, 414, 420, 38, 199, 349, 174, 81, 121, 392, 335, 326, 293, 84, 175, 228, 291, 440, 261, 77, 485, 25, 72, 52, 345, 91, 279, 349, 429, 484, 229, 173, 444, 409, 66, 191, 335, 326, 293, 84, 175, 228, 291, 440, 261, 77, 485, 25, 72, 8, 453, 142, 497, 99, 121, 173, 444, 409, 66, 125, 211, 189, 357, 178, 14, 151, 79, 446, 265, 402, 309, 494, 469, 250]
Tree:
None
Fitness on 5000 data:
-1.9529479012269535

Fitness:
-1.4975695823874104