Generation:
500

Phenotype:
skill1 = 10  * uniform([3, 3.7], 1)  - uniform([26, 6], 4); 
skill2 = 4 + gm([5, 9, 8.4], [27, 15.8, 3], [1, 11.4, 4]); 
p1wins = bern(0.1);
cond = p1wins;;

Genotype:
[118, 125, 118, 475, 302, 189, 361, 3, 321, 396, 462, 462, 367, 412, 122, 431, 247, 308, 136, 469, 78, 405, 357, 408, 377, 120, 71, 25, 132, 453, 31, 186, 337, 169, 418, 106, 188, 344, 264, 300, 280, 65, 414, 147, 398, 4, 468, 255, 311, 9, 132, 468, 255, 311, 9, 132, 336, 450, 264, 300, 280, 65, 460, 167, 398, 9, 468, 255, 311, 9, 132, 336, 450, 479, 439, 369, 246, 143, 135, 306, 398, 300, 245, 65, 460, 383, 398, 9, 111, 255, 270, 482, 132, 336, 450, 479, 30, 283, 194, 129, 210, 80, 78, 357, 331, 358, 467, 406, 31, 186, 337, 169, 237, 106, 180, 344, 264, 275, 245, 65, 460, 30, 283, 194, 129, 210, 80, 78, 357, 331, 358, 467, 406, 31, 186, 337, 169, 237, 106, 180, 344, 264, 275, 245, 65, 460, 383, 398, 9, 111, 255, 450, 479, 30, 283, 165, 129, 210, 80, 142, 357, 331, 358, 467, 406, 194, 428, 171, 75, 302, 35, 86, 439, 56, 43, 237, 153, 249, 21, 444, 191, 101, 226, 470, 284, 254, 384, 60, 255, 73, 205, 56, 389, 253, 249, 159, 80, 190, 204, 126, 439, 369, 246, 143, 135, 306, 259, 463, 188, 359, 245, 374, 334, 300, 436, 175, 413, 297, 304, 494, 456, 256, 126, 285, 372, 373, 257, 448, 97, 129, 70, 317, 295, 67, 126, 151, 213, 181, 266, 123, 321, 234, 470, 276, 445, 172, 43, 222, 396, 39]
Tree:
None
Fitness on 5000 data:
-6.737255641543937

Fitness:
-6.3049669992891255