Generation:
500

Phenotype:
u = bern(0.9) + u; 
 v = 0; 
 w = bern(0.6); 
 x = bern(0.5); 
 w = 1;
if x != 0 { 
   u = 0  - w; 
 } else { 
   u = v; 
 } end if;
w = 1 + bern(0.8);
u = bern(0.3);
u = v  - x;
u = v  - 0;
u = 0 + x;
v = bern(0.9);
w = bern(0.2)  - 0;
u = bern(0.4);

Genotype:
[96, 139, 364, 255, 476, 326, 212, 304, 264, 347, 92, 396, 8, 203, 482, 348, 404, 305, 103, 202, 48, 323, 338, 48, 131, 487, 457, 202, 323, 457, 48, 152, 368, 96, 264, 347, 155, 396, 480, 24, 482, 48, 108, 305, 8, 363, 348, 44, 345, 23, 338, 48, 238, 313, 487, 129, 202, 323, 457, 48, 464, 368, 96, 264, 347, 155, 396, 480, 24, 482, 48, 108, 305, 344, 202, 19, 422, 112, 103, 200, 326, 212, 20, 57, 363, 48, 464, 368, 480, 469, 347, 368, 396, 8, 203, 482, 348, 108, 305, 129, 202, 19, 422, 112, 74, 214, 326, 264, 213, 298, 25, 212, 304, 264, 347, 92, 396, 8, 203, 372, 87, 29, 104, 329, 198, 291, 395, 386, 154, 137, 273, 313, 366, 356, 443, 401, 203, 97, 280, 168, 306, 309, 30, 272, 65, 402, 205, 263, 456, 183, 351, 172, 322, 192, 451, 169, 171, 472, 177, 152, 235, 164, 191, 117, 8, 216, 462, 271, 360, 276, 166, 39, 348, 179, 335, 112, 114, 446, 158, 230, 272, 457, 221, 364, 291, 65, 364, 409, 289, 324, 60, 289, 244, 194, 427, 48, 36, 79, 173, 216, 405, 142, 21, 130, 256, 433, 382, 248, 427, 421, 194, 202, 33, 219, 53, 27, 278, 489, 109, 495, 491, 37, 185, 30, 271, 467, 81, 406, 122, 98, 191, 82, 403, 281, 150, 99, 237, 426, 21, 135, 483, 119, 400, 299, 292, 219, 329, 14, 306, 69, 297, 279, 326, 86, 478, 391, 479, 397, 290, 260, 102, 438, 209, 354, 459, 67, 473, 261, 473, 344, 148, 429, 62, 402, 452, 392, 340, 379, 462, 486, 240, 199, 97, 116, 124, 204, 271, 52, 62, 217, 53, 469, 303, 486, 156, 268, 363, 341, 450, 478, 334, 434, 267, 6, 78, 446, 354, 111, 204, 345, 428, 247, 52]
Tree:
None
Fitness on 5000 data:
-2.171370989093429

Fitness:
-1.777183905863257