Generation:
500

Phenotype:
earthquake = alarm  - 0; 
  burglary = 1  - 1; 
    if bern(0.4) + bern(0.7) + burglary > 0 { 
        if alarm + bern(0.2) + alarm < 0 { 
              alarm = 1 + 1; 
        } else { 
              alarm = earthquake  - 0; 
        } end if; 
  } else { 
        if alarm == 1 { 
              alarm = 1 + johncalls; 
        } else { 
              alarm = 0; 
        } end if; 
  } end if; 
    if alarm != 0 { 
        johncalls = bern(0.5); 
  } else { 
        johncalls = earthquake; 
  } end if;

Genotype:
[490, 122, 70, 460, 130, 139, 372, 44, 19, 299, 21, 223, 39, 449, 487, 210, 57, 49, 366, 274, 254, 224, 151, 260, 285, 353, 386, 90, 63, 471, 469, 234, 400, 54, 372, 44, 19, 299, 21, 223, 39, 449, 160, 210, 57, 49, 366, 274, 254, 224, 151, 442, 285, 353, 386, 4, 63, 471, 469, 234, 400, 54, 183, 10, 102, 72, 183, 139, 102, 272, 474, 449, 231, 180, 76, 114, 400, 54, 183, 70, 460, 130, 139, 372, 326, 19, 449, 98, 210, 57, 226, 366, 274, 254, 440, 44, 19, 299, 358, 353, 330, 90, 63, 382, 285, 130, 139, 372, 44, 19, 299, 21, 223, 39, 260, 285, 114, 400, 54, 183, 70, 460, 130, 139, 372, 326, 19, 449, 98, 210, 57, 49, 113, 274, 254, 224, 151, 260, 285, 353, 330, 151, 364, 283, 470, 276, 101, 425, 87, 164, 227, 138, 285, 353, 330, 90, 63, 471, 285, 234, 400, 230, 366, 274, 254, 224, 261, 260, 285, 353, 185, 90, 63, 471, 285, 234, 400, 54, 306, 411, 227, 456, 208, 19, 299, 21, 223, 39, 449, 65, 210, 57, 326, 366, 274, 254, 224, 151, 260, 285, 353, 330, 161, 282, 463, 298, 262, 324, 254, 500, 270, 351, 361, 153, 458, 440, 341]
Tree:
None
Fitness on 5000 data:
-inf

Fitness:
0.0