Generation:
500

Phenotype:
burglary = johncalls  - burglary;
burglary = bern(0.1) + burglary; 
  if burglary == 1 { 
       if earthquake == 1 { 
             alarm = gm([0.95, 1, 0.], [0.05, 0, 0]); 
       } else { 
             alarm = gm([0.94, 1, 0], [0.06, 0, 0]); 
       } end if; 
 } else { 
       if earthquake == 1 { 
             alarm = gm([0.29, 1, 0], [0.71, 0, 0]); 
       } else { 
             alarm = gm([0.001, 1, 0], [0.999,0, 0]); 
       } end if; 
 } end if; 
  if alarm == 1 { 
       johncalls = gm([0.9, 1, 0], [0.1, 0, 0]); 
 } else { 
       johncalls = gm([0.05, 1, 0], [0.95, 0, 0]); 
 } end if;

Genotype:
[460, 157, 244, 162, 232, 203, 308, 454, 299, 328, 218, 44, 44, 174, 244, 52, 31, 232, 203, 153, 454, 340, 328, 396, 224, 157, 458, 203, 432, 412, 91, 239, 330, 473, 106, 129, 2, 87, 11, 462, 182, 99, 377, 71, 330, 382, 259, 10, 18, 443, 40, 378, 132, 116, 30, 482, 361, 355, 146, 408, 24, 336, 200, 131, 203, 405, 356, 420, 28, 335, 225, 366, 496, 278, 415, 396, 251, 164, 441, 198, 148, 192, 70, 61, 431, 53, 391, 276, 141, 446, 142, 165, 194, 70, 295, 108, 409, 363, 218, 119, 217, 179, 440, 15, 293, 196, 357, 312, 60, 386, 337, 16, 488, 377, 318, 461, 124, 472, 377, 16, 45, 437, 335, 400, 99, 295, 214, 402, 243, 322, 278, 186, 406, 256, 19, 208, 420, 45, 315, 497, 432, 317, 442, 48, 282, 335, 480, 80, 478, 424, 230, 313, 490, 151, 87, 195, 125, 98, 115, 259, 396, 163, 441, 238, 288, 299, 67, 98, 439, 145, 433, 66, 167, 459, 89, 249, 375, 161, 462, 182, 99, 197, 403, 10, 120, 91, 40, 404, 296, 480, 386, 234, 329, 213, 248, 281, 395, 439, 484, 113]
Tree:
None
Fitness on 5000 data:
-0.3048762593372823

Fitness:
-0.1576543103789603