Generation:
500

Phenotype:
u = 0 + bern(0.2); 
 v = bern(0.9) + 0; 
 w = bern(0.2); 
  if bern(0.1) < 1 { 
       if bern(0.8) + u > 1{ 
             x = 0 + bern(0.2); 
       } else { 
             x = bern(0.9) + 0; 
       } end if; 
 } else { 
       if w != 0{ 
             x = bern(0.3); 
       } else { 
             x = 0; 
       } end if; 
 } end if;

Genotype:
[313, 244, 179, 206, 320, 115, 226, 475, 228, 187, 44, 331, 278, 300, 46, 103, 46, 117, 212, 53, 414, 352, 387, 115, 321, 333, 52, 280, 478, 8, 183, 135, 118, 179, 206, 320, 115, 226, 475, 228, 187, 44, 331, 278, 300, 46, 311, 46, 117, 212, 53, 209, 228, 187, 44, 331, 278, 300, 333, 52, 280, 8, 183, 135, 118, 179, 206, 356, 300, 46, 103, 46, 117, 187, 44, 331, 278, 300, 278, 300, 46, 103, 46, 117, 32, 53, 414, 352, 387, 115, 321, 333, 52, 280, 478, 8, 183, 135, 411, 483, 414, 352, 356, 278, 300, 46, 331, 278, 300, 46, 103, 228, 94, 248, 331, 46, 117, 144, 53, 414, 352, 387, 115, 321, 333, 52, 280, 478, 103, 46, 117, 228, 187, 248, 331, 278, 300, 46, 103, 46, 117, 206, 133, 27, 352, 387, 115, 321, 333, 52, 280, 38, 8, 183, 135, 144, 277, 281, 445, 259, 343, 497, 144, 253, 335, 18, 475, 228, 174, 489, 217, 245, 224, 368, 253, 335, 18, 153, 445, 268, 313, 122, 201, 179, 36, 112, 109, 292, 52, 477, 271, 485, 321, 393, 389, 184, 133, 112, 403, 411, 137, 371, 154, 127, 308, 138, 344, 237, 383, 316, 40, 473, 301, 23, 367, 25, 33, 46, 49, 233, 470, 71, 396, 106, 78, 457, 334, 20, 85, 351, 18, 375, 1, 351, 489, 44, 388, 291, 449, 264, 137, 385, 70, 350, 418, 4, 390, 26, 132, 190, 359, 181]
Tree:
None
Fitness on 5000 data:
-2.093930795576875

Fitness:
-1.5811099057829157