Generation:
500

Phenotype:
w = w + 1;
w = bern(0.1) + 0;
u = 0  - 0;
u = 0 + w;
x = 0;
u = bern(0.3);
u = 0 + u;
v = bern(0.9);
u = u; 
  if u == 1 { 
       if w == 1{ 
             x = gm([0.8, 1, 0], [0.2, 0, 0]); 
       } else { 
             x = gm([0.2, 1, 0], [0.8, 0, 0]); 
       } end if; 
 } else { 
       if v == 1{ 
             x = gm([0.8, 1, 0], [0.2, 0, 0]); 
       } else { 
             x = gm([0.2, 1, 0], [0.8, 0, 0]); 
       } end if; 
 } end if;

Genotype:
[83, 443, 14, 347, 238, 67, 222, 436, 174, 319, 19, 128, 372, 310, 232, 98, 203, 414, 19, 128, 438, 310, 232, 98, 203, 414, 413, 182, 147, 250, 388, 100, 391, 267, 452, 128, 372, 310, 232, 431, 219, 414, 107, 182, 264, 184, 80, 345, 320, 413, 182, 42, 184, 310, 232, 94, 277, 320, 190, 18, 148, 312, 419, 197, 387, 182, 267, 404, 184, 198, 345, 448, 351, 18, 254, 300, 267, 88, 184, 484, 203, 414, 414, 107, 274, 345, 184, 80, 345, 320, 413, 182, 147, 438, 310, 232, 98, 203, 414, 413, 182, 147, 250, 388, 100, 391, 267, 452, 128, 372, 310, 232, 431, 219, 414, 107, 182, 264, 184, 80, 345, 320, 413, 182, 42, 184, 310, 232, 94, 277, 320, 190, 18, 148, 312, 419, 197, 387, 182, 267, 404, 184, 198, 345, 448, 351, 18, 254, 300, 267, 88, 184, 484, 203, 414, 413, 182, 147, 250, 388, 232, 72, 219, 414, 107, 182, 264, 184, 80, 160, 19, 128, 267, 404, 184, 484, 345, 12, 81, 18, 148, 300, 267, 88, 184, 484, 345, 320, 351, 18, 182, 147, 250, 388, 100, 391, 267, 452, 128, 372, 310, 232, 72, 219, 414, 107, 182, 264, 184, 80, 345, 19, 128, 372, 310, 320, 351, 140, 148, 300, 267, 88, 184, 484, 345, 320, 351, 336, 148, 312, 419, 197, 67, 56, 215]
Tree:
None
Fitness on 5000 data:
-1.7324908630679243

Fitness:
-1.4662294693932711