Generation:
500

Phenotype:
a = gm([29.1, 1, 2], [12.6, 0, 5.2]); 
if b != 18 { 
  b = uniform([1, 4], 3) + gm([1, 2, 12], [2, 4.9, 0]); 
 } else { 
  b = 28  * gm([5.1, 13, 18.2]); 
 } end if;

Genotype:
[311, 279, 171, 202, 403, 3, 277, 90, 230, 32, 148, 498, 172, 303, 43, 77, 484, 186, 359, 439, 460, 132, 261, 161, 80, 379, 180, 230, 32, 470, 498, 274, 303, 277, 129, 230, 32, 148, 498, 172, 291, 186, 132, 219, 11, 128, 80, 202, 403, 3, 277, 90, 202, 186, 359, 439, 396, 132, 261, 161, 80, 46, 90, 230, 32, 148, 498, 274, 303, 277, 129, 230, 32, 148, 498, 92, 303, 403, 3, 277, 32, 148, 132, 219, 161, 202, 293, 128, 85, 403, 3, 479, 90, 202, 32, 240, 103, 276, 373, 43, 77, 484, 439, 328, 250, 90, 202, 293, 128, 85, 403, 3, 479, 277, 90, 202, 32, 148, 498, 172, 303, 100, 43, 77, 484, 186, 132, 219, 161, 202, 293, 128, 85, 403, 3, 479, 90, 202, 128, 85, 403, 3, 479, 90, 202, 32, 240, 103, 276, 373, 43, 77, 484, 186, 132, 219, 161, 367, 70, 94, 161, 80, 128, 260, 403, 3, 195, 90, 202, 32, 148, 498, 172, 303, 43, 77, 484, 186, 359, 439, 77, 484, 186, 359, 439, 396, 132, 219, 161, 80, 128, 260, 417, 70, 94, 144, 307, 211, 3, 250, 90, 202, 293, 128, 85, 403, 3, 479, 90, 202, 32, 240, 103, 202, 293, 128, 85, 403, 3, 479, 90, 202, 32, 240, 103, 276, 373, 43, 77, 484, 186, 132, 219, 161, 367, 70, 94, 161, 80, 128, 260, 403, 3, 277, 90, 202, 32, 148, 498, 172, 303, 43, 77, 484, 186, 359, 439, 4, 132, 219, 161, 80, 128, 260, 417, 70, 94, 144, 307, 211, 484, 186, 132, 219, 161, 439, 4, 132, 219, 161, 80, 186, 359, 439, 4, 496, 219, 161, 484, 186, 132, 219, 161, 320, 4, 132, 219, 161, 80, 77, 484, 186, 359, 359, 439, 4, 132, 219, 161, 80, 202, 32, 128, 260, 417, 130, 94, 144, 307, 211, 3, 250, 90, 202, 293, 128, 85, 403, 3, 479, 90, 202, 32, 240, 103, 276, 373, 43, 77, 484, 186, 132, 219, 35, 80, 128, 260, 417, 128, 90, 202, 32, 148, 498, 344, 56, 43, 77, 484, 186, 186, 359, 439, 4, 132, 219, 161, 80, 128, 260, 417, 130, 94, 144, 307, 211, 3, 3, 250, 371, 202, 32, 148, 499, 172, 303, 78, 454, 53, 186, 417, 130, 94, 273, 171, 332, 485, 86, 76, 244, 284, 340, 484, 377, 359, 140, 292, 238, 233, 148, 204, 473, 468, 62, 415, 332, 370, 118, 472, 454, 233, 342, 419, 280, 260, 320, 356, 267, 118, 50, 258, 385, 30, 103, 214, 36, 458, 243, 350, 24, 299, 396, 169, 273, 151, 113, 165, 77, 53, 466, 219, 32, 148, 498, 172, 303, 43, 454, 484, 186, 359, 140, 292, 238, 233, 148, 204, 473, 468, 62, 415, 332, 485, 86, 76, 244, 284, 340, 289, 174, 120, 114, 195, 143, 156, 88, 417, 35, 415, 58, 34, 232, 112, 92, 76, 445, 124, 314, 185, 206, 414, 240, 277, 187, 255, 483, 82, 231, 200, 480, 122, 476, 105, 20, 432, 343, 297, 259, 207, 430, 179, 280, 260, 320, 356, 267, 118, 50, 258, 488, 224, 17, 323, 428, 376, 276, 270, 416, 459, 469, 73, 265, 306, 369, 453, 419, 245, 200, 437, 378, 7, 396, 404, 453, 49, 262, 245, 227, 172, 349, 92, 316, 228]
Tree:
None
Fitness on 5000 data:
-4.958933984736609

Fitness:
-4.494522336676723