Generation:
500

Phenotype:
burglary=0 + earthquake; 
 earthquake=0 + johncalls; 
 alarm=0 + bern(0.6); 
 johncalls=0; 
 alarm = burglary;

Genotype:
[275, 118, 75, 96, 366, 336, 113, 310, 53, 140, 172, 440, 39, 466, 369, 450, 388, 205, 122, 480, 369, 432, 380, 120, 479, 398, 303, 440, 336, 480, 369, 432, 231, 448, 40, 40, 237, 204, 380, 120, 460, 360, 283, 52, 216, 282, 346, 469, 183, 427, 455, 216, 192, 212, 167, 62, 60, 148, 475, 310, 421, 461, 184, 210, 357, 38, 138, 332, 136, 346, 43, 145, 326, 231, 334, 468, 268, 5, 84, 424, 54, 56, 44, 235, 4, 448, 177, 388, 340, 178, 345, 50, 225, 68, 378, 125, 494, 12, 212, 12, 70, 84, 192, 448, 42, 243, 308, 448, 138, 332, 136, 346, 43, 145, 326, 420, 496, 407, 315]
Tree:
None
Fitness on 5000 data:
-inf

Fitness:
0.0