Generation:
500

Phenotype:
x = bern(0.7);
u = 0 + 0;
w = v + 0;
u = bern(0.5) + 0;
v = 0 + bern(0.6);
w = bern(0.1);

Genotype:
[138, 328, 316, 107, 108, 296, 257, 195, 48, 302, 88, 412, 225, 118, 3, 364, 317, 18, 386, 118, 142, 140, 312, 269, 25, 118, 437, 282, 451, 28, 364, 172, 317, 472, 301, 18, 481, 454, 247, 369, 61, 357, 300, 88, 271, 140, 88, 128, 225, 118, 3, 364, 317, 18, 386, 118, 142, 140, 312, 472, 301, 18, 481, 454, 247, 369, 61, 356, 249, 237, 492, 420, 481, 454, 247, 60, 61, 357, 300, 88, 271, 140, 208, 354, 429, 59, 146, 370, 381, 9, 36, 111, 225, 282, 28, 296, 61, 208, 490, 277, 236, 34, 111, 480, 427, 171, 33, 294, 329, 364, 481, 320, 30, 206, 184, 474, 386, 56, 301, 384, 454, 62, 287, 4, 310, 401, 452, 487, 396, 278, 206, 184, 465, 457, 287, 117, 249, 260, 456, 377, 212, 403, 481, 61, 311, 175, 332, 223, 192, 185, 62, 206, 160, 332, 8, 372, 453, 419, 102, 4, 247, 33, 272, 329, 364, 481, 61, 231, 145, 470, 89, 227, 246, 172, 117, 392, 317, 300, 483, 210, 44, 438, 271, 285, 160, 6, 372, 65, 82, 277, 321, 44, 126, 172, 470, 89, 227, 246, 172, 368, 471, 252, 76, 432, 316, 302, 268, 329, 132, 481, 61, 231, 145, 470, 89, 227, 246, 172, 117, 392, 317, 300, 483, 210, 44, 438, 271, 285, 160, 6, 372, 65, 82, 277, 414, 33, 416, 470, 201, 370, 277, 277, 149, 352, 252, 474, 185, 486, 106, 245, 66, 203, 160, 408, 435, 324, 255, 468, 75, 363, 438, 33, 285, 160, 6, 372, 65, 82, 277, 414, 160, 48, 169, 321, 44, 126, 172, 470, 89, 227, 246, 172, 117, 392, 317, 300]
Tree:
None
Fitness on 5000 data:
-2.348059071149645

Fitness:
-2.238274025741017