Generation:
500

Phenotype:
preplevel = 3;
damage = gm([0.9, 0, 0], [0.8, 1, 0], [0.1, 2, 0]) + gm([0.3, 0, 0], [0.9, 1, 0]);
preplevel = gm([0.9, 0, 0], [0.8, 1, 0]);
damage = gm([0.4, 0, 0], [0.9, 1, 0]);
preplevel = 1;
preplevel = 3;
preplevel = gm([0.6, 0, 0], [0.3, 1, 0], [0.2, 2, 0]);

Genotype:
[386, 103, 104, 98, 44, 478, 195, 403, 281, 32, 250, 101, 109, 384, 46, 25, 215, 25, 450, 440, 251, 444, 461, 332, 98, 212, 212, 44, 478, 195, 40, 35, 493, 250, 384, 109, 25, 450, 440, 251, 24, 318, 332, 98, 212, 308, 478, 450, 189, 291, 84, 413, 136, 450, 189, 103, 84, 106, 454, 414, 52, 14, 119, 239, 383, 479, 379, 29, 71, 331, 345, 399, 102, 437, 201, 427, 174, 207, 429]
Tree:
None
Fitness on 5000 data:
-1.6657362573244867

Fitness:
-1.5280133870125627