Generation:
500

Phenotype:
burglary=earthquake + burglary; 
 earthquake=alarm  - bern(0.9); 
 alarm=johncalls + 0; 
 johncalls=burglary  - 0; 
 earthquake = bern(0.8);
earthquake = alarm + 0;
alarm = 0  - johncalls;

Genotype:
[177, 70, 208, 490, 265, 288, 90, 192, 296, 368, 60, 90, 200, 15, 98, 337, 378, 2, 39, 445, 156, 359, 128, 308, 296, 253, 60, 70, 208, 490, 265, 288, 380, 229, 448, 406, 38, 97, 406, 398, 208, 378, 347, 422, 296, 368, 60, 90, 200, 15, 314, 120, 378, 347, 451, 2, 39, 445, 156, 378, 347, 278, 212, 118, 229, 448, 406, 38, 97, 406, 398, 208, 370, 347, 287, 296, 368, 60, 90, 200, 15, 98, 120, 25, 2, 181, 110, 209, 417, 451, 2, 39, 445, 156, 359, 128, 136, 464, 326, 333, 245, 10, 276, 196, 457, 458, 358, 174, 428, 214, 333, 245, 10, 276, 196, 457, 458, 358, 174, 428, 214, 86, 300, 168, 88, 380, 124, 204, 432, 118]
Tree:
None
Fitness on 5000 data:
-inf

Fitness:
0.0