Generation:
500

Phenotype:
u = bern(0.5); 
v = 5  * v  - 4; 
w = gm([23, 6, 3]);
if gm([1, 13.7, 1.7]) + 28 * uniform([23, 7], 1) + 21 * u <= 24 { 
   w = bern(0.7); 
 } else { 
   v = gm([13.3, 14, 3]) + v; 
 } end if;;

Genotype:
[287, 462, 387, 199, 4, 119, 391, 377, 256, 436, 287, 458, 283, 72, 192, 293, 336, 78, 116, 314, 254, 192, 189, 222, 433, 435, 447, 200, 461, 330, 222, 249, 435, 447, 222, 433, 435, 447, 449, 345, 245, 374, 488, 72, 132, 168, 434, 287, 176, 284, 72, 469, 334, 336, 200, 461, 227, 222, 129, 435, 447, 345, 384, 458, 283, 283, 33, 489, 434, 287, 354, 20, 192, 293, 336, 375, 51, 480, 4, 192, 197, 222, 433, 435, 447, 200, 374, 488, 72, 132, 168, 434, 287, 137, 284, 72, 192, 334, 336, 200, 386, 64, 273, 433, 435, 447, 345, 384, 458, 283, 283, 327, 450, 434, 287, 137, 23, 488, 20, 370, 249]
Tree:
None
Fitness on 5000 data:
27.17557673511058

Fitness:
27.26996174699384