Generation:
500

Phenotype:
sigma = gm([25, 3, 2], [4, 1, 2], [5.9, 14.5, 26])  - sigma;
x = mu  - gm([28.7, 9, 10]);
mu = gm([26.1, 23, 5], [20, 19, 9.9], [1, 30, 0.2], [26.1, 23, 5], [26.1, 23, 5], [20, 19, 9.9], [1, 30, 0.2], [26.1, 23, 5], [17, 19, 9.8], [16, 9.1, 25], [8, 8, 6])  - mu;
x = mu + uniform([0, 8], 2);

Genotype:
[372, 464, 278, 336, 418, 104, 255, 97, 115, 432, 366, 122, 313, 6, 219, 449, 234, 283, 26, 342, 298, 467, 204, 87, 191, 80, 423, 231, 148, 342, 181, 72, 342, 298, 467, 204, 87, 191, 80, 423, 456, 411, 342, 361, 336, 413, 183, 330, 144, 257, 464, 444, 59, 198, 162, 309, 377, 186, 10, 483, 361, 491, 198, 162, 333, 300, 160, 329, 326, 268, 136, 391, 411, 412, 476, 469, 430, 404, 162, 309, 377, 186, 10, 483, 361, 491, 198, 162, 333, 300, 160, 329, 361, 491, 198, 162, 333, 300, 160, 329, 326, 268, 136, 391, 411, 412, 476, 469, 430, 404, 162, 309, 377, 186, 10, 483, 361, 491, 198, 162, 333, 300, 160, 329, 326, 141, 136, 391, 411, 412, 160, 469, 430, 295, 63, 350, 162, 206, 56, 234, 186, 225, 412, 225, 396, 471, 237, 225, 351, 396, 68, 173, 473, 409, 45, 198, 162, 306, 377, 186, 10, 70, 361, 491, 95, 323, 384, 10, 249, 408, 141, 16, 204, 175, 116, 19, 122, 420, 468, 24, 464, 388, 108, 211, 350, 230, 128, 24, 338, 404, 96]
Tree:
None
Fitness on 5000 data:
-7.616236836776907

Fitness:
-7.501798127961391