Generation:
500

Phenotype:
u = u + bern(0.2);
v = gm([30, 10.5, 2.3])  - bern(0.1);
if u==1 { 
  if v > 12 { 
    w = gm([1,12.,2.]);
   } else { 
    w = gm([1,6.,2.]); 
   } end if;
 } else { 
  w = gm([1,6.,2.]); 
 } end if;

Genotype:
[22, 434, 454, 345, 384, 454, 345, 384, 156, 6, 235, 82, 195, 352, 265, 73, 17, 495, 345, 384, 156, 216, 235, 351, 85, 329, 126, 128, 234, 495, 351, 85, 329, 126, 128, 234, 495, 6, 235, 351, 85, 329, 126, 429, 156, 6, 357, 128, 440, 314, 432, 351, 384, 156, 6, 235, 101, 399, 352, 42, 38, 345, 166, 322, 335, 423, 38, 345, 384, 156, 6, 235, 479, 399, 352, 250, 271, 374, 171, 375, 432, 351, 166, 420, 406, 90, 363, 250, 91, 429, 174, 24, 126, 263, 41, 224, 82, 0, 367, 412, 479, 250, 398, 258, 104, 491, 229, 202, 304, 94, 420, 63, 10, 4, 126, 125, 351, 36, 347, 144, 425, 392, 410, 192, 136, 230, 195, 346, 389, 380, 10, 372, 390, 263, 483, 341, 304, 156, 316, 172, 300, 270, 209, 63, 222]
Tree:
None
Fitness on 5000 data:
-4.950615239056144

Fitness:
-4.672237721741192