Generation:
500

Phenotype:
u = bern(0.3)  - 0; 
 v = bern(0.9)  - bern(0.1); 
 w = 1  - bern(0.8); 
  if bern(0.6) <= 0 { 
       if bern(0.4) < 0{ 
             x = bern(0.3)  - 0; 
       } else { 
             x = bern(0.9); 
       } end if; 
 } else { 
       if u >= 1{ 
             x = 0 + 0; 
       } else { 
             x = bern(0.9)  - bern(0.1); 
       } end if; 
 } end if;

Genotype:
[255, 38, 22, 269, 218, 215, 446, 476, 334, 223, 359, 128, 307, 468, 62, 399, 133, 140, 185, 376, 213, 382, 121, 185, 137, 448, 419, 222, 399, 3, 140, 120, 329, 130, 121, 92, 215, 42, 246, 334, 223, 359, 419, 52, 214, 256, 398, 409, 22, 269, 218, 215, 42, 476, 334, 223, 359, 128, 307, 468, 62, 399, 3, 140, 185, 376, 213, 382, 121, 185, 256, 42, 167, 334, 329, 130, 121, 92, 256, 318, 8, 456, 227, 71, 409, 32, 269, 218, 382, 35, 223, 240, 128, 318, 8, 456, 227, 71, 356, 32, 269, 218, 382, 35, 223, 240, 128, 307, 278, 62, 399, 11, 140, 115, 376, 213, 382, 121, 185, 409, 22, 60, 402, 376, 213, 382, 121, 185, 137, 448, 419, 52, 214, 256, 42, 167, 344, 452, 227, 383, 326, 231, 365, 334, 90, 174, 71, 345, 25, 482, 403, 182, 9, 42, 94, 145, 222, 393, 201, 260, 268, 74, 358, 156, 323, 193, 411, 174, 331, 91, 451, 112, 281, 422, 431, 202, 452, 115, 336, 420, 85, 209, 219, 152, 318, 377, 272, 227, 283, 326, 231, 365, 106, 130, 14, 282, 165, 49, 344, 70, 23, 207, 174, 21, 65, 215, 495, 111, 36, 283, 121, 20, 462, 82, 22, 272]
Tree:
None
Fitness on 5000 data:
-2.0993897493229605

Fitness:
-1.6089540827566966