Generation:
500

Phenotype:
p1wins = 30  * skill1 + bern(0.5);
skill2 = gm([19, 19, 3], [0.2, 6, 11.7], [20, 20.5, 2]);
skill1 = 1  * uniform([9, 20.4], 1) + bern(0.5);;

Genotype:
[175, 148, 256, 138, 176, 499, 247, 278, 380, 138, 354, 223, 256, 148, 62, 256, 51, 18, 237, 419, 378, 453, 478, 19, 176, 499, 247, 395, 248, 478, 78, 192, 397, 445, 321, 106, 154, 237, 327, 299, 256, 176, 467, 144, 284, 48, 78, 118, 193, 94, 14, 226, 107, 485, 201, 284, 78, 99, 193, 94, 14, 226, 107, 485, 201, 284, 43, 78, 99, 292, 94, 14, 226, 107, 485, 201, 262, 481, 303, 475, 215, 249, 290, 354, 303, 406, 96, 217, 154, 208, 205, 335, 460, 389, 499, 247, 162, 193, 301, 43, 341, 385, 43, 78, 99, 193, 94, 94, 14, 226, 107, 485, 23, 387, 9, 303, 438, 375, 269, 308, 43, 78, 99, 193, 94, 14, 226, 107, 485, 372, 387, 9, 303, 438, 125, 269, 308, 10, 381, 385, 43, 27, 303, 217, 154, 208, 205, 335, 460, 389, 499, 78, 99, 193, 94, 14, 226, 107, 485, 23, 387, 9, 303, 438, 57, 295, 96, 406, 136, 317, 497, 205, 335, 438, 265, 269, 308, 274, 131, 377, 374, 6, 262, 481, 303, 234, 215, 130, 290, 354, 303, 438, 265, 269, 193, 94, 474, 226, 107, 485, 423, 110, 9, 303, 239, 265, 416, 308, 10, 381, 274, 131, 377, 374, 214, 419, 446, 248, 478, 406, 96, 217, 264, 208, 205, 335, 2, 389, 499, 247, 162, 193, 301, 43, 384, 385, 43, 90, 99, 193, 94, 265, 226, 107, 328, 423, 110, 9, 303, 438, 265, 269, 308, 10, 381, 274, 221, 377, 43, 384, 385, 43, 90, 440, 193, 84, 265, 226, 107, 6, 351, 110, 9, 303, 438, 265, 269, 308, 10, 381, 190, 131, 377, 374, 6, 262, 481, 303, 234, 342, 130, 290, 354, 303, 438, 265, 269, 308, 10, 381, 190, 131, 377, 374, 77, 262, 481, 303, 234, 215, 459, 290, 6, 351, 351, 369, 171, 173]
Tree:
None
Fitness on 5000 data:
-6.534500559194879

Fitness:
-6.314007320977887