Generation:
500

Phenotype:
skill1 = 22 * 14;
p1wins = 15 * 10  - bern(0.6);
p1wins = 23  * bern(0.1) + bern(0.4);
skill1 = bern(0.6);
skill2 = gm([30.7, 18, 7.7], [9.8, 12, 23.2], [24, 23, 3.7]) + skill2;
skill1 = gm([27, 18, 2.7], [8.8, 12, 23.2], [22.2, 22, 2]);;

Genotype:
[330, 355, 26, 218, 444, 153, 293, 27, 53, 262, 126, 444, 440, 350, 422, 245, 263, 227, 51, 491, 131, 395, 154, 188, 38, 55, 472, 333, 123, 36, 474, 399, 408, 100, 348, 38, 204, 267, 405, 123, 482, 408, 230, 106, 274, 54, 229, 81, 395, 154, 492, 38, 204, 277, 472, 123, 49, 143, 350, 367, 94, 229, 131, 395, 154, 188, 38, 55, 472, 333, 123, 127, 474, 399, 408, 100, 348, 254, 26, 105, 444, 366, 293, 27, 154, 492, 38, 204, 191, 405, 123, 121, 143, 473, 367, 54, 229, 131, 395, 154, 348, 27, 53, 262, 126, 53, 262, 126, 444, 440, 350, 422, 245, 350, 422, 245, 263, 227, 51, 491, 131, 395, 154, 188, 38, 55, 472, 333, 123, 36, 465, 399, 408, 100, 348, 38, 204, 267, 405, 123, 482, 408, 230, 106, 274, 54, 229, 81, 395, 154, 492, 245, 263, 227, 51, 491, 131, 395, 154, 188, 38, 55, 378, 333, 123, 399, 408, 226, 348, 254, 26, 62, 444, 350, 437, 308, 127, 390, 14, 275, 96, 225, 26, 431, 384, 59, 472, 411, 123, 9, 55, 472, 333, 231, 127, 211, 399, 408, 226, 348, 38, 204, 267, 405, 123, 482, 408, 230, 106, 274, 54, 229, 131, 395, 154, 492, 38, 204, 191, 458, 123, 49, 143, 473, 367, 54, 152, 131, 395, 154, 188, 38, 55, 472, 333, 123, 36, 474, 59, 472, 411, 123, 9, 22, 399, 408, 143, 106, 26, 54, 229, 131, 395, 154, 355, 38, 204, 472, 405, 123, 9, 143, 474, 399, 408, 259, 68, 444, 366, 293, 27, 154, 492, 38, 204, 191, 405, 123, 49, 143, 473, 367, 54, 229, 131, 395, 154, 188, 38, 55, 472, 252, 123, 127, 474, 399, 408, 226, 348, 254, 26, 62, 444, 366, 293, 27, 78, 262, 126, 444, 22, 482, 408, 230, 106, 274, 54, 229, 131, 395, 154, 492, 38, 204, 191, 405, 123, 49, 143, 473, 96, 225, 26, 431, 384, 59, 472, 411, 123, 9, 22, 482, 408, 230, 106, 274, 54, 229, 131, 395, 154, 492, 38, 204, 267, 405, 123, 482, 408, 230, 106, 274, 54, 229, 131, 395, 154, 492, 38, 204, 191, 458, 123, 49, 143, 473, 367, 54, 229, 131, 395, 154, 188, 38, 55, 472, 333, 123, 127, 474, 399, 408, 100, 348, 254, 26, 105, 444, 366, 293, 27, 154, 492, 38, 204, 191, 405, 123, 49, 143, 473, 367, 54, 229, 131, 395, 154, 188, 38, 55, 472, 333, 123, 127, 474, 399, 408, 226, 348, 254, 26, 62, 444, 350, 437, 308, 127, 390, 14, 275, 96, 379, 84, 434, 479, 422, 330, 262, 355, 225, 488, 159, 280, 233, 108, 27, 116, 430, 234, 434, 479, 168, 330, 262, 96, 225, 26, 431, 384, 59, 472, 411, 123, 9, 22, 399, 408, 143, 106, 26, 54, 229, 131, 395, 154, 355, 38, 204, 472, 405, 123, 9, 143, 474, 399, 408, 259, 68, 336, 251, 254, 330, 334, 318, 417, 60, 89, 336, 234, 196, 131, 106, 388, 254, 361, 218, 394, 428, 444, 348, 60, 89, 336, 234, 196, 131, 106, 388, 254, 361, 218, 394, 428, 444, 348, 164, 361, 240, 387, 336, 254, 181, 257, 106, 325, 444, 298, 97, 364, 264, 55, 245, 222, 498, 48, 128, 416, 62, 192, 15, 478, 223, 204, 172, 194, 99, 372, 468, 92, 222, 264, 384, 208, 22, 308, 127, 390, 14, 275, 96, 25, 46, 49, 38, 236, 66, 366, 184, 258, 385, 157, 387, 153]
Tree:
None
Fitness on 5000 data:
-6.968572857021519

Fitness:
-6.5561461314926035