Generation:
500

Phenotype:
if burglary != 1 { 
   burglary = 0  - burglary;
  alarm = alarm + earthquake;
  burglary = earthquake + alarm;
  alarm = alarm;
  johncalls = 0  - 0; 
 } else { 
   burglary = earthquake; 
 } end if;

Genotype:
[79, 136, 19, 184, 236, 143, 367, 18, 214, 212, 184, 338, 143, 156, 182, 76, 348, 318, 205, 258, 286, 398, 232, 70, 350, 444, 229, 458, 424, 500, 204, 76, 348, 318, 205, 258, 286, 398, 232, 70, 350, 66, 458, 262, 234, 92, 0, 274, 99, 122, 359, 444, 229, 458, 424, 500, 98, 76, 348, 318, 92, 129, 286, 141, 232, 70, 217, 66, 458, 262, 391, 66, 458, 262, 234, 92, 0, 348, 318, 205, 76, 348, 318, 359, 444, 229, 16, 424, 315, 204, 342, 348, 318, 205, 205, 258, 286, 141, 232, 70, 391, 66, 458, 262, 234, 92, 0, 500, 204, 76, 348, 318, 205, 292, 153, 188, 298, 455, 426, 167, 446, 243, 132, 352, 478, 439, 261, 420, 336, 70, 141, 293, 211, 233, 384, 22, 357, 444, 498, 167, 10, 116, 313, 228, 392, 416, 488, 121, 30, 98, 108, 403, 221, 199, 90, 238, 169, 227, 103, 116, 326, 123, 373, 279, 275, 215, 483, 376, 225, 363, 51, 314, 293, 27, 481, 492, 20, 10, 232, 487, 457, 286, 30, 47, 381, 151, 463, 335, 362, 229, 474, 28, 233, 160, 279, 275, 215, 483, 376, 225, 363, 51, 314, 293, 27, 481, 492, 20, 10, 232, 487, 457, 286, 30, 47, 381, 151, 463, 335, 362, 229, 474, 28, 233, 160, 36, 158, 297, 356, 470, 201, 160, 112, 89, 476, 23, 151, 301, 304, 123, 85, 455, 333, 386, 200, 398, 7, 417, 362, 134, 267, 266, 314, 311, 498, 100, 451, 319]
Tree:
None
Fitness on 5000 data:
-inf

Fitness:
0.0