Generation:
500

Phenotype:
eyecolor = gm([0.4, 0, 0], [0.7, 1, 0]) + 1; 
 haircolor = gm([0.9, 0, 0], [0.1, 1, 0], [0.1, 2, 0], [0.2, 3, 0]) + gm([0.4, 0, 0], [0.1, 1, 0]); 
 hairlength = gm([0.9, 0, 0], [0.2, 1, 0], [0.7, 2, 0], [0.1, 3, 0]); 
 eyecolor = gm([0.9, 0, 0], [0.1, 1, 0], [0.1, 2, 0], [0.1, 3, 0]);

Genotype:
[431, 95, 390, 95, 390, 84, 69, 225, 131, 369, 306, 391, 251, 206, 306, 153, 460, 424, 110, 480, 444, 225, 92, 248, 105, 134, 224, 208, 348, 459, 168, 120, 217, 15, 392, 166, 325, 5, 206, 306, 153, 369, 166, 425, 313, 5, 206, 306, 153, 379, 424, 81, 480, 444, 338, 92, 172, 105, 134, 224, 455, 383, 459, 168, 444, 369, 166, 391, 5, 10, 390, 153, 460, 248, 105, 134, 224, 208, 148, 459, 5, 84, 491, 225, 444, 163, 460, 424, 110, 480, 444, 225, 92, 92, 217, 15, 392, 166, 325, 460, 424, 92, 248, 105, 159, 224, 110, 480, 444, 225, 92, 248, 105, 134, 224, 425, 313, 5, 206, 306, 153, 379, 424, 81, 480, 444, 338, 92, 172, 105, 134, 224, 455, 383, 459, 168, 120, 217, 15, 392, 86, 391, 328, 383, 369, 166, 391, 5, 206, 306, 153, 425, 424, 110, 480, 444, 225, 92, 248, 105, 134, 224, 455, 148, 459, 168, 120, 217, 15, 392, 166, 391, 5, 206, 306, 213, 459, 168, 120, 217, 213, 168, 376, 326, 105, 134]
Tree:
None
Fitness on 5000 data:
-2.7345346698765063

Fitness:
-2.3125114150856567