Generation:
500

Phenotype:
preplevel = 0 + gm([0.3, 0, 0], [0.1, 1, 0], [0.1, 2, 0]);
damage = gm([0.3, 0, 0], [0.7, 1, 0]);

Genotype:
[370, 442, 178, 84, 40, 417, 491, 325, 90, 165, 259, 209, 81, 243, 75, 178, 199, 359, 314, 110, 393, 454, 263, 294, 265, 150, 431, 252, 162, 109, 188, 411, 393, 325, 90, 317, 259, 105, 393, 453, 325, 90, 317, 259, 105, 393, 453, 75, 194, 176, 405, 319, 162, 109, 188, 108, 75, 194, 176, 405, 319, 162, 109, 188, 426, 75, 194, 176, 405, 178, 84]
Tree:
None
Fitness on 5000 data:
-1.6964150059665553

Fitness:
-1.5551750069670651