Generation:
500

Phenotype:
skill1 = uniform([12, 13.4], 1);
cond = skill1;
skill2 = uniform([12, 13.4], 2);
 cond = 1.3*skill2; 
cond = skill1 - cond; 
if cond > 0 { 
  p1wins = 1.0;
 } else { 
   p1wins = 0.0; 
 } end if;

Genotype:
[467, 383, 436, 158, 372, 18, 150, 342, 353, 165, 137, 426, 372, 203, 336, 342, 219, 336, 426, 144, 372, 18, 336, 342, 325, 342, 336, 342, 353, 165, 137, 426, 273, 18, 336, 342, 325, 490, 336, 342, 51, 165, 137, 426, 342, 182, 158, 372, 165, 137, 426, 372, 18, 336, 342, 325, 76, 336, 342, 449, 165, 137, 426, 76, 13, 342, 449, 165, 137, 426, 372, 114, 336, 187, 175, 202, 450, 323, 27, 180, 22, 325, 76, 336, 474, 474, 449, 296, 22, 17, 464, 52, 190, 385, 308, 68, 220, 28, 471, 192, 283, 481, 385, 308, 68, 220, 28, 471, 192, 283, 481, 441, 32, 417, 418, 177, 233, 294, 296, 400, 323, 271, 52, 110, 190, 292, 26, 459, 385, 378]
Tree:
None
Fitness on 5000 data:
-5.9460545807876715

Fitness:
-5.612625810756515