Generation:
500

Phenotype:
contentDifficulty = contentDifficulty  - gm([0, 29, 18.5], [26, 0, 6], [0.1, 25.5, 26]);
questionsAfterLectureLength = 12  * bern(0.9) + contentDifficulty;
contentDifficulty = uniform([16, 23.8], 1) + bern(0.8);;

Genotype:
[55, 112, 96, 276, 106, 29, 150, 252, 32, 456, 497, 123, 372, 403, 26, 91, 137, 204, 148, 73, 446, 460, 362, 372, 124, 285, 14, 337, 403, 126, 81, 242, 148, 130, 367, 294, 19, 265, 259, 241, 291, 247, 215, 18, 344, 474, 42, 468, 465, 26, 178, 330, 362, 140, 289, 333, 259, 404, 120, 247, 430, 372, 124, 285, 14, 337, 403, 27, 41, 242, 148, 403, 26, 166, 287, 204, 371, 73, 285, 460, 362, 166, 139, 204, 371, 73, 446, 460, 362, 372, 118, 285, 14, 133, 26, 400, 333, 236, 74, 11, 198, 382, 27, 416, 191, 27, 81, 242, 192, 130, 367, 294, 19, 265, 259, 241, 291, 247]
Tree:
None
Fitness on 5000 data:
-6.518544478107732

Fitness:
-6.343809183751579