Generation:
500

Phenotype:
skill2 = gm([13.7, 18.1, 2.6], [27, 22.2, 3], [4.8, 21, 6.2]) + bern(0.1);
skill1 = 2  * bern(0.3) + uniform([13, 12.1], 1);
if skill1-skill2 > 0 { 
  p1wins = 1.0;
 } else { 
   p1wins = 0.0; 
 } end if;

Genotype:
[52, 26, 448, 33, 34, 139, 60, 297, 181, 157, 106, 177, 121, 297, 126, 461, 498, 140, 57, 254, 430, 273, 363, 28, 400, 313, 256, 287, 376, 169, 284, 331, 199, 223, 136, 201, 99, 18, 405, 30, 108, 132, 157, 178, 498, 131, 47, 114, 386, 354, 317, 136, 108, 392, 392, 128, 455, 448, 33, 34, 139, 60, 297, 181, 89, 67, 408, 428, 111, 123, 341, 93, 126, 84, 21, 475, 54, 495, 89, 368, 477, 317, 136, 70, 420, 392, 250, 405, 30, 166, 132, 290, 406, 149, 89, 174, 408, 428, 111, 123, 341, 93, 65, 84, 122, 59, 47, 277, 138, 354, 293, 457, 215, 388, 204, 148, 496, 414, 188, 230, 353, 131, 164, 464]
Tree:
None
Fitness on 5000 data:
-5.644142358129966

Fitness:
-5.495596408306414