Generation:
500

Phenotype:
skill1 = uniform([14, 9.9], 1);
skill2 = gm([15, 13, 14.1], [26, 18.7, 3]);
if skill1-skill2 > 0 { 
  p1wins = 1.0;
 } else { 
   p1wins = 0.0; 
 } end if;

Genotype:
[106, 170, 142, 157, 330, 171, 246, 230, 107, 123, 350, 8, 168, 483, 408, 156, 64, 27, 174, 436, 309, 330, 15, 246, 230, 307, 355, 315, 66, 22, 57, 321, 390, 105, 4, 282, 395, 106, 126, 57, 367, 484, 90, 19, 285, 281, 181, 331, 66, 167, 249, 425, 211, 1, 178, 62, 31, 488, 179, 127, 104, 349, 26, 378, 328, 195]
Tree:
None
Fitness on 5000 data:
-6.132663856149906

Fitness:
-5.650928350680452