Generation:
500

Phenotype:
mu = 2  * uniform([25, 2], 4)  - gm([28, 30.9, 4.2]); 
sigma = gm([20, 27, 21]); 
x = uniform([26, 10.4], 2) + 29  * gm([1, 22, 8.4]);
x = gm([25.1, 26.3, 3.5])  - 4;
sigma = uniform([0, 4], 1);;

Genotype:
[482, 71, 61, 250, 461, 25, 314, 415, 375, 87, 94, 204, 16, 59, 457, 185, 179, 25, 314, 415, 36, 87, 61, 250, 122, 392, 444, 244, 272, 207, 376, 342, 407, 88, 407, 196, 327, 201, 190, 339, 166, 342, 58, 342, 36, 146, 217, 318, 201, 308, 344, 462, 254, 185, 444, 244, 272, 125, 335, 135, 407, 88, 407, 383, 127, 346, 191, 344, 190, 339, 298, 342, 58, 342, 36, 467, 217, 318, 138, 0, 202, 335, 467, 217, 318, 138, 477, 214, 153, 481, 246, 305, 296, 76, 129, 449, 451, 147, 310, 314, 132]
Tree:
None
Fitness on 5000 data:
-6.825410244687732

Fitness:
-6.451535558993928