Generation:
500

Phenotype:
b = 17  * uniform([10, 26.2], 1) + 27  * gm([20.5, 8, 5], [11, 9.6, 23], [8.9, 15.2, 9]);
a = uniform([29, 7], 4)  - uniform([29, 15.1], 3);
b = 25 * 29  - 17  * b;
b = 4;
b = 14  - uniform([5, 15.2], 3);
a = a + 15  * gm([3.3, 29, 15.1]);
a = 28  * uniform([22, 4], 1) + 15 * 6;
a = uniform([20, 5], 3)  - gm([16, 20, 3.1]);;

Genotype:
[321, 170, 352, 430, 319, 340, 370, 141, 458, 134, 375, 26, 370, 4, 121, 306, 340, 11, 141, 330, 319, 158, 225, 224, 98, 13, 170, 352, 325, 319, 158, 26, 488, 370, 233, 132, 98, 13, 170, 352, 430, 319, 158, 26, 488, 238, 200, 225, 95, 370, 86, 375, 139, 273, 302, 370, 141, 46, 441, 130, 158, 340, 4, 121, 338, 218, 117, 459, 370, 295, 141, 195, 441, 130, 314, 294, 1, 30, 326, 130, 314, 340, 90, 121, 338, 482, 394, 262, 30, 224, 98, 387, 170, 352, 430, 175, 158, 175, 436, 370, 141, 132, 98, 13, 170, 352, 430, 319, 158, 11, 488, 370, 141, 46, 441, 130, 158, 340, 4, 121, 338, 218, 394, 262, 30, 224, 86, 375, 139, 409, 240, 302, 342, 284, 86, 375, 26, 485, 270, 13, 170, 291, 70, 202, 352, 202, 352, 82, 319, 158, 225, 488, 370, 86, 375, 46, 441, 130, 158, 340, 4, 260, 338, 218, 394, 262, 30, 224, 86, 375, 139, 409, 240, 302, 169, 284, 86, 375, 26, 485, 270, 13, 170, 472, 70, 202, 352, 202, 352, 82, 319, 158, 225, 488, 370, 86, 375, 139, 273, 240, 302, 239, 303, 171, 327, 178, 330, 381, 269, 26, 472, 391, 417, 431, 486, 184, 220, 191, 325, 32, 470, 270, 444, 345, 27, 389, 11, 223, 23, 46, 458, 20, 161, 353, 296, 114, 486, 13, 137, 198, 399, 267]
Tree:
None
Fitness on 5000 data:
-5.936114002180636

Fitness:
-5.335026749512795