Generation:
500

Phenotype:
a = 24 + 7  * gm([13.3, 18, 2.7]);
b = gm([22, 1.7, 5], [24, 7.7, 1.2]);
a = uniform([23, 5], 1)  - 24;;

Genotype:
[448, 164, 402, 360, 196, 85, 164, 402, 86, 310, 162, 382, 84, 233, 137, 164, 408, 204, 233, 498, 249, 239, 456, 156, 185, 426, 162, 382, 357, 14, 239, 47, 156, 186, 164, 129, 204, 410, 489, 173, 224, 267, 197, 32, 37, 426, 344, 340, 84, 38, 18, 185, 426, 162, 382, 84, 38, 458, 86, 249, 239, 156, 410, 131, 47, 194, 16, 69, 32, 194, 360, 360, 32, 86, 426, 162, 382, 84, 38, 18, 32, 86, 119, 347, 68, 86, 267, 162, 382, 84, 38, 18, 367, 172, 475, 422, 493, 113, 461, 470, 4, 252, 285, 40, 182, 144, 318, 184, 304, 6, 314, 239, 360, 2, 211, 204, 345, 201, 203, 131, 267, 462, 330, 215]
Tree:
None
Fitness on 5000 data:
-4.758437969342655

Fitness:
-4.659039190228784