Generation:
500

Phenotype:
skill1 = gm([0.5, 17, 6]); 
skill2 = uniform([28, 16.4], 4) + 12  * uniform([1, 1.3], 4);
skill2 = gm([30, 21, 4.1], [1.9, 25, 18]); 
if 10 * gm([28.9, 26, 10]) + gm([9, 1, 3], [28, 17.7, 2.1], [13, 29.1, 21], [6, 26.2, 1.5]) < 25 { 
  p1wins = 1;
 } else { 
   p1wins = 0; 
 } end if;

Genotype:
[293, 0, 228, 141, 238, 9, 217, 373, 446, 451, 422, 130, 241, 252, 90, 276, 123, 202, 489, 187, 196, 322, 178, 373, 5, 435, 245, 155, 450, 62, 99, 281, 288, 297, 217, 373, 418, 123, 464, 114, 227, 252, 171, 276, 399, 373, 107, 468, 397, 440, 235, 295, 17, 483, 227, 241, 252, 417, 276, 323, 202, 26, 420, 196, 322, 142, 241, 141, 238, 9, 302, 373, 446, 468, 397, 440, 152, 295, 17, 483, 227, 33, 252, 417, 276, 323, 47, 339, 468, 234, 238, 420, 26, 316, 235, 181, 397, 323, 373, 184, 468, 397, 440, 23, 295, 17, 483, 227, 33, 70, 15, 409, 452, 231, 135, 49, 238, 420, 26, 316, 304, 468, 397, 412, 322, 155, 450, 320, 493, 281, 123, 276, 323, 373, 339, 468, 397, 440, 152, 295, 17, 483, 227, 33, 252, 417, 276, 323, 489, 295, 17, 483, 227, 23, 252, 417, 31, 245, 155, 450, 62, 493, 281, 123, 297, 217, 373, 446, 123, 422, 114, 227, 252, 417, 276, 323, 373, 339, 468, 397, 107, 489, 295, 17, 483, 227, 397, 323, 373, 335, 468, 397, 440, 23, 295, 17, 483, 227, 33, 70, 15, 409, 452, 231, 135, 49, 238, 420, 26, 316, 304, 468, 397, 412, 23, 295, 373, 5, 31, 355, 155, 450, 320, 493, 281, 123, 15, 409, 452, 402, 323, 31, 338, 143, 196, 322, 142, 18, 456, 152, 158, 330, 329, 159, 450, 284, 98, 257, 412, 93, 360, 84]
Tree:
None
Fitness on 5000 data:
-6.411160372703705

Fitness:
-5.951136500860881