Generation:
500

Phenotype:
x = 25  - 5  * uniform([0, 1.8], 1);
mu = uniform([16, 8], 1)  - sigma;
sigma = 18  - gm([29, 16.2, 1]);

Genotype:
[173, 184, 200, 181, 44, 368, 350, 346, 211, 451, 253, 140, 62, 171, 404, 268, 312, 386, 370, 240, 368, 369, 128, 264, 0, 457, 464, 414, 63, 322, 96, 428, 498, 121, 65, 143, 252, 18, 339, 40, 98, 472, 215, 203, 171, 73, 44, 156, 386, 370, 240, 325, 369, 200, 264, 0, 276, 468, 414, 63, 322, 96, 428, 40, 241, 32, 370, 4, 275, 206, 251, 333, 303, 468, 219, 396, 281, 351, 117, 454, 473, 267, 226, 335, 321, 304, 336, 269, 117, 18, 34, 40, 241, 32, 177, 379, 406, 414, 455, 151, 4, 275, 206, 251, 333, 303, 468, 219, 396, 281]
Tree:
None
Fitness on 5000 data:
-7.224506616110314

Fitness:
-6.737948295327162